# ADIPLS gamma1,rho kernel K_(Gamma1,rho)(r) for Model S
# Code: ADIPLS (bundled with MESA 26.04.1), igm1kr=1, variational, istsbc=1, icow=0, mdintg=5
# Model: fgong.l5bi.d.15c (md5 8a076ec1810e9871cdf21f6ecdf72016), G=6.67430e-8 cgs
# Mode: l=0 n=22 nu=3174.5615 uHz
# ADIPLS convention: delta(omega)/omega = INTEGRAL[ K * delta(Gamma1) * dx ], x=r/R  (ABSOLUTE delta Gamma1; see README.md)
# columns: x=r/R    K_gamma1_rho
0.00000000 0.00000000e+00
0.00139108 1.83706273e-03
0.00140979 1.86245386e-03
0.00142875 1.88836569e-03
0.00144796 1.91480789e-03
0.00146744 1.94179335e-03
0.00148717 1.96933353e-03
0.00150717 1.99744023e-03
0.00152744 2.02612688e-03
0.00154798 2.05540719e-03
0.00156880 2.08529475e-03
0.00158990 2.11580339e-03
0.00161128 2.14694668e-03
0.00163295 2.17873917e-03
0.00165491 2.21119654e-03
0.00167716 2.24433456e-03
0.00169972 2.27816719e-03
0.00172258 2.31271273e-03
0.00174574 2.34798593e-03
0.00176922 2.38400353e-03
0.00179301 2.42078378e-03
0.00181713 2.45834408e-03
0.00184156 2.49670278e-03
0.00186633 2.53587851e-03
0.00189143 2.57589012e-03
0.00191686 2.61675804e-03
0.00194264 2.65849933e-03
0.00196877 2.70113622e-03
0.00199525 2.74468938e-03
0.00202208 2.78918143e-03
0.00204927 2.83463330e-03
0.00207683 2.88106917e-03
0.00210476 2.92851246e-03
0.00213306 2.97698615e-03
0.00216175 3.02651500e-03
0.00219082 3.07712321e-03
0.00222029 3.12883623e-03
0.00225014 3.18168149e-03
0.00228040 3.23568481e-03
0.00231107 3.29087453e-03
0.00234215 3.34727811e-03
0.00237365 3.40492262e-03
0.00240557 3.46384108e-03
0.00243792 3.52406277e-03
0.00247071 3.58561870e-03
0.00250394 3.64854015e-03
0.00253761 3.71286085e-03
0.00257174 3.77861425e-03
0.00260632 3.84583408e-03
0.00264137 3.91455620e-03
0.00267689 3.98481618e-03
0.00271289 4.05665046e-03
0.00274938 4.13009900e-03
0.00278635 4.20519932e-03
0.00282382 4.28199197e-03
0.00286180 4.36051760e-03
0.00290029 4.44081748e-03
0.00293929 4.52293599e-03
0.00297882 4.60691574e-03
0.00301888 4.69280311e-03
0.00305948 4.78064391e-03
0.00310062 4.87048548e-03
0.00314232 4.96237484e-03
0.00318458 5.05636409e-03
0.00322741 5.15250524e-03
0.00327081 5.25084852e-03
0.00331480 5.35144647e-03
0.00335938 5.45435707e-03
0.00340455 5.55963650e-03
0.00345034 5.66733967e-03
0.00349674 5.77752667e-03
0.00354377 5.89026039e-03
0.00359142 6.00560357e-03
0.00363972 6.12361763e-03
0.00368867 6.24436823e-03
0.00373828 6.36792093e-03
0.00378855 6.49434814e-03
0.00383950 6.62371987e-03
0.00389113 6.75610510e-03
0.00394346 6.89157933e-03
0.00399649 7.03022140e-03
0.00405024 7.17210526e-03
0.00410471 7.31730963e-03
0.00415991 7.46591835e-03
0.00421585 7.61801563e-03
0.00427255 7.77368555e-03
0.00433000 7.93301445e-03
0.00438823 8.09609915e-03
0.00444725 8.26302415e-03
0.00450705 8.43388672e-03
0.00456766 8.60878296e-03
0.00462909 8.78781454e-03
0.00469134 8.97108224e-03
0.00475443 9.15868882e-03
0.00481837 9.35074115e-03
0.00488316 9.54735009e-03
0.00494883 9.74862545e-03
0.00501538 9.95468130e-03
0.00508283 1.01656406e-02
0.00515118 1.03816173e-02
0.00522045 1.06027372e-02
0.00529065 1.08291249e-02
0.00536180 1.10609126e-02
0.00543390 1.12982312e-02
0.00550697 1.15412183e-02
0.00558102 1.17900087e-02
0.00565607 1.20447508e-02
0.00573213 1.23055854e-02
0.00580921 1.25726649e-02
0.00588732 1.28461332e-02
0.00596649 1.31261552e-02
0.00604672 1.34128884e-02
0.00612802 1.37064963e-02
0.00621042 1.40071519e-02
0.00629393 1.43150223e-02
0.00637856 1.46302822e-02
0.00646433 1.49531031e-02
0.00655124 1.52836778e-02
0.00663933 1.56222024e-02
0.00672860 1.59688587e-02
0.00681907 1.63238460e-02
0.00691075 1.66873686e-02
0.00700366 1.70596183e-02
0.00709783 1.74408251e-02
0.00719325 1.78312021e-02
0.00728996 1.82309493e-02
0.00738796 1.86403069e-02
0.00748729 1.90595124e-02
0.00758794 1.94887912e-02
0.00768994 1.99283774e-02
0.00779332 2.03785305e-02
0.00789808 2.08394880e-02
0.00800425 2.13115141e-02
0.00811184 2.17948730e-02
0.00822087 2.22898267e-02
0.00833136 2.27966482e-02
0.00844334 2.33156173e-02
0.00855682 2.38470243e-02
0.00867182 2.43911491e-02
0.00878835 2.49482894e-02
0.00890645 2.55187446e-02
0.00902614 2.61028307e-02
0.00914742 2.67008732e-02
0.00927033 2.73131680e-02
0.00939488 2.79400469e-02
0.00952110 2.85818470e-02
0.00964901 2.92389102e-02
0.00977863 2.99115899e-02
0.00990998 3.06002162e-02
0.01004309 3.13051593e-02
0.01017797 3.20267727e-02
0.01031466 3.27654381e-02
0.01045317 3.35215337e-02
0.01059352 3.42954261e-02
0.01073575 3.50875137e-02
0.01087988 3.58982104e-02
0.01102593 3.67278966e-02
0.01117392 3.75769863e-02
0.01132388 3.84458734e-02
0.01147584 3.93349935e-02
0.01162981 4.02447716e-02
0.01178583 4.11756402e-02
0.01194393 4.21280263e-02
0.01210412 4.31023918e-02
0.01226643 4.40991613e-02
0.01243090 4.51187977e-02
0.01259754 4.61617303e-02
0.01276639 4.72284363e-02
0.01293747 4.83193905e-02
0.01311080 4.94350770e-02
0.01328642 5.05759413e-02
0.01346436 5.17424394e-02
0.01364464 5.29350587e-02
0.01382728 5.41543022e-02
0.01401233 5.54006575e-02
0.01419980 5.66745702e-02
0.01438973 5.79765103e-02
0.01458213 5.93070095e-02
0.01477705 6.06665466e-02
0.01497452 6.20555752e-02
0.01517455 6.34745847e-02
0.01537717 6.49240375e-02
0.01558243 6.64044131e-02
0.01579034 6.79162058e-02
0.01600094 6.94598455e-02
0.01621425 7.10358111e-02
0.01643031 7.26445609e-02
0.01664913 7.42865045e-02
0.01687076 7.59620576e-02
0.01709522 7.76716970e-02
0.01732253 7.94157623e-02
0.01755273 8.11946679e-02
0.01778584 8.30088173e-02
0.01802189 8.48585809e-02
0.01826091 8.67442717e-02
0.01850292 8.86662079e-02
0.01874796 9.06247226e-02
0.01899604 9.26200736e-02
0.01924720 9.46525158e-02
0.01950146 9.67222520e-02
0.01975883 9.88295070e-02
0.02001936 1.00974483e-01
0.02028306 1.03157284e-01
0.02054995 1.05377930e-01
0.02082005 1.07636565e-01
0.02109339 1.09933213e-01
0.02136999 1.12267809e-01
0.02164986 1.14640331e-01
0.02193302 1.17050639e-01
0.02221950 1.19498555e-01
0.02250930 1.21983917e-01
0.02280244 1.24506418e-01
0.02309893 1.27065660e-01
0.02339879 1.29661359e-01
0.02370203 1.32293054e-01
0.02400865 1.34960201e-01
0.02431867 1.37662284e-01
0.02463209 1.40398563e-01
0.02494891 1.43168380e-01
0.02526915 1.45971011e-01
0.02559279 1.48805492e-01
0.02591984 1.51670894e-01
0.02625029 1.54566204e-01
0.02658415 1.57490372e-01
0.02692140 1.60442233e-01
0.02726205 1.63420350e-01
0.02760607 1.66423539e-01
0.02795345 1.69450423e-01
0.02830418 1.72499316e-01
0.02865825 1.75568678e-01
0.02901563 1.78656808e-01
0.02937632 1.81762078e-01
0.02974027 1.84882449e-01
0.03010748 1.88016069e-01
0.03047790 1.91160860e-01
0.03085151 1.94314815e-01
0.03122829 1.97475593e-01
0.03160820 2.00641036e-01
0.03199120 2.03808827e-01
0.03237725 2.06976565e-01
0.03276633 2.10141744e-01
0.03315839 2.13301804e-01
0.03355338 2.16454105e-01
0.03395126 2.19596006e-01
0.03435199 2.22724780e-01
0.03475552 2.25837636e-01
0.03516181 2.28931889e-01
0.03557080 2.32004684e-01
0.03598244 2.35053001e-01
0.03639668 2.38073893e-01
0.03681346 2.41064485e-01
0.03723274 2.44021839e-01
0.03765447 2.46943020e-01
0.03807858 2.49824966e-01
0.03850501 2.52664650e-01
0.03893373 2.55459214e-01
0.03936466 2.58205667e-01
0.03979775 2.60901078e-01
0.04023296 2.63542359e-01
0.04067021 2.66126674e-01
0.04110945 2.68651196e-01
0.04155064 2.71113200e-01
0.04199371 2.73509811e-01
0.04243860 2.75838118e-01
0.04288527 2.78095647e-01
0.04333367 2.80279642e-01
0.04378373 2.82387666e-01
0.04423540 2.84417130e-01
0.04468864 2.86365448e-01
0.04514339 2.88230532e-01
0.04559961 2.90009981e-01
0.04605724 2.91701597e-01
0.04651624 2.93303399e-01
0.04697655 2.94813109e-01
0.04743815 2.96228797e-01
0.04790097 2.97548929e-01
0.04836499 2.98771553e-01
0.04883015 2.99895050e-01
0.04929642 3.00917857e-01
0.04976375 3.01838520e-01
0.05023212 3.02655634e-01
0.05070148 3.03368040e-01
0.05117180 3.03974597e-01
0.05164305 3.04474159e-01
0.05211519 3.04865854e-01
0.05258819 3.05148921e-01
0.05306202 3.05322593e-01
0.05353666 3.05386186e-01
0.05401207 3.05339071e-01
0.05448824 3.05181066e-01
0.05496514 3.04911793e-01
0.05544273 3.04531040e-01
0.05592099 3.04038682e-01
0.05639992 3.03434673e-01
0.05687949 3.02719189e-01
0.05735968 3.01892431e-01
0.05784047 3.00954594e-01
0.05832184 2.99906097e-01
0.05880379 2.98747563e-01
0.05928628 2.97479617e-01
0.05976932 2.96102805e-01
0.06025288 2.94617829e-01
0.06073696 2.93025729e-01
0.06122155 2.91327514e-01
0.06170664 2.89524092e-01
0.06219220 2.87616699e-01
0.06267824 2.85606557e-01
0.06316476 2.83494996e-01
0.06365174 2.81283333e-01
0.06413917 2.78973142e-01
0.06462705 2.76565838e-01
0.06511539 2.74063153e-01
0.06560416 2.71466969e-01
0.06609337 2.68778879e-01
0.06658302 2.66000792e-01
0.06707311 2.63134680e-01
0.06756363 2.60182544e-01
0.06805458 2.57146628e-01
0.06854596 2.54028885e-01
0.06903777 2.50831524e-01
0.06953002 2.47556878e-01
0.07002271 2.44207309e-01
0.07051583 2.40785283e-01
0.07100938 2.37293118e-01
0.07150339 2.33733404e-01
0.07199783 2.30108761e-01
0.07249272 2.26421819e-01
0.07298807 2.22675282e-01
0.07348387 2.18871781e-01
0.07398014 2.15014125e-01
0.07447687 2.11105205e-01
0.07497408 2.07147875e-01
0.07547176 2.03145092e-01
0.07596993 1.99099817e-01
0.07646859 1.95014933e-01
0.07696776 1.90893584e-01
0.07746744 1.86738819e-01
0.07796764 1.82553644e-01
0.07846837 1.78341289e-01
0.07896963 1.74105037e-01
0.07947144 1.69847915e-01
0.07997381 1.65573185e-01
0.08047674 1.61284093e-01
0.08098024 1.56984056e-01
0.08148432 1.52676251e-01
0.08198902 1.48363962e-01
0.08249433 1.44050620e-01
0.08300025 1.39739537e-01
0.08350680 1.35434096e-01
0.08401400 1.31137717e-01
0.08452187 1.26853736e-01
0.08503040 1.22585578e-01
0.08553960 1.18336803e-01
0.08604950 1.14110739e-01
0.08656011 1.09910794e-01
0.08707143 1.05740424e-01
0.08758349 1.01603010e-01
0.08809629 9.75020561e-02
0.08860985 9.34409880e-02
0.08912419 8.94231593e-02
0.08963932 8.54519576e-02
0.09015524 8.15308683e-02
0.09067198 7.76632461e-02
0.09118955 7.38524862e-02
0.09170796 7.01019306e-02
0.09222723 6.64148940e-02
0.09274738 6.27946937e-02
0.09326842 5.92446626e-02
0.09379036 5.57680358e-02
0.09431322 5.23680359e-02
0.09483702 4.90479252e-02
0.09536178 4.58108063e-02
0.09588750 4.26598607e-02
0.09641421 3.95981812e-02
0.09694191 3.66288154e-02
0.09747064 3.37547848e-02
0.09800041 3.09790249e-02
0.09853124 2.83044954e-02
0.09906314 2.57340537e-02
0.09959612 2.32705008e-02
0.10013022 2.09166165e-02
0.10066545 1.86750632e-02
0.10120182 1.65484865e-02
0.10173936 1.45394730e-02
0.10227809 1.26505192e-02
0.10281802 1.08840557e-02
0.10335917 9.24243131e-03
0.10390157 7.72791731e-03
0.10444523 6.34272501e-03
0.10499018 5.08896419e-03
0.10553644 3.96866413e-03
0.10608402 2.98376532e-03
0.10663294 2.13611166e-03
0.10718324 1.42744874e-03
0.10773492 8.59428602e-04
0.10828802 4.33598883e-04
0.10884255 1.51394549e-04
0.10939854 1.41479168e-05
0.10995601 2.30765402e-05
0.11051498 1.79279012e-04
0.11107547 4.83733100e-04
0.11163750 9.37292879e-04
0.11220111 1.54068559e-03
0.11276631 2.29450727e-03
0.11333313 3.19921972e-03
0.11390159 4.25514299e-03
0.11447172 5.46245291e-03
0.11504354 6.82117870e-03
0.11561706 8.33120038e-03
0.11619233 9.99224924e-03
0.11676936 1.18038989e-02
0.11734817 1.37655491e-02
0.11792880 1.58764352e-02
0.11851127 1.81356500e-02
0.11909560 2.05420889e-02
0.11968183 2.30944619e-02
0.12026996 2.57913137e-02
0.12086003 2.86309932e-02
0.12145207 3.16116718e-02
0.12204610 3.47313311e-02
0.12264215 3.79877588e-02
0.12324024 4.13785242e-02
0.12384040 4.49010270e-02
0.12444266 4.85524469e-02
0.12504705 5.23297782e-02
0.12565359 5.62297763e-02
0.12626230 6.02489412e-02
0.12687321 6.43835905e-02
0.12748635 6.86298672e-02
0.12810174 7.29836612e-02
0.12871941 7.74406327e-02
0.12933939 8.19962421e-02
0.12996170 8.66456963e-02
0.13058637 9.13839616e-02
0.13121342 9.62058554e-02
0.13184288 1.01105884e-01
0.13247477 1.06078307e-01
0.13310912 1.11117240e-01
0.13374596 1.16216591e-01
0.13438529 1.21369947e-01
0.13502716 1.26570719e-01
0.13567159 1.31812064e-01
0.13631860 1.37086931e-01
0.13696820 1.42388139e-01
0.13762044 1.47708211e-01
0.13827532 1.53039478e-01
0.13893287 1.58374108e-01
0.13959311 1.63704066e-01
0.14025607 1.69021093e-01
0.14092176 1.74316755e-01
0.14159020 1.79582476e-01
0.14226141 1.84809424e-01
0.14293542 1.89988750e-01
0.14361223 1.95111526e-01
0.14429188 2.00168564e-01
0.14497437 2.05150536e-01
0.14565971 2.10047998e-01
0.14634794 2.14851568e-01
0.14703905 2.19551878e-01
0.14773307 2.24139065e-01
0.14843000 2.28603768e-01
0.14912986 2.32936298e-01
0.14983267 2.37126967e-01
0.15053843 2.41166346e-01
0.15124715 2.45044904e-01
0.15195884 2.48753232e-01
0.15267351 2.52281797e-01
0.15339115 2.55621483e-01
0.15411179 2.58763334e-01
0.15483541 2.61698382e-01
0.15556203 2.64417831e-01
0.15629164 2.66913216e-01
0.15702424 2.69176318e-01
0.15775982 2.71199270e-01
0.15849839 2.72974520e-01
0.15923995 2.74494714e-01
0.15998448 2.75753043e-01
0.16073197 2.76743095e-01
0.16148242 2.77458872e-01
0.16223583 2.77894888e-01
0.16299217 2.78046065e-01
0.16375143 2.77907962e-01
0.16451361 2.77477006e-01
0.16527867 2.76749723e-01
0.16604662 2.75723430e-01
0.16681743 2.74396316e-01
0.16759107 2.72767100e-01
0.16836754 2.70835265e-01
0.16914680 2.68601047e-01
0.16992884 2.66065498e-01
0.17071362 2.63230349e-01
0.17150113 2.60098260e-01
0.17229134 2.56672624e-01
0.17308421 2.52957786e-01
0.17387971 2.48958847e-01
0.17467783 2.44682021e-01
0.17547852 2.40134014e-01
0.17628175 2.35322730e-01
0.17708748 2.30256851e-01
0.17789570 2.24945952e-01
0.17870634 2.19400425e-01
0.17951939 2.13631686e-01
0.18033480 2.07651856e-01
0.18115254 2.01473920e-01
0.18197256 1.95111729e-01
0.18279485 1.88580016e-01
0.18361935 1.81894148e-01
0.18444604 1.75070159e-01
0.18527487 1.68124947e-01
0.18610582 1.61075993e-01
0.18693884 1.53941422e-01
0.18777389 1.46739996e-01
0.18861094 1.39491059e-01
0.18944994 1.32214356e-01
0.19029085 1.24930168e-01
0.19113364 1.17659023e-01
0.19197826 1.10421942e-01
0.19282467 1.03240097e-01
0.19367283 9.61349018e-02
0.19452269 8.91277925e-02
0.19537421 8.22404136e-02
0.19622735 7.54943507e-02
0.19708207 6.89110098e-02
0.19793831 6.25117050e-02
0.19879604 5.63175232e-02
0.19965521 5.03491805e-02
0.20051579 4.46269512e-02
0.20137771 3.91706705e-02
0.20224096 3.39996153e-02
0.20310548 2.91324029e-02
0.20397125 2.45869502e-02
0.20483820 2.03803587e-02
0.20570633 1.65289167e-02
0.20657557 1.30479526e-02
0.20744590 9.95180132e-03
0.20831728 7.25373086e-03
0.20918967 4.96587632e-03
0.21006305 3.09918569e-03
0.21093738 1.66336127e-03
0.21181261 6.66806094e-04
0.21268873 1.16573772e-04
0.21356570 1.83240075e-05
0.21444349 3.76283232e-04
0.21532207 1.19320812e-03
0.21620140 2.47035526e-03
0.21708147 4.20745202e-03
0.21796223 6.40268218e-03
0.21884367 9.05266167e-03
0.21972575 1.21524362e-02
0.22060845 1.56954788e-02
0.22149175 1.96736679e-02
0.22237561 2.40773406e-02
0.22326002 2.88952639e-02
0.22414495 3.41146661e-02
0.22503037 3.97212891e-02
0.22591627 4.56993699e-02
0.22680263 5.20317151e-02
0.22768942 5.86997161e-02
0.22857661 6.56834529e-02
0.22946420 7.29616878e-02
0.23035216 8.05119662e-02
0.23124047 8.83106359e-02
0.23212912 9.63329626e-02
0.23301808 1.04553214e-01
0.23390734 1.12944703e-01
0.23479688 1.21479886e-01
0.23568668 1.30130501e-01
0.23657674 1.38867514e-01
0.23746703 1.47661424e-01
0.23835755 1.56482288e-01
0.23924829 1.65299753e-01
0.24013923 1.74083241e-01
0.24103037 1.82802063e-01
0.24192170 1.91425315e-01
0.24281323 1.99922514e-01
0.24370496 2.08263060e-01
0.24459689 2.16416899e-01
0.24548904 2.24354382e-01
0.24638142 2.32046352e-01
0.24727407 2.39464084e-01
0.24816700 2.46579931e-01
0.24906027 2.53367124e-01
0.24995391 2.59799442e-01
0.25084798 2.65851804e-01
0.25174254 2.71500427e-01
0.25263767 2.76722434e-01
0.25353346 2.81496448e-01
0.25442999 2.85801983e-01
0.25532737 2.89620225e-01
0.25622573 2.92933630e-01
0.25712518 2.95726115e-01
0.25802585 2.97983102e-01
0.25892788 2.99691561e-01
0.25983142 3.00839881e-01
0.26073660 3.01418185e-01
0.26164356 3.01418292e-01
0.26255244 3.00834013e-01
0.26346335 2.99660810e-01
0.26437642 2.97896386e-01
0.26529174 2.95540364e-01
0.26620938 2.92594777e-01
0.26712939 2.89064249e-01
0.26805179 2.84955809e-01
0.26897658 2.80279089e-01
0.26990370 2.75046613e-01
0.27083309 2.69273808e-01
0.27176462 2.62979405e-01
0.27269815 2.56185147e-01
0.27363349 2.48915924e-01
0.27457045 2.41199774e-01
0.27550879 2.33067630e-01
0.27644826 2.24553402e-01
0.27738859 2.15693673e-01
0.27832952 2.06527539e-01
0.27927079 1.97096180e-01
0.28021212 1.87442293e-01
0.28115327 1.77610348e-01
0.28209400 1.67645987e-01
0.28303409 1.57595549e-01
0.28397337 1.47505650e-01
0.28491166 1.37423210e-01
0.28584883 1.27395026e-01
0.28678477 1.17467303e-01
0.28771938 1.07685708e-01
0.28865262 9.80949196e-02
0.28958445 8.87386837e-02
0.29051484 7.96594127e-02
0.29144381 7.08981890e-02
0.29237136 6.24945160e-02
0.29329753 5.44863293e-02
0.29422236 4.69098260e-02
0.29514590 3.97992776e-02
0.29606821 3.31870489e-02
0.29698935 2.71034313e-02
0.29790938 2.15765554e-02
0.29882839 1.66323352e-02
0.29974642 1.22943264e-02
0.30066357 8.58366228e-03
0.30157988 5.51896766e-03
0.30249544 3.11626568e-03
0.30341031 1.38892326e-03
0.30432454 3.47563267e-04
0.30523821 1.08081405e-09
0.30615136 3.51190725e-04
0.30706406 1.40317470e-03
0.30797636 3.15504331e-03
0.30888831 5.60290688e-03
0.30979995 8.73987115e-03
0.31071133 1.25560328e-02
0.31162249 1.70384873e-02
0.31253347 2.21713346e-02
0.31344430 2.79357125e-02
0.31435503 3.43098529e-02
0.31526567 4.12691043e-02
0.31617626 4.87860295e-02
0.31708683 5.68304961e-02
0.31799741 6.53698037e-02
0.31890801 7.43686891e-02
0.31981865 8.37895852e-02
0.32072937 9.35925825e-02
0.32164018 1.03735781e-01
0.32255109 1.14175234e-01
0.32346212 1.24865297e-01
0.32437329 1.35758851e-01
0.32528461 1.46807277e-01
0.32619609 1.57960812e-01
0.32710775 1.69168818e-01
0.32801960 1.80379921e-01
0.32893165 1.91542019e-01
0.32984390 2.02602902e-01
0.33075637 2.13510512e-01
0.33166907 2.24212763e-01
0.33258200 2.34658230e-01
0.33349517 2.44796223e-01
0.33440859 2.54576879e-01
0.33532226 2.63951581e-01
0.33623620 2.72873199e-01
0.33715040 2.81296642e-01
0.33806487 2.89178483e-01
0.33897962 2.96477594e-01
0.33989465 3.03155291e-01
0.34080996 3.09175505e-01
0.34172557 3.14505189e-01
0.34264147 3.19114140e-01
0.34355767 3.22975757e-01
0.34447418 3.26066795e-01
0.34539098 3.28367366e-01
0.34630810 3.29861424e-01
0.34722552 3.30537175e-01
0.34814327 3.30386501e-01
0.34906133 3.29405242e-01
0.34997971 3.27593868e-01
0.35089841 3.24956607e-01
0.35181744 3.21502281e-01
0.35273679 3.17243766e-01
0.35365648 3.12198265e-01
0.35457649 3.06387266e-01
0.35549684 2.99836330e-01
0.35641753 2.92575293e-01
0.35733856 2.84637672e-01
0.35825993 2.76061137e-01
0.35918164 2.66886907e-01
0.36010370 2.57159765e-01
0.36102610 2.46927969e-01
0.36194886 2.36242767e-01
0.36287197 2.25158479e-01
0.36379544 2.13731986e-01
0.36471927 2.02022610e-01
0.36564346 1.90091812e-01
0.36656801 1.78002833e-01
0.36749292 1.65820305e-01
0.36841820 1.53610239e-01
0.36934385 1.41439261e-01
0.37026988 1.29374500e-01
0.37119627 1.17483278e-01
0.37212304 1.05832601e-01
0.37305019 9.44887179e-02
0.37397772 8.35169172e-02
0.37490563 7.29811075e-02
0.37583392 6.29434384e-02
0.37676260 5.34639763e-02
0.37769167 4.46001854e-02
0.37862113 3.64067279e-02
0.37955098 2.89350504e-02
0.38048122 2.22330696e-02
0.38141187 1.63448418e-02
0.38234291 1.13102693e-02
0.38327435 7.16479146e-03
0.38420619 3.93915743e-03
0.38513845 1.65916610e-03
0.38607110 3.45449651e-04
0.38700417 1.32923313e-05
0.38793765 6.72465247e-04
0.38887155 2.32709432e-03
0.38980586 4.97556108e-03
0.39074059 8.61043084e-03
0.39167574 1.32184255e-02
0.39261132 1.87803959e-02
0.39354732 2.52713866e-02
0.39448375 3.26607019e-02
0.39542060 4.09119931e-02
0.39635790 4.99833980e-02
0.39729563 5.98277497e-02
0.39823379 7.03926580e-02
0.39917240 8.16209824e-02
0.40011145 9.34509622e-02
0.40105095 1.05816478e-01
0.40199089 1.18647555e-01
0.40293129 1.31870634e-01
0.40387215 1.45408890e-01
0.40481346 1.59182788e-01
0.40575520 1.73110174e-01
0.40669745 1.87108731e-01
0.40764055 2.01098487e-01
0.40858429 2.14990334e-01
0.40952611 2.28661357e-01
0.41046221 2.41974504e-01
0.41139307 2.54859872e-01
0.41232541 2.67332708e-01
0.41326485 2.79383508e-01
0.41421026 2.90909139e-01
0.41515758 3.01777547e-01
0.41610492 3.11892806e-01
0.41705244 3.21188442e-01
0.41800047 3.29603952e-01
0.41894904 3.37080173e-01
0.41989812 3.43562766e-01
0.42084771 3.49004178e-01
0.42179781 3.53362631e-01
0.42274844 3.56603004e-01
0.42369959 3.58697110e-01
0.42465127 3.59623869e-01
0.42560347 3.59370341e-01
0.42655621 3.57930489e-01
0.42750948 3.55306653e-01
0.42846330 3.51508620e-01
0.42941766 3.46554507e-01
0.43037256 3.40470185e-01
0.43132801 3.33289881e-01
0.43228402 3.25055053e-01
0.43324059 3.15815057e-01
0.43419771 3.05626515e-01
0.43515540 2.94553426e-01
0.43611365 2.82666278e-01
0.43707248 2.70042151e-01
0.43803188 2.56763951e-01
0.43899186 2.42919999e-01
0.43995242 2.28603586e-01
0.44091357 2.13912507e-01
0.44187530 1.98947998e-01
0.44283762 1.83814492e-01
0.44380054 1.68618824e-01
0.44476406 1.53469363e-01
0.44572818 1.38475333e-01
0.44669291 1.23746086e-01
0.44765824 1.09390468e-01
0.44862419 9.55156003e-02
0.44959075 8.22265294e-02
0.45055793 6.96251397e-02
0.45152574 5.78095182e-02
0.45249417 4.68730279e-02
0.45346322 3.69037398e-02
0.45443291 2.79835704e-02
0.45540324 2.01876358e-02
0.45637421 1.35835646e-02
0.45734581 8.23088087e-03
0.45831807 4.18045354e-03
0.45929097 1.47398146e-03
0.46026452 1.43530275e-04
0.46123873 2.11146820e-04
0.46221359 1.68854208e-03
0.46318912 4.57684221e-03
0.46416531 8.86641974e-03
0.46514216 1.45368092e-02
0.46611969 2.15566939e-02
0.46709788 2.98839690e-02
0.46807675 3.94659514e-02
0.46905630 5.02395771e-02
0.47003653 6.21317524e-02
0.47101743 7.50597798e-02
0.47199903 8.89318604e-02
0.47298130 1.03647741e-01
0.47396427 1.19099239e-01
0.47494793 1.35171252e-01
0.47593227 1.51742149e-01
0.47691731 1.68685166e-01
0.47790304 1.85868898e-01
0.47888947 2.03158360e-01
0.47987659 2.20416401e-01
0.48086440 2.37504436e-01
0.48185291 2.54283662e-01
0.48284211 2.70616197e-01
0.48383201 2.86366145e-01
0.48482260 3.01401069e-01
0.48581390 3.15592901e-01
0.48680589 3.28818855e-01
0.48779857 3.40962932e-01
0.48879196 3.51917082e-01
0.48978604 3.61581821e-01
0.49078082 3.69867454e-01
0.49177629 3.76694711e-01
0.49277246 3.81996217e-01
0.49376933 3.85716541e-01
0.49476690 3.87813399e-01
0.49576516 3.88257981e-01
0.49676411 3.87035472e-01
0.49776375 3.84144984e-01
0.49876409 3.79600392e-01
0.49976511 3.73430403e-01
0.50076683 3.65678099e-01
0.50176922 3.56401090e-01
0.50277230 3.45671035e-01
0.50377605 3.33573446e-01
0.50478048 3.20207120e-01
0.50578558 3.05682925e-01
0.50679134 2.90123899e-01
0.50779777 2.73663574e-01
0.50880486 2.56445215e-01
0.50981260 2.38620540e-01
0.51082099 2.20348625e-01
0.51183003 2.01794492e-01
0.51283971 1.83127499e-01
0.51385002 1.64520074e-01
0.51486096 1.46145939e-01
0.51587253 1.28178676e-01
0.51688472 1.10790164e-01
0.51789752 9.41486485e-02
0.51891093 7.84173300e-02
0.51992494 6.37526236e-02
0.52093955 5.03026754e-02
0.52195474 3.82056803e-02
0.52297052 2.75885222e-02
0.52398687 1.85653952e-02
0.52500380 1.12364358e-02
0.52602128 5.68661226e-03
0.52703932 1.98464093e-03
0.52805791 1.82091773e-04
0.52907704 3.12640031e-04
0.53009670 2.39147583e-03
0.53111689 6.41488983e-03
0.53213759 1.23600477e-02
0.53315881 2.01849373e-02
0.53418052 2.98285236e-02
0.53520273 4.12110983e-02
0.53622543 5.42347731e-02
0.53724860 6.87842706e-02
0.53827224 8.47278095e-02
0.53929634 1.01918155e-01
0.54032089 1.20194024e-01
0.54134589 1.39381470e-01
0.54237132 1.59295504e-01
0.54339718 1.79741748e-01
0.54442346 2.00518455e-01
0.54545014 2.21418343e-01
0.54647723 2.42230818e-01
0.54750471 2.62743981e-01
0.54853258 2.82746888e-01
0.54956082 3.02031857e-01
0.55058943 3.20396452e-01
0.55161840 3.37645790e-01
0.55264772 3.53594927e-01
0.55367739 3.68070498e-01
0.55470738 3.80912787e-01
0.55573770 3.91977964e-01
0.55676835 4.01139632e-01
0.55779930 4.08290400e-01
0.55883055 4.13343031e-01
0.55986210 4.16232197e-01
0.56089393 4.16914958e-01
0.56192605 4.15371528e-01
0.56295843 4.11605893e-01
0.56399108 4.05646615e-01
0.56502398 3.97545777e-01
0.56605713 3.87379634e-01
0.56709050 3.75247299e-01
0.56812411 3.61270702e-01
0.56915793 3.45593161e-01
0.57019196 3.28377883e-01
0.57122619 3.09806559e-01
0.57226061 2.90077685e-01
0.57329521 2.69404609e-01
0.57432999 2.48013052e-01
0.57536493 2.26138593e-01
0.57640003 2.04024776e-01
0.57743528 1.81919931e-01
0.57847067 1.60074492e-01
0.57950620 1.38738376e-01
0.58054184 1.18158134e-01
0.58157760 9.85738159e-02
0.58261347 8.02164275e-02
0.58364944 6.33051265e-02
0.58468550 4.80445201e-02
0.58572164 3.46221105e-02
0.58675785 2.32060531e-02
0.58779412 1.39428744e-02
0.58883045 6.95560236e-03
0.58986683 2.34201535e-03
0.59090325 1.73243245e-04
0.59193969 4.92619724e-04
0.59297616 3.31487140e-03
0.59401263 8.62562113e-03
0.59504911 1.63812278e-02
0.59608558 2.65089774e-02
0.59712203 3.89076076e-02
0.59815846 5.34481967e-02
0.59919484 6.99753973e-02
0.60023118 8.83089648e-02
0.60126747 1.08245692e-01
0.60230369 1.29561523e-01
0.60333983 1.52013981e-01
0.60437589 1.75345027e-01
0.60541185 1.99283962e-01
0.60644770 2.23550378e-01
0.60748343 2.47857865e-01
0.60851904 2.71916852e-01
0.60955450 2.95438336e-01
0.61058981 3.18137963e-01
0.61162496 3.39738532e-01
0.61265993 3.59974200e-01
0.61369471 3.78594014e-01
0.61472929 3.95364444e-01
0.61576365 4.10072716e-01
0.61679779 4.22529775e-01
0.61783169 4.32573275e-01
0.61886532 4.40068680e-01
0.61989868 4.44912906e-01
0.62093174 4.47034270e-01
0.62196449 4.46394813e-01
0.62299691 4.42990804e-01
0.62402898 4.36852926e-01
0.62506069 4.28046438e-01
0.62609201 4.16670128e-01
0.62712293 4.02856414e-01
0.62815344 3.86769208e-01
0.62918350 3.68602185e-01
0.63021311 3.48576650e-01
0.63124224 3.26939235e-01
0.63227088 3.03958507e-01
0.63329899 2.79922133e-01
0.63432658 2.55133098e-01
0.63535360 2.29906219e-01
0.63638005 2.04563928e-01
0.63740590 1.79432190e-01
0.63843113 1.54836390e-01
0.63945573 1.31097244e-01
0.64047966 1.08526526e-01
0.64150291 8.74229176e-02
0.64252546 6.80679625e-02
0.64354728 5.07225122e-02
0.64456836 3.56229904e-02
0.64558866 2.29782766e-02
0.64660816 1.29666306e-02
0.64762681 5.73309215e-03
0.64864460 1.38733373e-03
0.64966147 2.00285491e-06
0.65067741 1.61151713e-03
0.65169238 6.21136733e-03
0.65270633 1.37579315e-02
0.65371924 2.41688247e-02
0.65473107 3.73237751e-02
0.65574178 5.30660084e-02
0.65675132 7.12041589e-02
0.65775967 9.15145884e-02
0.65876679 1.13744296e-01
0.65977262 1.37614064e-01
0.66077714 1.62822179e-01
0.66178031 1.89048461e-01
0.66278208 2.15958227e-01
0.66378244 2.43206847e-01
0.66478133 2.70444259e-01
0.66577874 2.97319886e-01
0.66677463 3.23486785e-01
0.66776897 3.48606744e-01
0.66876175 3.72354172e-01
0.66975294 3.94420988e-01
0.67074252 4.14520430e-01
0.67173046 4.32390786e-01
0.67271674 4.47798397e-01
0.67370134 4.60542409e-01
0.67468423 4.70455622e-01
0.67566537 4.77407639e-01
0.67664475 4.81306387e-01
0.67762230 4.82100118e-01
0.67859801 4.79777220e-01
0.67957181 4.74366784e-01
0.68054366 4.65938771e-01
0.68151348 4.54602827e-01
0.68248120 4.40506827e-01
0.68344673 4.23835128e-01
0.68440999 4.04806489e-01
0.68537089 3.83669968e-01
0.68632935 3.60701785e-01
0.68728531 3.36201898e-01
0.68823866 3.10489901e-01
0.68918934 2.83900586e-01
0.69013724 2.56779002e-01
0.69108227 2.29476106e-01
0.69202432 2.02344354e-01
0.69296329 1.75732647e-01
0.69389909 1.49980945e-01
0.69483158 1.25416708e-01
0.69576066 1.02350471e-01
0.69668622 8.10711205e-02
0.69760816 6.18422735e-02
0.69852633 4.48998944e-02
0.69944061 3.04492637e-02
0.70035085 1.86617907e-02
0.70125690 9.67330797e-03
0.70215856 3.58287235e-03
0.70305566 4.51379130e-04
0.70394810 3.01404360e-04
0.70483582 3.11889498e-03
0.70571868 8.85359532e-03
0.70659634 1.74179833e-02
0.70746856 2.86896955e-02
0.70833511 4.25152134e-02
0.70919573 5.87107619e-02
0.71005364 7.71443468e-02
0.71091383 9.77392719e-02
0.71177606 1.20304773e-01
0.71263786 1.44554360e-01
0.71349863 1.70208177e-01
0.71435837 1.96986846e-01
0.71521709 2.24598778e-01
0.71607477 2.52737199e-01
0.71693141 2.81087051e-01
0.71778702 3.09327762e-01
0.71864157 3.37137718e-01
0.71949508 3.64197575e-01
0.72034752 3.90193963e-01
0.72119891 4.14823345e-01
0.72204924 4.37795378e-01
0.72289849 4.58837270e-01
0.72374667 4.77696114e-01
0.72459377 4.94142621e-01
0.72543979 5.07974019e-01
0.72628472 5.19016868e-01
0.72712856 5.27129066e-01
0.72797130 5.32201793e-01
0.72881294 5.34162076e-01
0.72965347 5.32972537e-01
0.73049289 5.28632735e-01
0.73133120 5.21180457e-01
0.73216838 5.10690653e-01
0.73300444 4.97275057e-01
0.73383937 4.81081023e-01
0.73467317 4.62290610e-01
0.73550583 4.41119226e-01
0.73633734 4.17811816e-01
0.73716771 3.92641111e-01
0.73799692 3.65904524e-01
0.73882498 3.37921025e-01
0.73965188 3.09026771e-01
0.74047761 2.79571862e-01
0.74130217 2.49915798e-01
0.74212555 2.20423504e-01
0.74294776 1.91460668e-01
0.74376878 1.63389438e-01
0.74458861 1.36563921e-01
0.74540725 1.11325813e-01
0.74622469 8.80000512e-02
0.74704093 6.68906888e-02
0.74785597 4.82770571e-02
0.74866979 3.24099648e-02
0.74948240 1.95084772e-02
0.75029379 9.75686420e-03
0.75110395 3.30205764e-03
0.75191288 2.51487472e-04
0.75272059 6.71411176e-04
0.75352705 4.58573470e-03
0.75433227 1.19753460e-02
0.75513624 2.27779747e-02
0.75593897 3.68886290e-02
0.75674044 5.41604801e-02
0.75754065 7.44063355e-02
0.75833959 9.74006652e-02
0.75913727 1.22882101e-01
0.75993367 1.50556238e-01
0.76072880 1.80099294e-01
0.76152265 2.11161789e-01
0.76231521 2.43372744e-01
0.76310648 2.76344223e-01
0.76389646 3.09675799e-01
0.76468514 3.42959971e-01
0.76547252 3.75786802e-01
0.76625859 4.07749146e-01
0.76704335 4.38448331e-01
0.76782680 4.67498489e-01
0.76860892 4.94531983e-01
0.76938973 5.19204191e-01
0.77016920 5.41197863e-01
0.77094735 5.60227877e-01
0.77172416 5.76044264e-01
0.77249962 5.88436587e-01
0.77327375 5.97236428e-01
0.77404652 6.02319300e-01
0.77481794 6.03607581e-01
0.77558801 6.01071756e-01
0.77635671 5.94730782e-01
0.77712404 5.84651649e-01
0.77789001 5.70950142e-01
0.77865460 5.53788840e-01
0.77941782 5.33376077e-01
0.78017965 5.09962190e-01
0.78094010 4.83838408e-01
0.78169915 4.55332272e-01
0.78245681 4.24804216e-01
0.78321307 3.92642478e-01
0.78396793 3.59259192e-01
0.78472138 3.25084415e-01
0.78547342 2.90561248e-01
0.78622404 2.56140332e-01
0.78697325 2.22273641e-01
0.78772104 1.89408729e-01
0.78846739 1.57983051e-01
0.78921232 1.28418226e-01
0.78995582 1.01114645e-01
0.79069788 7.64457738e-02
0.79143850 5.47533738e-02
0.79217767 3.63427386e-02
0.79291539 2.14785950e-02
0.79365166 1.03813442e-02
0.79438648 3.22395384e-03
0.79511983 1.29355051e-04
0.79585172 1.16855819e-03
0.79658214 6.35938323e-03
0.79731109 1.56658961e-02
0.79803856 2.89985398e-02
0.79876455 4.62149726e-02
0.79948906 6.71215264e-02
0.80021208 9.14755603e-02
0.80093360 1.18988158e-01
0.80165363 1.49327729e-01
0.80237216 1.82124045e-01
0.80308918 2.16972913e-01
0.80380470 2.53441120e-01
0.80451870 2.91072131e-01
0.80523119 3.29391721e-01
0.80594216 3.67914275e-01
0.80665161 4.06148846e-01
0.80735953 4.43605929e-01
0.80806592 4.79803497e-01
0.80877078 5.14273597e-01
0.80947410 5.46568365e-01
0.81017588 5.76266123e-01
0.81087612 6.02976510e-01
0.81157482 6.26347322e-01
0.81227196 6.46067597e-01
0.81296755 6.61872944e-01
0.81366159 6.73548080e-01
0.81435406 6.80931688e-01
0.81504497 6.83917083e-01
0.81573432 6.82454746e-01
0.81642210 6.76552855e-01
0.81710830 6.66278649e-01
0.81779293 6.51756160e-01
0.81847598 6.33165312e-01
0.81915745 6.10740601e-01
0.81983733 5.84767139e-01
0.82051563 5.55578172e-01
0.82119233 5.23550283e-01
0.82186745 4.89098784e-01
0.82254096 4.52673115e-01
0.82321287 4.14750142e-01
0.82388318 3.75828729e-01
0.82455189 3.36422873e-01
0.82521898 2.97054813e-01
0.82588447 2.58248500e-01
0.82654834 2.20523221e-01
0.82721059 1.84386140e-01
0.82787122 1.50325692e-01
0.82853023 1.18805171e-01
0.82918761 9.02568746e-02
0.82984337 6.50761089e-02
0.83049750 4.36157603e-02
0.83115000 2.61817051e-02
0.83180086 1.30286446e-02
0.83245008 4.35655316e-03
0.83309767 3.07882412e-04
0.83374362 9.65512110e-04
0.83438792 6.35142164e-03
0.83503058 1.64262005e-02
0.83567159 3.10893730e-02
0.83631095 5.01805039e-02
0.83694867 7.34811489e-02
0.83758473 1.00717505e-01
0.83821913 1.31563769e-01
0.83885188 1.65646476e-01
0.83948297 2.02548567e-01
0.84011240 2.41815652e-01
0.84074017 2.82960959e-01
0.84136627 3.25471930e-01
0.84199071 3.68816917e-01
0.84261348 4.12451473e-01
0.84323459 4.55826137e-01
0.84385402 4.98392673e-01
0.84447178 5.39612538e-01
0.84508787 5.78961340e-01
0.84570228 6.15937766e-01
0.84631501 6.50069316e-01
0.84692607 6.80918586e-01
0.84753545 7.08089816e-01
0.84814314 7.31232923e-01
0.84874916 7.50048997e-01
0.84935349 7.64292876e-01
0.84995613 7.73777856e-01
0.85055709 7.78377748e-01
0.85115636 7.78028157e-01
0.85175394 7.72727946e-01
0.85234982 7.62539264e-01
0.85294402 7.47586989e-01
0.85353652 7.28056197e-01
0.85412733 7.04191831e-01
0.85471645 6.76293973e-01
0.85530386 6.44714673e-01
0.85588958 6.09853874e-01
0.85647360 5.72154119e-01
0.85705593 5.32094989e-01
0.85763655 4.90186823e-01
0.85821547 4.46964629e-01
0.85879270 4.02981371e-01
0.85936822 3.58800627e-01
0.85994204 3.14990138e-01
0.86051416 2.72114292e-01
0.86108457 2.30727171e-01
0.86165329 1.91365002e-01
0.86222030 1.54539992e-01
0.86278560 1.20733432e-01
0.86334921 9.03897566e-02
0.86391111 6.39111099e-02
0.86447131 4.16521202e-02
0.86502980 2.39154914e-02
0.86558659 1.09481393e-02
0.86614167 2.93814348e-03
0.86669505 1.23659528e-05
0.86724672 2.23483416e-03
0.86779669 9.60594476e-03
0.86834495 2.20624304e-02
0.86889151 3.94781328e-02
0.86943636 6.16655750e-02
0.86997950 8.83782707e-02
0.87052094 1.19313743e-01
0.87106068 1.54117217e-01
0.87159870 1.92385983e-01
0.87213503 2.33674271e-01
0.87266964 2.77498755e-01
0.87320256 3.23344268e-01
0.87373376 3.70670840e-01
0.87426327 4.18919574e-01
0.87479107 4.67520009e-01
0.87531717 5.15896741e-01
0.87584157 5.63476285e-01
0.87636426 6.09694674e-01
0.87688526 6.54003406e-01
0.87740455 6.95876759e-01
0.87792215 7.34818316e-01
0.87843804 7.70365598e-01
0.87895224 8.02097069e-01
0.87946475 8.29636178e-01
0.87997555 8.52657699e-01
0.88048467 8.70888049e-01
0.88099209 8.84112179e-01
0.88149781 8.92173257e-01
0.88200185 8.94976643e-01
0.88250419 8.92490291e-01
0.88300485 8.84744377e-01
0.88350382 8.71830440e-01
0.88400110 8.53902174e-01
0.88449669 8.31172137e-01
0.88499060 8.03910006e-01
0.88548283 7.72437796e-01
0.88597337 7.37126509e-01
0.88646223 6.98393498e-01
0.88694942 6.56695460e-01
0.88743493 6.12524923e-01
0.88791876 5.66402937e-01
0.88840092 5.18873496e-01
0.88888141 4.70497229e-01
0.88936022 4.21844200e-01
0.88983737 3.73488417e-01
0.89031285 3.26000143e-01
0.89078666 2.79939633e-01
0.89125881 2.35850707e-01
0.89172930 1.94254887e-01
0.89219812 1.55645164e-01
0.89266529 1.20480517e-01
0.89313080 8.91805862e-02
0.89359465 6.21213198e-02
0.89405684 3.96305759e-02
0.89451739 2.19845054e-02
0.89497628 9.40458319e-03
0.89543352 2.05529293e-03
0.89588912 4.23654890e-05
0.89634307 3.41175062e-03
0.89679537 1.21492550e-02
0.89724603 2.61808536e-02
0.89769506 4.53737028e-02
0.89814244 6.95377252e-02
0.89858819 9.84279573e-02
0.89903230 1.31747353e-01
0.89947478 1.69150255e-01
0.89991563 2.10246325e-01
0.90035485 2.54604349e-01
0.90079244 3.01757884e-01
0.90122840 3.51210393e-01
0.90166275 4.02440860e-01
0.90209547 4.54909734e-01
0.90252658 5.08064373e-01
0.90295607 5.61345398e-01
0.90338394 6.14192744e-01
0.90381021 6.66052590e-01
0.90423486 7.16381599e-01
0.90465791 7.64653349e-01
0.90507936 8.10364846e-01
0.90549920 8.53040796e-01
0.90591745 8.92239121e-01
0.90633410 9.27554696e-01
0.90674916 9.58624370e-01
0.90716263 9.85130181e-01
0.90757452 1.00680039e+00
0.90798483 1.02341452e+00
0.90839355 1.03480590e+00
0.90880071 1.04086358e+00
0.90920629 1.04153178e+00
0.90961030 1.03681173e+00
0.91001274 1.02675943e+00
0.91041362 1.01148594e+00
0.91081294 9.91156257e-01
0.91121071 9.65987137e-01
0.91160692 9.36244978e-01
0.91200159 9.02241476e-01
0.91239470 8.64331094e-01
0.91278628 8.22908335e-01
0.91317631 7.78402420e-01
0.91356481 7.31273173e-01
0.91395178 6.82005310e-01
0.91433722 6.31104609e-01
0.91472114 5.79092693e-01
0.91510353 5.26500769e-01
0.91548440 4.73865446e-01
0.91586376 4.21722850e-01
0.91624162 3.70603111e-01
0.91661796 3.21025387e-01
0.91699281 2.73493456e-01
0.91736616 2.28489828e-01
0.91773801 1.86471313e-01
0.91810837 1.47864784e-01
0.91847725 1.13063421e-01
0.91884464 8.24226398e-02
0.91921056 5.62569570e-02
0.91957499 3.48370161e-02
0.91993795 1.83873513e-02
0.92029944 7.08432797e-03
0.92065947 1.05468665e-03
0.92101803 3.74569745e-04
0.92137512 5.06906927e-03
0.92173076 1.51122487e-02
0.92208494 3.04276548e-02
0.92243767 5.08892464e-02
0.92278894 7.63228331e-02
0.92313877 1.06507984e-01
0.92348716 1.41180453e-01
0.92383410 1.80034850e-01
0.92417961 2.22727884e-01
0.92452368 2.68881510e-01
0.92486633 3.18086975e-01
0.92520754 3.69908699e-01
0.92554734 4.23888160e-01
0.92588571 4.79548330e-01
0.92622267 5.36398683e-01
0.92655821 5.93938830e-01
0.92689235 6.51664570e-01
0.92722508 7.09070397e-01
0.92755641 7.65655501e-01
0.92788634 8.20928452e-01
0.92821487 8.74410143e-01
0.92854202 9.25639635e-01
0.92886778 9.74176626e-01
0.92919215 1.01960656e+00
0.92951515 1.06154313e+00
0.92983677 1.09963182e+00
0.93015702 1.13354973e+00
0.93047590 1.16300940e+00
0.93079342 1.18776577e+00
0.93110958 1.20761855e+00
0.93142438 1.22240968e+00
0.93173783 1.23202687e+00
0.93204993 1.23640093e+00
0.93236068 1.23550797e+00
0.93267009 1.22936978e+00
0.93297817 1.21805368e+00
0.93328491 1.20166788e+00
0.93359032 1.18036449e+00
0.93389441 1.15433621e+00
0.93419717 1.12381498e+00
0.93449862 1.08906883e+00
0.93479876 1.05039920e+00
0.93509759 1.00813991e+00
0.93539512 9.62652521e-01
0.93569135 9.14324131e-01
0.93598629 8.63563554e-01
0.93627994 8.10797250e-01
0.93657231 7.56467469e-01
0.93686339 7.01026952e-01
0.93715320 6.44935900e-01
0.93744174 5.88658368e-01
0.93772902 5.32657849e-01
0.93801504 4.77392890e-01
0.93829980 4.23315301e-01
0.93858332 3.70867568e-01
0.93886559 3.20478439e-01
0.93914662 2.72558925e-01
0.93942641 2.27499297e-01
0.93970498 1.85666357e-01
0.93998232 1.47400579e-01
0.94025844 1.13013612e-01
0.94053334 8.27861148e-02
0.94080703 5.69659032e-02
0.94107951 3.57660715e-02
0.94135078 1.93636461e-02
0.94162086 7.89856120e-03
0.94188975 1.47279553e-03
0.94215744 1.49847092e-04
0.94242394 3.95453969e-03
0.94268926 1.28730926e-02
0.94295341 2.68535049e-02
0.94321637 4.58062663e-02
0.94347817 6.96052936e-02
0.94373880 9.80890526e-02
0.94399826 1.31062129e-01
0.94425657 1.68296835e-01
0.94451372 2.09534989e-01
0.94476971 2.54490367e-01
0.94502456 3.02850593e-01
0.94527826 3.54279802e-01
0.94553082 4.08421613e-01
0.94578224 4.64900385e-01
0.94603253 5.23323658e-01
0.94628169 5.83286918e-01
0.94652972 6.44377217e-01
0.94677663 7.06175474e-01
0.94702242 7.68260150e-01
0.94726709 8.30209017e-01
0.94751065 8.91603176e-01
0.94775311 9.52029457e-01
0.94799446 1.01108385e+00
0.94823470 1.06837338e+00
0.94847386 1.12351945e+00
0.94871192 1.17615955e+00
0.94894889 1.22595029e+00
0.94918478 1.27257001e+00
0.94941959 1.31572004e+00
0.94965332 1.35512556e+00
0.94988599 1.39053332e+00
0.95011759 1.42171395e+00
0.95034812 1.44846996e+00
0.95057760 1.47064011e+00
0.95080603 1.48809309e+00
0.95103341 1.50073083e+00
0.95125974 1.50848743e+00
0.95148503 1.51132908e+00
0.95170928 1.50925262e+00
0.95193250 1.50228760e+00
0.95215469 1.49049596e+00
0.95237586 1.47396911e+00
0.95259601 1.45282809e+00
0.95281515 1.42722280e+00
0.95303328 1.39733145e+00
0.95325041 1.36335830e+00
0.95346654 1.32553188e+00
0.95368168 1.28410337e+00
0.95389583 1.23934413e+00
0.95410899 1.19154380e+00
0.95432118 1.14100955e+00
0.95453239 1.08806703e+00
0.95474264 1.03305688e+00
0.95495193 9.76330285e-01
0.95516025 9.18248564e-01
0.95536763 8.59179213e-01
0.95557405 7.99494674e-01
0.95577952 7.39570210e-01
0.95598405 6.79780648e-01
0.95618765 6.20498515e-01
0.95639030 5.62092644e-01
0.95659203 5.04925953e-01
0.95679283 4.49352968e-01
0.95699270 3.95717240e-01
0.95719166 3.44349764e-01
0.95738969 2.95566714e-01
0.95758682 2.49668269e-01
0.95778303 2.06936395e-01
0.95797835 1.67633624e-01
0.95817276 1.32001450e-01
0.95836627 1.00259672e-01
0.95855889 7.26053110e-02
0.95875061 4.92112268e-02
0.95894145 3.02253032e-02
0.95913141 1.57697203e-02
0.95932049 5.94052460e-03
0.95950869 8.07382918e-04
0.95969602 4.13518340e-04
0.95988248 4.77569888e-03
0.96006807 1.38843674e-02
0.96025281 2.77037121e-02
0.96043668 4.61718671e-02
0.96061970 6.92015254e-02
0.96080187 9.66809200e-02
0.96098319 1.28474894e-01
0.96116367 1.64425745e-01
0.96134331 2.04354588e-01
0.96152211 2.48062736e-01
0.96170008 2.95332681e-01
0.96187722 3.45929531e-01
0.96205354 3.99603305e-01
0.96222904 4.56087460e-01
0.96240373 5.15098063e-01
0.96257762 5.76339858e-01
0.96275070 6.39509041e-01
0.96292298 7.04293192e-01
0.96309447 7.70373725e-01
0.96326516 8.37426778e-01
0.96343507 9.05124770e-01
0.96360420 9.73138986e-01
0.96377255 1.04113905e+00
0.96394013 1.10879838e+00
0.96410694 1.17579163e+00
0.96427298 1.24179744e+00
0.96443827 1.30649764e+00
0.96460280 1.36957957e+00
0.96476659 1.43074020e+00
0.96492962 1.48968874e+00
0.96509192 1.54614500e+00
0.96525348 1.59984212e+00
0.96541431 1.65052802e+00
0.96557441 1.69796416e+00
0.96573379 1.74193052e+00
0.96589245 1.78222323e+00
0.96605039 1.81865769e+00
0.96620761 1.85106667e+00
0.96636413 1.87930386e+00
0.96651994 1.90324294e+00
0.96667505 1.92277810e+00
0.96682946 1.93782341e+00
0.96698318 1.94831411e+00
0.96713620 1.95420744e+00
0.96728854 1.95548123e+00
0.96744019 1.95213661e+00
0.96759117 1.94419580e+00
0.96774147 1.93170315e+00
0.96789109 1.91472471e+00
0.96804004 1.89334558e+00
0.96818833 1.86767250e+00
0.96833595 1.83783233e+00
0.96848291 1.80397139e+00
0.96862920 1.76625417e+00
0.96877484 1.72486183e+00
0.96891983 1.67999191e+00
0.96906416 1.63185802e+00
0.96920785 1.58068927e+00
0.96935089 1.52672745e+00
0.96949329 1.47022792e+00
0.96963505 1.41145573e+00
0.96977617 1.35068761e+00
0.96991666 1.28820716e+00
0.97005652 1.22430845e+00
0.97019575 1.15929340e+00
0.97033436 1.09346655e+00
0.97047234 1.02713035e+00
0.97060970 9.60590142e-01
0.97074644 8.94150361e-01
0.97088257 8.28113063e-01
0.97101808 7.62777691e-01
0.97115298 6.98442072e-01
0.97128728 6.35399737e-01
0.97142098 5.73938642e-01
0.97155407 5.14340088e-01
0.97168657 4.56876119e-01
0.97181848 4.01810017e-01
0.97194980 3.49394591e-01
0.97208053 2.99871567e-01
0.97221067 2.53470531e-01
0.97234023 2.10407747e-01
0.97246921 1.70884398e-01
0.97259762 1.35087619e-01
0.97272546 1.03189888e-01
0.97285272 7.53481899e-02
0.97297943 5.17032732e-02
0.97310556 3.23790597e-02
0.97323114 1.74820588e-02
0.97335616 7.10080575e-03
0.97348062 1.30542812e-03
0.97360452 1.47325160e-04
0.97372788 3.65916152e-03
0.97385068 1.18551226e-02
0.97397294 2.47307845e-02
0.97409466 4.22630426e-02
0.97421583 6.44100188e-02
0.97433647 9.11110726e-02
0.97445657 1.22286857e-01
0.97457613 1.57839749e-01
0.97469516 1.97653694e-01
0.97481366 2.41595548e-01
0.97493162 2.89518239e-01
0.97504905 3.41261663e-01
0.97516596 3.96648683e-01
0.97528233 4.55486192e-01
0.97539819 5.17566428e-01
0.97551352 5.82668890e-01
0.97562833 6.50559864e-01
0.97574262 7.20993384e-01
0.97585639 7.93712943e-01
0.97596965 8.68452018e-01
0.97608238 9.44935264e-01
0.97619460 1.02288195e+00
0.97630630 1.10201581e+00
0.97641748 1.18206182e+00
0.97652815 1.26273366e+00
0.97663830 1.34373758e+00
0.97674794 1.42477983e+00
0.97685706 1.50556644e+00
0.97696567 1.58580376e+00
0.97707377 1.66519964e+00
0.97718136 1.74347408e+00
0.97728844 1.82035975e+00
0.97739500 1.89559342e+00
0.97750105 1.96891238e+00
0.97760660 2.04006173e+00
0.97771163 2.10879513e+00
0.97781616 2.17488115e+00
0.97792018 2.23810625e+00
0.97802370 2.29826075e+00
0.97812671 2.35514742e+00
0.97822921 2.40858603e+00
0.97833121 2.45840315e+00
0.97843271 2.50443343e+00
0.97853371 2.54652344e+00
0.97863421 2.58453534e+00
0.97873421 2.61834590e+00
0.97883372 2.64784684e+00
0.97893272 2.67294656e+00
0.97903124 2.69357242e+00
0.97912925 2.70967538e+00
0.97922678 2.72122403e+00
0.97932381 2.72819866e+00
0.97942035 2.73059604e+00
0.97951640 2.72842533e+00
0.97961196 2.72171181e+00
0.97970703 2.71049512e+00
0.97980161 2.69482772e+00
0.97989570 2.67477694e+00
0.97998931 2.65042557e+00
0.98008243 2.62187349e+00
0.98017506 2.58923967e+00
0.98026721 2.55266063e+00
0.98035888 2.51228611e+00
0.98045006 2.46827258e+00
0.98054076 2.42078143e+00
0.98063097 2.36998417e+00
0.98072070 2.31606481e+00
0.98080995 2.25921293e+00
0.98089871 2.19961978e+00
0.98098700 2.13748401e+00
0.98107480 2.07302555e+00
0.98116213 2.00647497e+00
0.98124899 1.93807017e+00
0.98133537 1.86803601e+00
0.98142127 1.79658320e+00
0.98150671 1.72394186e+00
0.98159168 1.65036589e+00
0.98167618 1.57610997e+00
0.98176021 1.50141974e+00
0.98184378 1.42652440e+00
0.98192688 1.35163501e+00
0.98200953 1.27695974e+00
0.98209173 1.20271209e+00
0.98217347 1.12910269e+00
0.98225476 1.05633817e+00
0.98233560 9.84622156e-01
0.98241600 9.14162086e-01
0.98249595 8.45163163e-01
0.98257546 7.77823921e-01
0.98265452 7.12333869e-01
0.98273315 6.48868297e-01
0.98281135 5.87589588e-01
0.98288911 5.28658785e-01
0.98296645 4.72233269e-01
0.98304335 4.18460573e-01
0.98311983 3.67476843e-01
0.98319589 3.19404953e-01
0.98327153 2.74357604e-01
0.98334674 2.32443464e-01
0.98342155 1.93763975e-01
0.98349594 1.58410810e-01
0.98356992 1.26465147e-01
0.98364349 9.79974157e-02
0.98371666 7.30680019e-02
0.98378943 5.17298097e-02
0.98386179 3.40274228e-02
0.98393376 1.99959298e-02
0.98400534 9.66136781e-03
0.98407652 3.04095682e-03
0.98414732 1.43709361e-04
0.98421773 9.70693463e-04
0.98428777 5.51510786e-03
0.98435742 1.37623353e-02
0.98442669 2.56901687e-02
0.98449560 4.12689584e-02
0.98456413 6.04615615e-02
0.98463230 8.32230737e-02
0.98470010 1.09502213e-01
0.98476755 1.39241811e-01
0.98483464 1.72379289e-01
0.98490138 2.08846856e-01
0.98496776 2.48571241e-01
0.98503380 2.91471795e-01
0.98509949 3.37460495e-01
0.98516485 3.86445839e-01
0.98522986 4.38333268e-01
0.98529454 4.93023646e-01
0.98535889 5.50415478e-01
0.98542291 6.10400731e-01
0.98548661 6.72863139e-01
0.98554998 7.37682893e-01
0.98561303 8.04741999e-01
0.98567576 8.73921858e-01
0.98573819 9.45102801e-01
0.98580030 1.01816449e+00
0.98586210 1.09298310e+00
0.98592359 1.16942226e+00
0.98598479 1.24734028e+00
0.98604568 1.32660528e+00
0.98610628 1.40709121e+00
0.98616659 1.48866980e+00
0.98622660 1.57121402e+00
0.98628633 1.65459522e+00
0.98634578 1.73867377e+00
0.98640494 1.82329621e+00
0.98646382 1.90831369e+00
0.98652242 1.99358716e+00
0.98658076 2.07898096e+00
0.98663882 2.16435923e+00
0.98669661 2.24958882e+00
0.98675414 2.33453476e+00
0.98681140 2.41905067e+00
0.98686840 2.50297669e+00
0.98692514 2.58617321e+00
0.98698163 2.66851343e+00
0.98703787 2.74987326e+00
0.98709385 2.83013166e+00
0.98714959 2.90916991e+00
0.98720507 2.98687325e+00
0.98726032 3.06310971e+00
0.98731532 3.13773634e+00
0.98737009 3.21064462e+00
0.98742461 3.28174505e+00
0.98747890 3.35092659e+00
0.98753296 3.41805162e+00
0.98758678 3.48299827e+00
0.98764038 3.54568373e+00
0.98769375 3.60604450e+00
0.98774690 3.66399666e+00
0.98779982 3.71944695e+00
0.98785253 3.77229474e+00
0.98790502 3.82243214e+00
0.98795729 3.86973811e+00
0.98800935 3.91410114e+00
0.98806119 3.95545936e+00
0.98811283 3.99377844e+00
0.98816425 4.02902638e+00
0.98821547 4.06114410e+00
0.98826649 4.09004933e+00
0.98831730 4.11567905e+00
0.98836791 4.13797612e+00
0.98841832 4.15686934e+00
0.98846854 4.17228142e+00
0.98851856 4.18419153e+00
0.98856838 4.19261940e+00
0.98861801 4.19759602e+00
0.98866745 4.19913880e+00
0.98871670 4.19721518e+00
0.98876577 4.19177743e+00
0.98881464 4.18278685e+00
0.98886333 4.17022810e+00
0.98891184 4.15410550e+00
0.98896016 4.13443690e+00
0.98900830 4.11127683e+00
0.98905626 4.08469426e+00
0.98910405 4.05474908e+00
0.98915165 4.02148585e+00
0.98919908 3.98491551e+00
0.98924633 3.94506739e+00
0.98929342 3.90199360e+00
0.98934033 3.85575816e+00
0.98938706 3.80642888e+00
0.98943363 3.75406313e+00
0.98948003 3.69872702e+00
0.98952626 3.64050480e+00
0.98957233 3.57949224e+00
0.98961823 3.51578694e+00
0.98966397 3.44948686e+00
0.98970954 3.38068987e+00
0.98975495 3.30949472e+00
0.98980020 3.23600603e+00
0.98984528 3.16033166e+00
0.98989021 3.08258607e+00
0.98993498 3.00289037e+00
0.98997959 2.92137529e+00
0.99002404 2.83818873e+00
0.99006834 2.75348010e+00
0.99011248 2.66741125e+00
0.99015647 2.58016321e+00
0.99020030 2.49190773e+00
0.99024398 2.40278511e+00
0.99028750 2.31293191e+00
0.99033087 2.22249222e+00
0.99037409 2.13161861e+00
0.99041716 2.04047168e+00
0.99046007 1.94922055e+00
0.99050283 1.85804449e+00
0.99054544 1.76712974e+00
0.99058791 1.67666430e+00
0.99063022 1.58683681e+00
0.99067238 1.49783327e+00
0.99071439 1.40983054e+00
0.99075625 1.32299857e+00
0.99079797 1.23751476e+00
0.99083954 1.15356012e+00
0.99088095 1.07131270e+00
0.99092222 9.90946548e-01
0.99096335 9.12631724e-01
0.99100432 8.36529668e-01
0.99104515 7.62800344e-01
0.99108584 6.91604110e-01
0.99112638 6.23099405e-01
0.99116677 5.57438579e-01
0.99120703 4.94769425e-01
0.99124713 4.35234708e-01
0.99128710 3.78972646e-01
0.99132692 3.26116550e-01
0.99136660 2.76794653e-01
0.99140614 2.31132175e-01
0.99144554 1.89250633e-01
0.99148480 1.51267361e-01
0.99152392 1.17295060e-01
0.99156290 8.74419264e-02
0.99160174 6.18093319e-02
0.99164044 4.04925939e-02
0.99167900 2.35811127e-02
0.99171743 1.11585657e-02
0.99175572 3.30219729e-03
0.99179388 8.23286950e-05
0.99183189 1.56175841e-03
0.99186978 7.79544004e-03
0.99190752 1.88303211e-02
0.99194513 3.47051476e-02
0.99198261 5.54498340e-02
0.99201995 8.10853179e-02
0.99205716 1.11623348e-01
0.99209423 1.47067378e-01
0.99213117 1.87414232e-01
0.99216797 2.32652313e-01
0.99220464 2.82759307e-01
0.99224118 3.37703554e-01
0.99227757 3.97444040e-01
0.99231384 4.61932770e-01
0.99234997 5.31112336e-01
0.99238597 6.04920234e-01
0.99242183 6.83285986e-01
0.99245756 7.66129518e-01
0.99249315 8.53365305e-01
0.99252862 9.44901054e-01
0.99256394 1.04063985e+00
0.99259914 1.14047636e+00
0.99263420 1.24429957e+00
0.99266914 1.35199164e+00
0.99270393 1.46342536e+00
0.99273860 1.57846634e+00
0.99277314 1.69697019e+00
0.99280755 1.81879388e+00
0.99284183 1.94379240e+00
0.99287598 2.07182302e+00
0.99291000 2.20276299e+00
0.99294390 2.33649156e+00
0.99297766 2.47286584e+00
0.99301130 2.61172625e+00
0.99304482 2.75290449e+00
0.99307821 2.89621897e+00
0.99311147 3.04148197e+00
0.99314460 3.18850604e+00
0.99317762 3.33709988e+00
0.99321051 3.48706688e+00
0.99324327 3.63821012e+00
0.99327591 3.79033071e+00
0.99330844 3.94322725e+00
0.99334083 4.09670225e+00
0.99337311 4.25054210e+00
0.99340527 4.40452648e+00
0.99343731 4.55844472e+00
0.99346923 4.71209232e+00
0.99350103 4.86526360e+00
0.99353272 5.01775520e+00
0.99356429 5.16936199e+00
0.99359574 5.31994884e+00
0.99362707 5.46943564e+00
0.99365829 5.61768212e+00
0.99368940 5.76448539e+00
0.99372039 5.90962008e+00
0.99375126 6.05285968e+00
0.99378202 6.19400039e+00
0.99381267 6.33284893e+00
0.99384320 6.46920699e+00
0.99387362 6.60289005e+00
0.99390393 6.73372086e+00
0.99393412 6.86152819e+00
0.99396421 6.98614492e+00
0.99399418 7.10741305e+00
0.99402404 7.22518383e+00
0.99405380 7.33929277e+00
0.99408344 7.44957962e+00
0.99411298 7.55586288e+00
0.99414240 7.65798318e+00
0.99417172 7.75577916e+00
0.99420094 7.84915660e+00
0.99423005 7.93815898e+00
0.99425905 8.02279503e+00
0.99428794 8.10295454e+00
0.99431673 8.17849717e+00
0.99434541 8.24930378e+00
0.99437399 8.31528614e+00
0.99440247 8.37636714e+00
0.99443084 8.43245642e+00
0.99445910 8.48344304e+00
0.99448726 8.52922179e+00
0.99451532 8.56969200e+00
0.99454328 8.60476738e+00
0.99457114 8.63437372e+00
0.99459889 8.65844434e+00
0.99462655 8.67692392e+00
0.99465410 8.68976411e+00
0.99468156 8.69693490e+00
0.99470892 8.69841180e+00
0.99473617 8.69422571e+00
0.99476333 8.68457702e+00
0.99479039 8.66972582e+00
0.99481736 8.64977489e+00
0.99484422 8.62466485e+00
0.99487099 8.59435290e+00
0.99489766 8.55880750e+00
0.99492424 8.51801334e+00
0.99495072 8.47196438e+00
0.99497711 8.42067779e+00
0.99500339 8.36417406e+00
0.99502959 8.30249009e+00
0.99505569 8.23567181e+00
0.99508169 8.16380804e+00
0.99510761 8.08705922e+00
0.99513342 8.00559145e+00
0.99515915 7.91949499e+00
0.99518478 7.82883824e+00
0.99521032 7.73369651e+00
0.99523577 7.63415325e+00
0.99526113 7.53043115e+00
0.99528640 7.42288102e+00
0.99531158 7.31173212e+00
0.99533666 7.19705516e+00
0.99536166 7.07892274e+00
0.99538657 6.95742359e+00
0.99541138 6.83265415e+00
0.99543611 6.70472457e+00
0.99546075 6.57378485e+00
0.99548530 6.44005589e+00
0.99550976 6.30375931e+00
0.99553413 6.16504686e+00
0.99555842 6.02404413e+00
0.99558261 5.88089901e+00
0.99560672 5.73576087e+00
0.99563074 5.58879121e+00
0.99565468 5.44015593e+00
0.99567853 5.29002196e+00
0.99570229 5.13860603e+00
0.99572597 4.98624529e+00
0.99574957 4.83327024e+00
0.99577308 4.67986665e+00
0.99579651 4.52615827e+00
0.99581985 4.37228490e+00
0.99584310 4.21840377e+00
0.99586627 4.06472505e+00
0.99588936 3.91147561e+00
0.99591236 3.75883495e+00
0.99593528 3.60695542e+00
0.99595812 3.45599744e+00
0.99598087 3.30612581e+00
0.99600354 3.15751097e+00
0.99602613 3.01032584e+00
0.99604864 2.86474529e+00
0.99607106 2.72094814e+00
0.99609341 2.57910720e+00
0.99611567 2.43941620e+00
0.99613786 2.30212888e+00
0.99615996 2.16748664e+00
0.99618199 2.03564716e+00
0.99620393 1.90673554e+00
0.99622579 1.78088369e+00
0.99624758 1.65823450e+00
0.99626929 1.53894857e+00
0.99629091 1.42318175e+00
0.99631246 1.31107099e+00
0.99633393 1.20274376e+00
0.99635532 1.09832779e+00
0.99637663 9.97950365e-01
0.99639786 9.01736765e-01
0.99641902 8.09808050e-01
0.99644009 7.22284172e-01
0.99646110 6.39280815e-01
0.99648202 5.60908119e-01
0.99650287 4.87282325e-01
0.99652365 4.18521084e-01
0.99654435 3.54721789e-01
0.99656497 2.95962332e-01
0.99658552 2.42317038e-01
0.99660599 1.93858004e-01
0.99662639 1.50655348e-01
0.99664671 1.12774797e-01
0.99666696 8.02786334e-02
0.99668714 5.32238726e-02
0.99670724 3.16621890e-02
0.99672726 1.56383770e-02
0.99674721 5.19271134e-03
0.99676709 3.59995311e-04
0.99678690 1.16918059e-03
0.99680663 7.64334575e-03
0.99682629 1.97992865e-02
0.99684588 3.76482032e-02
0.99686540 6.11974199e-02
0.99688485 9.04518069e-02
0.99690423 1.25411885e-01
0.99692353 1.66071692e-01
0.99694277 2.12420204e-01
0.99696193 2.64439913e-01
0.99698103 3.22107710e-01
0.99700005 3.85394438e-01
0.99701900 4.54266978e-01
0.99703788 5.28688624e-01
0.99705669 6.08611928e-01
0.99707544 6.93983577e-01
0.99709411 7.84746609e-01
0.99711271 8.80833399e-01
0.99713125 9.82172886e-01
0.99714972 1.08868513e+00
0.99716812 1.20029538e+00
0.99718645 1.31696928e+00
0.99720472 1.43869064e+00
0.99722292 1.56540071e+00
0.99724105 1.69700657e+00
0.99725911 1.83341148e+00
0.99727711 1.97451519e+00
0.99729504 2.12021067e+00
0.99731291 2.27038747e+00
0.99733070 2.42492949e+00
0.99734843 2.58372372e+00
0.99736610 2.74666968e+00
0.99738370 2.91364735e+00
0.99740123 3.08452617e+00
0.99741870 3.25916527e+00
0.99743610 3.43741477e+00
0.99745344 3.61911852e+00
0.99747072 3.80415404e+00
0.99748793 3.99250313e+00
0.99750508 4.18417616e+00
0.99752217 4.37908018e+00
0.99753919 4.57707990e+00
0.99755615 4.77803041e+00
0.99757304 4.98176854e+00
0.99758987 5.18813837e+00
0.99760664 5.39697031e+00
0.99762334 5.60809029e+00
0.99763998 5.82132967e+00
0.99765656 6.03650673e+00
0.99767308 6.25342999e+00
0.99768953 6.47192782e+00
0.99770592 6.69186569e+00
0.99772225 6.91308544e+00
0.99773852 7.13541244e+00
0.99775473 7.35878561e+00
0.99777088 7.58336353e+00
0.99778697 7.80922749e+00
0.99780300 8.03621521e+00
0.99781897 8.26410173e+00
0.99783488 8.49267800e+00
0.99785072 8.72173988e+00
0.99786651 8.95111006e+00
0.99788224 9.18062322e+00
0.99789790 9.41011467e+00
0.99791351 9.63937159e+00
0.99792905 9.86820823e+00
0.99794454 1.00964242e+01
0.99795997 1.03238506e+01
0.99797534 1.05503183e+01
0.99799064 1.07756426e+01
0.99800590 1.09996464e+01
0.99802109 1.12224303e+01
0.99803623 1.14443708e+01
0.99805131 1.16655706e+01
0.99806633 1.18858303e+01
0.99808129 1.21049025e+01
0.99809620 1.23225557e+01
0.99811104 1.25385899e+01
0.99812583 1.27527966e+01
0.99814056 1.29649904e+01
0.99815524 1.31749805e+01
0.99816985 1.33826173e+01
0.99818441 1.35877293e+01
0.99819891 1.37901928e+01
0.99821335 1.39898974e+01
0.99822774 1.41867937e+01
0.99824208 1.43807460e+01
0.99825635 1.45717166e+01
0.99827058 1.47600429e+01
0.99828474 1.49461039e+01
0.99829885 1.51298205e+01
0.99831291 1.53109031e+01
0.99832690 1.54891230e+01
0.99834085 1.56642689e+01
0.99835473 1.58361530e+01
0.99836856 1.60045901e+01
0.99838234 1.61694996e+01
0.99839606 1.63308071e+01
0.99840972 1.64883941e+01
0.99842333 1.66421502e+01
0.99843688 1.67919791e+01
0.99845038 1.69377893e+01
0.99846383 1.70794785e+01
0.99847721 1.72169330e+01
0.99849055 1.73503370e+01
0.99850383 1.74802695e+01
0.99851706 1.76069983e+01
0.99853024 1.77303577e+01
0.99854335 1.78501555e+01
0.99855642 1.79662852e+01
0.99856943 1.80785973e+01
0.99858239 1.81869645e+01
0.99859529 1.82912440e+01
0.99860814 1.83913145e+01
0.99862093 1.84870739e+01
0.99863367 1.85784408e+01
0.99864635 1.86653318e+01
0.99865898 1.87476842e+01
0.99867156 1.88254481e+01
0.99868409 1.88985817e+01
0.99869656 1.89670487e+01
0.99870898 1.90312635e+01
0.99872134 1.90918590e+01
0.99873365 1.91490285e+01
0.99874591 1.92025799e+01
0.99875812 1.92523605e+01
0.99877027 1.92982321e+01
0.99878237 1.93401006e+01
0.99879441 1.93778754e+01
0.99880640 1.94114691e+01
0.99881833 1.94408432e+01
0.99883022 1.94659331e+01
0.99884204 1.94867253e+01
0.99885382 1.95031761e+01
0.99886554 1.95153250e+01
0.99887721 1.95231981e+01
0.99888882 1.95268199e+01
0.99890039 1.95262633e+01
0.99891190 1.95219427e+01
0.99892335 1.95143909e+01
0.99893476 1.95037275e+01
0.99894611 1.94898176e+01
0.99895740 1.94725561e+01
0.99896864 1.94518667e+01
0.99897983 1.94276753e+01
0.99899097 1.93999204e+01
0.99900204 1.93685624e+01
0.99901307 1.93335655e+01
0.99902404 1.92949423e+01
0.99903496 1.92527201e+01
0.99904582 1.92069004e+01
0.99905663 1.91575151e+01
0.99906738 1.91046101e+01
0.99907808 1.90482446e+01
0.99908873 1.89884863e+01
0.99909932 1.89256408e+01
0.99910985 1.88601805e+01
0.99912034 1.87922668e+01
0.99913076 1.87218268e+01
0.99914114 1.86488053e+01
0.99915145 1.85731579e+01
0.99916171 1.84948610e+01
0.99917192 1.84138924e+01
0.99918207 1.83302666e+01
0.99919216 1.82439947e+01
0.99920220 1.81551162e+01
0.99921218 1.80636587e+01
0.99922210 1.79696636e+01
0.99923197 1.78731959e+01
0.99924178 1.77743225e+01
0.99925153 1.76730880e+01
0.99926122 1.75695714e+01
0.99927086 1.74638609e+01
0.99928044 1.73562266e+01
0.99928996 1.72469417e+01
0.99929943 1.71360097e+01
0.99930883 1.70234035e+01
0.99931818 1.69091531e+01
0.99932747 1.67932918e+01
0.99933669 1.66758686e+01
0.99934586 1.65569394e+01
0.99935497 1.64365326e+01
0.99936401 1.63146613e+01
0.99937300 1.61913526e+01
0.99938192 1.60666417e+01
0.99939078 1.59405784e+01
0.99939957 1.58132061e+01
0.99940831 1.56845737e+01
0.99941698 1.55547186e+01
0.99942559 1.54237262e+01
0.99943413 1.52916798e+01
0.99944261 1.51587005e+01
0.99945103 1.50249790e+01
0.99945938 1.48906106e+01
0.99946767 1.47555958e+01
0.99947589 1.46199442e+01
0.99948404 1.44837014e+01
0.99949212 1.43469472e+01
0.99950014 1.42097129e+01
0.99950808 1.40720333e+01
0.99951596 1.39339121e+01
0.99952376 1.37953420e+01
0.99953150 1.36563618e+01
0.99953916 1.35170235e+01
0.99954675 1.33774327e+01
0.99955427 1.32376786e+01
0.99956171 1.30978072e+01
0.99956908 1.29578376e+01
0.99957637 1.28178121e+01
0.99958359 1.26777968e+01
0.99959073 1.25378334e+01
0.99959779 1.23979708e+01
0.99960478 1.22582066e+01
0.99961169 1.21185134e+01
0.99961851 1.19789277e+01
0.99962526 1.18395233e+01
0.99963193 1.17003880e+01
0.99963851 1.15615765e+01
0.99964501 1.14230610e+01
0.99965143 1.12848410e+01
0.99965776 1.11470116e+01
0.99966400 1.10096712e+01
0.99967016 1.08729144e+01
0.99967623 1.07367829e+01
0.99968221 1.06012447e+01
0.99968810 1.04662563e+01
0.99969391 1.03318429e+01
0.99969962 1.01980499e+01
0.99970524 1.00649157e+01
0.99971077 9.93245222e+00
0.99971621 9.80065829e+00
0.99972155 9.66958149e+00
0.99972680 9.53929004e+00
0.99973196 9.40983105e+00
0.99973702 9.28122698e+00
0.99974199 9.15346508e+00
0.99974687 9.02652577e+00
0.99975165 8.90040997e+00
0.99975634 8.77513285e+00
0.99976093 8.65068091e+00
0.99976543 8.52698956e+00
0.99976984 8.40405631e+00
0.99977415 8.28196725e+00
0.99977836 8.16082687e+00
0.99978249 8.04072234e+00
0.99978652 7.92168207e+00
0.99979046 7.80369872e+00
0.99979431 7.68678953e+00
0.99979807 7.57101096e+00
0.99980174 7.45642735e+00
0.99980532 7.34309650e+00
0.99980882 7.23109020e+00
0.99981223 7.12042010e+00
0.99981555 7.01104944e+00
0.99981879 6.90294869e+00
0.99982196 6.79610268e+00
0.99982504 6.69056683e+00
0.99982804 6.58643472e+00
0.99983097 6.48375494e+00
0.99983383 6.38255909e+00
0.99983661 6.28289393e+00
0.99983933 6.18483040e+00
0.99984197 6.08842593e+00
0.99984456 5.99368243e+00
0.99984708 5.90056513e+00
0.99984954 5.80902653e+00
0.99985194 5.71909471e+00
0.99985429 5.63087937e+00
0.99985659 5.54441444e+00
0.99985884 5.45962723e+00
0.99986105 5.37643112e+00
0.99986321 5.29476084e+00
0.99986534 5.21467568e+00
0.99986743 5.13628218e+00
0.99986948 5.05954558e+00
0.99987151 4.98437163e+00
0.99987351 4.91066818e+00
0.99987549 4.83845460e+00
0.99987744 4.76792054e+00
0.99987937 4.69920289e+00
0.99988128 4.63232476e+00
0.99988317 4.56731456e+00
0.99988504 4.50424877e+00
0.99988687 4.44337037e+00
0.99988868 4.38501524e+00
0.99989045 4.32932688e+00
0.99989219 4.27627742e+00
0.99989388 4.22580162e+00
0.99989554 4.17778536e+00
0.99989716 4.13212214e+00
0.99989875 4.08874391e+00
0.99990032 4.04747934e+00
0.99990186 4.00804931e+00
0.99990339 3.97017301e+00
0.99990492 3.93357836e+00
0.99990645 3.89800170e+00
0.99990799 3.86320453e+00
0.99990954 3.82902356e+00
0.99991112 3.79535258e+00
0.99991273 3.76205602e+00
0.99991438 3.72897886e+00
0.99991607 3.69600545e+00
0.99991782 3.66304078e+00
0.99991962 3.62999327e+00
0.99992147 3.59676910e+00
0.99992339 3.56330411e+00
0.99992538 3.52959767e+00
0.99992743 3.49568035e+00
0.99992956 3.46154839e+00
0.99993176 3.42717567e+00
0.99993404 3.39254766e+00
0.99993638 3.35765799e+00
0.99993880 3.32249770e+00
0.99994129 3.28705835e+00
0.99994386 3.25136024e+00
0.99994649 3.21547037e+00
0.99994919 3.17943794e+00
0.99995196 3.14326351e+00
0.99995480 3.10693963e+00
0.99995770 3.07047384e+00
0.99996066 3.03388181e+00
0.99996367 2.99719381e+00
0.99996675 2.96045752e+00
0.99996988 2.92376117e+00
0.99997306 2.88724377e+00
0.99997629 2.85099402e+00
0.99997956 2.81497469e+00
0.99998288 2.77902847e+00
0.99998623 2.74294935e+00
0.99998963 2.70661501e+00
0.99999305 2.67003447e+00
0.99999651 2.63329660e+00
1.00000000 2.59648541e+00
1.00000925 2.50051725e+00
1.00001867 2.40606241e+00
1.00002824 2.31555970e+00
1.00003791 2.22983763e+00
1.00004767 2.14618560e+00
1.00005749 2.06295203e+00
1.00006734 1.98147696e+00
1.00007723 1.90296939e+00
1.00008712 1.82708462e+00
1.00009701 1.75342520e+00
1.00010689 1.68235471e+00
1.00011673 1.61399798e+00
1.00012652 1.54770762e+00
1.00013628 1.48311129e+00
1.00014600 1.42082027e+00
1.00015568 1.36183616e+00
1.00016534 1.30635508e+00
1.00017496 1.25352604e+00
1.00018452 1.20235805e+00
1.00019402 1.15217373e+00
1.00020346 1.10307508e+00
1.00021284 1.05579829e+00
1.00022216 1.01057797e+00
1.00023144 9.67222729e-01
1.00024066 9.25702061e-01
1.00024981 8.86025186e-01
1.00025890 8.48098373e-01
1.00026794 8.11792001e-01
1.00027693 7.77011633e-01
1.00028588 7.43668014e-01
1.00029480 7.11695085e-01
1.00030370 6.81049649e-01
1.00031256 6.51681572e-01
1.00032140 6.23530492e-01
1.00033022 5.96537826e-01
1.00033902 5.70660804e-01
1.00034780 5.45862499e-01
1.00035658 5.22105236e-01
1.00036534 4.99356215e-01
1.00037410 4.77577776e-01
1.00038285 4.56723527e-01
1.00039160 4.36744898e-01
1.00040033 4.17598359e-01
1.00040906 3.99251139e-01
1.00041778 3.81683821e-01
1.00042650 3.64873263e-01
1.00043520 3.48781316e-01
1.00044390 3.33367843e-01
1.00045259 3.18601483e-01
1.00046128 3.04453323e-01
1.00046995 2.90904733e-01
1.00047860 2.77954279e-01
1.00048725 2.65599915e-01
1.00049588 2.53829878e-01
1.00050450 2.42615022e-01
1.00051310 2.31916936e-01
1.00052168 2.21712557e-01
1.00053025 2.11988186e-01
1.00053881 2.02727177e-01
1.00054734 1.93907886e-01
1.00055586 1.85503558e-01
1.00056436 1.77489108e-01
1.00057285 1.69843263e-01
1.00058131 1.62546909e-01
1.00058975 1.55582192e-01
1.00059817 1.48932506e-01
1.00060657 1.42584562e-01
1.00061494 1.36526757e-01
1.00062328 1.30747690e-01
1.00063159 1.25234724e-01
1.00063988 1.19974139e-01
1.00064813 1.14954128e-01
1.00065634 1.10165806e-01
1.00066451 1.05600931e-01
1.00067265 1.01250501e-01
1.00068073 9.71040749e-02
1.00068877 9.31513843e-02
1.00069676 8.93848299e-02
1.00070468 8.57979147e-02
1.00071255 8.23836785e-02
