# ADIPLS gamma1,rho kernel K_(Gamma1,rho)(r) for Model S
# Code: ADIPLS (bundled with MESA 26.04.1), igm1kr=1, variational, istsbc=1, icow=0, mdintg=5
# Model: fgong.l5bi.d.15c (md5 8a076ec1810e9871cdf21f6ecdf72016), G=6.67430e-8 cgs
# Mode: l=0 n=20 nu=2902.6833 uHz
# ADIPLS convention: delta(omega)/omega = INTEGRAL[ K * delta(Gamma1) * dx ], x=r/R  (ABSOLUTE delta Gamma1; see README.md)
# columns: x=r/R    K_gamma1_rho
0.00000000 0.00000000e+00
0.00139108 1.95019693e-03
0.00140979 1.97479463e-03
0.00142875 1.99988228e-03
0.00144796 2.02546828e-03
0.00146744 2.05156454e-03
0.00148717 2.07818142e-03
0.00150717 2.10532970e-03
0.00152744 2.13302173e-03
0.00154798 2.16127010e-03
0.00156880 2.19008724e-03
0.00158990 2.21948582e-03
0.00161128 2.24947822e-03
0.00163295 2.28007773e-03
0.00165491 2.31129875e-03
0.00167716 2.34315575e-03
0.00169972 2.37566130e-03
0.00172258 2.40883239e-03
0.00174574 2.44268225e-03
0.00176922 2.47722619e-03
0.00179301 2.51248098e-03
0.00181713 2.54846240e-03
0.00184156 2.58518726e-03
0.00186633 2.62267257e-03
0.00189143 2.66093550e-03
0.00191686 2.69999466e-03
0.00194264 2.73986522e-03
0.00196877 2.78056764e-03
0.00199525 2.82212068e-03
0.00202208 2.86454518e-03
0.00204927 2.90786015e-03
0.00207683 2.95208774e-03
0.00210476 2.99724923e-03
0.00213306 3.04336541e-03
0.00216175 3.09045879e-03
0.00219082 3.13855136e-03
0.00222029 3.18766617e-03
0.00225014 3.23782824e-03
0.00228040 3.28906087e-03
0.00231107 3.34138988e-03
0.00234215 3.39484021e-03
0.00237365 3.44943623e-03
0.00240557 3.50520816e-03
0.00243792 3.56218240e-03
0.00247071 3.62038714e-03
0.00250394 3.67985068e-03
0.00253761 3.74060366e-03
0.00257174 3.80267638e-03
0.00260632 3.86609935e-03
0.00264137 3.93090515e-03
0.00267689 3.99712592e-03
0.00271289 4.06479459e-03
0.00274938 4.13394754e-03
0.00278635 4.20461858e-03
0.00282382 4.27684449e-03
0.00286180 4.35066203e-03
0.00290029 4.42610853e-03
0.00293929 4.50322419e-03
0.00297882 4.58204741e-03
0.00301888 4.66262032e-03
0.00305948 4.74498421e-03
0.00310062 4.82918191e-03
0.00314232 4.91525584e-03
0.00318458 5.00325323e-03
0.00322741 5.09322113e-03
0.00327081 5.18520469e-03
0.00331480 5.27925145e-03
0.00335938 5.37541392e-03
0.00340455 5.47374278e-03
0.00345034 5.57428756e-03
0.00349674 5.67710248e-03
0.00354377 5.78224443e-03
0.00359142 5.88977015e-03
0.00363972 5.99973485e-03
0.00368867 6.11219794e-03
0.00373828 6.22721853e-03
0.00378855 6.34486206e-03
0.00383950 6.46519169e-03
0.00389113 6.58826962e-03
0.00394346 6.71416399e-03
0.00399649 6.84294603e-03
0.00405024 6.97468231e-03
0.00410471 7.10944390e-03
0.00415991 7.24730653e-03
0.00421585 7.38834621e-03
0.00427255 7.53263869e-03
0.00433000 7.68026164e-03
0.00438823 7.83130294e-03
0.00444725 7.98583847e-03
0.00450705 8.14395606e-03
0.00456766 8.30574238e-03
0.00462909 8.47128927e-03
0.00469134 8.64068755e-03
0.00475443 8.81402995e-03
0.00481837 8.99141290e-03
0.00488316 9.17293648e-03
0.00494883 9.35869984e-03
0.00501538 9.54880573e-03
0.00508283 9.74336533e-03
0.00515118 9.94248142e-03
0.00522045 1.01462676e-02
0.00529065 1.03548362e-02
0.00536180 1.05683067e-02
0.00543390 1.07867974e-02
0.00550697 1.10104325e-02
0.00558102 1.12393336e-02
0.00565607 1.14736352e-02
0.00573213 1.17134640e-02
0.00580921 1.19589581e-02
0.00588732 1.22102473e-02
0.00596649 1.24674809e-02
0.00604672 1.27308012e-02
0.00612802 1.30003561e-02
0.00621042 1.32763022e-02
0.00629393 1.35587905e-02
0.00637856 1.38479794e-02
0.00646433 1.41440239e-02
0.00655124 1.44470986e-02
0.00663933 1.47573815e-02
0.00672860 1.50750370e-02
0.00681907 1.54002458e-02
0.00691075 1.57331932e-02
0.00700366 1.60740531e-02
0.00709783 1.64230344e-02
0.00719325 1.67803306e-02
0.00728996 1.71461228e-02
0.00738796 1.75206298e-02
0.00748729 1.79040672e-02
0.00758794 1.82966401e-02
0.00768994 1.86985615e-02
0.00779332 1.91100675e-02
0.00789808 1.95313744e-02
0.00800425 1.99627231e-02
0.00811184 2.04043545e-02
0.00822087 2.08565073e-02
0.00833136 2.13194310e-02
0.00844334 2.17933812e-02
0.00855682 2.22786233e-02
0.00867182 2.27754132e-02
0.00878835 2.32840235e-02
0.00890645 2.38047285e-02
0.00902614 2.43378179e-02
0.00914742 2.48835902e-02
0.00927033 2.54423175e-02
0.00939488 2.60143047e-02
0.00952110 2.65998619e-02
0.00964901 2.71993039e-02
0.00977863 2.78129565e-02
0.00990998 2.84411245e-02
0.01004309 2.90841501e-02
0.01017797 2.97423599e-02
0.01031466 3.04161078e-02
0.01045317 3.11057440e-02
0.01059352 3.18116094e-02
0.01073575 3.25340743e-02
0.01087988 3.32735236e-02
0.01102593 3.40303122e-02
0.01117392 3.48048271e-02
0.01132388 3.55974369e-02
0.01147584 3.64085496e-02
0.01162981 3.72385639e-02
0.01178583 3.80878868e-02
0.01194393 3.89569207e-02
0.01210412 3.98461012e-02
0.01226643 4.07558307e-02
0.01243090 4.16865482e-02
0.01259754 4.26386626e-02
0.01276639 4.36126283e-02
0.01293747 4.46088982e-02
0.01311080 4.56279358e-02
0.01328642 4.66701704e-02
0.01346436 4.77360428e-02
0.01364464 4.88260240e-02
0.01382728 4.99406006e-02
0.01401233 5.10802475e-02
0.01419980 5.22454030e-02
0.01438973 5.34365299e-02
0.01458213 5.46541488e-02
0.01477705 5.58987349e-02
0.01497452 5.71707425e-02
0.01517455 5.84706611e-02
0.01537717 5.97989582e-02
0.01558243 6.11561195e-02
0.01579034 6.25426470e-02
0.01600094 6.39589869e-02
0.01621425 6.54056333e-02
0.01643031 6.68830644e-02
0.01664913 6.83917180e-02
0.01687076 6.99320404e-02
0.01709522 7.15045374e-02
0.01732253 7.31095933e-02
0.01755273 7.47476652e-02
0.01778584 7.64192033e-02
0.01802189 7.81246328e-02
0.01826091 7.98643305e-02
0.01850292 8.16386828e-02
0.01874796 8.34480940e-02
0.01899604 8.52929047e-02
0.01924720 8.71734582e-02
0.01950146 8.90900549e-02
0.01975883 9.10430214e-02
0.02001936 9.30326684e-02
0.02028306 9.50592233e-02
0.02054995 9.71228412e-02
0.02082005 9.92237981e-02
0.02109339 1.01362266e-01
0.02136999 1.03538341e-01
0.02164986 1.05752166e-01
0.02193302 1.08003781e-01
0.02221950 1.10293199e-01
0.02250930 1.12620454e-01
0.02280244 1.14985454e-01
0.02309893 1.17388030e-01
0.02339879 1.19828125e-01
0.02370203 1.22305526e-01
0.02400865 1.24819951e-01
0.02431867 1.27371151e-01
0.02463209 1.29958678e-01
0.02494891 1.32582166e-01
0.02526915 1.35241196e-01
0.02559279 1.37935133e-01
0.02591984 1.40663382e-01
0.02625029 1.43425279e-01
0.02658415 1.46220127e-01
0.02692140 1.49047135e-01
0.02726205 1.51905263e-01
0.02760607 1.54793711e-01
0.02795345 1.57711505e-01
0.02830418 1.60657390e-01
0.02865825 1.63630254e-01
0.02901563 1.66628836e-01
0.02937632 1.69651947e-01
0.02974027 1.72698021e-01
0.03010748 1.75765665e-01
0.03047790 1.78853278e-01
0.03085151 1.81959332e-01
0.03122829 1.85081983e-01
0.03160820 1.88219557e-01
0.03199120 1.91370233e-01
0.03237725 1.94532111e-01
0.03276633 1.97703188e-01
0.03315839 2.00881407e-01
0.03355338 2.04064630e-01
0.03395126 2.07250716e-01
0.03435199 2.10437435e-01
0.03475552 2.13622495e-01
0.03516181 2.16803692e-01
0.03557080 2.19978651e-01
0.03598244 2.23144831e-01
0.03639668 2.26299751e-01
0.03681346 2.29440988e-01
0.03723274 2.32566043e-01
0.03765447 2.35672410e-01
0.03807858 2.38757445e-01
0.03850501 2.41818518e-01
0.03893373 2.44853148e-01
0.03936466 2.47858712e-01
0.03979775 2.50832621e-01
0.04023296 2.53772114e-01
0.04067021 2.56674657e-01
0.04110945 2.59537697e-01
0.04155064 2.62358768e-01
0.04199371 2.65135224e-01
0.04243860 2.67864366e-01
0.04288527 2.70543899e-01
0.04333367 2.73171222e-01
0.04378373 2.75744018e-01
0.04423540 2.78259797e-01
0.04468864 2.80716050e-01
0.04514339 2.83110728e-01
0.04559961 2.85441441e-01
0.04605724 2.87705969e-01
0.04651624 2.89902281e-01
0.04697655 2.92028024e-01
0.04743815 2.94081159e-01
0.04790097 2.96060009e-01
0.04836499 2.97962456e-01
0.04883015 2.99786677e-01
0.04929642 3.01530875e-01
0.04976375 3.03193340e-01
0.05023212 3.04772382e-01
0.05070148 3.06266507e-01
0.05117180 3.07674221e-01
0.05164305 3.08994011e-01
0.05211519 3.10224585e-01
0.05258819 3.11364746e-01
0.05306202 3.12413266e-01
0.05353666 3.13368951e-01
0.05401207 3.14230655e-01
0.05448824 3.14997663e-01
0.05496514 3.15669005e-01
0.05544273 3.16243859e-01
0.05592099 3.16721479e-01
0.05639992 3.17101167e-01
0.05687949 3.17382430e-01
0.05735968 3.17564765e-01
0.05784047 3.17647631e-01
0.05832184 3.17630713e-01
0.05880379 3.17513870e-01
0.05928628 3.17296928e-01
0.05976932 3.16979624e-01
0.06025288 3.16561828e-01
0.06073696 3.16043740e-01
0.06122155 3.15425514e-01
0.06170664 3.14707155e-01
0.06219220 3.13888989e-01
0.06267824 3.12971343e-01
0.06316476 3.11954615e-01
0.06365174 3.10839156e-01
0.06413917 3.09625584e-01
0.06462705 3.08314335e-01
0.06511539 3.06906168e-01
0.06560416 3.05401970e-01
0.06609337 3.03802291e-01
0.06658302 3.02108034e-01
0.06707311 3.00320165e-01
0.06756363 2.98439636e-01
0.06805458 2.96467647e-01
0.06854596 2.94405083e-01
0.06903777 2.92253098e-01
0.06953002 2.90012963e-01
0.07002271 2.87685976e-01
0.07051583 2.85273534e-01
0.07100938 2.82776864e-01
0.07150339 2.80197489e-01
0.07199783 2.77536939e-01
0.07249272 2.74796780e-01
0.07298807 2.71978645e-01
0.07348387 2.69084055e-01
0.07398014 2.66114743e-01
0.07447687 2.63072552e-01
0.07497408 2.59959254e-01
0.07547176 2.56776739e-01
0.07596993 2.53526925e-01
0.07646859 2.50211615e-01
0.07696776 2.46832935e-01
0.07746744 2.43392888e-01
0.07796764 2.39893417e-01
0.07846837 2.36336759e-01
0.07896963 2.32725210e-01
0.07947144 2.29060758e-01
0.07997381 2.25345700e-01
0.08047674 2.21582276e-01
0.08098024 2.17772969e-01
0.08148432 2.13920005e-01
0.08198902 2.10025758e-01
0.08249433 2.06092742e-01
0.08300025 2.02123337e-01
0.08350680 1.98120064e-01
0.08401400 1.94085515e-01
0.08452187 1.90022166e-01
0.08503040 1.85932607e-01
0.08553960 1.81819662e-01
0.08604950 1.77685847e-01
0.08656011 1.73533815e-01
0.08707143 1.69366318e-01
0.08758349 1.65186013e-01
0.08809629 1.60995772e-01
0.08860985 1.56798378e-01
0.08912419 1.52596560e-01
0.08963932 1.48393101e-01
0.09015524 1.44190958e-01
0.09067198 1.39992973e-01
0.09118955 1.35802076e-01
0.09170796 1.31621119e-01
0.09222723 1.27453024e-01
0.09274738 1.23300713e-01
0.09326842 1.19167190e-01
0.09379036 1.15055381e-01
0.09431322 1.10968242e-01
0.09483702 1.06908864e-01
0.09536178 1.02880084e-01
0.09588750 9.88850080e-02
0.09641421 9.49266269e-02
0.09694191 9.10079185e-02
0.09747064 8.71319285e-02
0.09800041 8.33016061e-02
0.09853124 7.95200451e-02
0.09906314 7.57902349e-02
0.09959612 7.21151562e-02
0.10013022 6.84978620e-02
0.10066545 6.49412748e-02
0.10120182 6.14484195e-02
0.10173936 5.80223059e-02
0.10227809 5.46658864e-02
0.10281802 5.13821028e-02
0.10335917 4.81738957e-02
0.10390157 4.50441622e-02
0.10444523 4.19958230e-02
0.10499018 3.90317455e-02
0.10553644 3.61548055e-02
0.10608402 3.33678173e-02
0.10663294 3.06735682e-02
0.10718324 2.80748397e-02
0.10773492 2.55743668e-02
0.10828802 2.31748536e-02
0.10884255 2.08789367e-02
0.10939854 1.86892476e-02
0.10995601 1.66083751e-02
0.11051498 1.46388490e-02
0.11107547 1.27831566e-02
0.11163750 1.10437225e-02
0.11220111 9.42292319e-03
0.11276631 7.92307615e-03
0.11333313 6.54644121e-03
0.11390159 5.29522070e-03
0.11447172 4.17154428e-03
0.11504354 3.17747027e-03
0.11561706 2.31498737e-03
0.11619233 1.58599836e-03
0.11676936 9.92329426e-04
0.11734817 5.35727648e-04
0.11792880 2.17847767e-04
0.11851127 4.02504018e-05
0.11909560 4.40467113e-06
0.11968183 1.11679089e-04
0.12026996 3.63335350e-04
0.12086003 7.60527884e-04
0.12145207 1.30429866e-03
0.12204610 1.99557406e-03
0.12264215 2.83515765e-03
0.12324024 3.82372490e-03
0.12384040 4.96182578e-03
0.12444266 6.24987649e-03
0.12504705 7.68816040e-03
0.12565359 9.27680490e-03
0.12626230 1.10157724e-02
0.12687321 1.29048853e-02
0.12748635 1.49438225e-02
0.12810174 1.71320799e-02
0.12871941 1.94689860e-02
0.12933939 2.19537092e-02
0.12996170 2.45852212e-02
0.13058637 2.73623054e-02
0.13121342 3.02835870e-02
0.13184288 3.33474688e-02
0.13247477 3.65521395e-02
0.13310912 3.98956207e-02
0.13374596 4.33757338e-02
0.13438529 4.69900413e-02
0.13502716 5.07359207e-02
0.13567159 5.46105111e-02
0.13631860 5.86107171e-02
0.13696820 6.27332630e-02
0.13762044 6.69746005e-02
0.13827532 7.13309366e-02
0.13893287 7.57982677e-02
0.13959311 8.03723555e-02
0.14025607 8.50486762e-02
0.14092176 8.98224614e-02
0.14159020 9.46887204e-02
0.14226141 9.96421469e-02
0.14293542 1.04677255e-01
0.14361223 1.09788356e-01
0.14429188 1.14969429e-01
0.14497437 1.20214181e-01
0.14565971 1.25516052e-01
0.14634794 1.30868333e-01
0.14703905 1.36264113e-01
0.14773307 1.41695972e-01
0.14843000 1.47156583e-01
0.14912986 1.52638193e-01
0.14983267 1.58132824e-01
0.15053843 1.63632417e-01
0.15124715 1.69128607e-01
0.15195884 1.74612863e-01
0.15267351 1.80076291e-01
0.15339115 1.85510016e-01
0.15411179 1.90905023e-01
0.15483541 1.96251987e-01
0.15556203 2.01541397e-01
0.15629164 2.06763700e-01
0.15702424 2.11909215e-01
0.15775982 2.16968187e-01
0.15849839 2.21930794e-01
0.15923995 2.26787023e-01
0.15998448 2.31526934e-01
0.16073197 2.36140554e-01
0.16148242 2.40617888e-01
0.16223583 2.44948998e-01
0.16299217 2.49123881e-01
0.16375143 2.53132688e-01
0.16451361 2.56965957e-01
0.16527867 2.60613878e-01
0.16604662 2.64066944e-01
0.16681743 2.67316029e-01
0.16759107 2.70352053e-01
0.16836754 2.73166215e-01
0.16914680 2.75750010e-01
0.16992884 2.78095294e-01
0.17071362 2.80194126e-01
0.17150113 2.82039058e-01
0.17229134 2.83622936e-01
0.17308421 2.84939154e-01
0.17387971 2.85981454e-01
0.17467783 2.86744345e-01
0.17547852 2.87222411e-01
0.17628175 2.87411155e-01
0.17708748 2.87306541e-01
0.17789570 2.86905150e-01
0.17870634 2.86204110e-01
0.17951939 2.85201426e-01
0.18033480 2.83895572e-01
0.18115254 2.82285762e-01
0.18197256 2.80372020e-01
0.18279485 2.78155252e-01
0.18361935 2.75636922e-01
0.18444604 2.72819152e-01
0.18527487 2.69705082e-01
0.18610582 2.66298480e-01
0.18693884 2.62603944e-01
0.18777389 2.58626953e-01
0.18861094 2.54373866e-01
0.18944994 2.49851700e-01
0.19029085 2.45068470e-01
0.19113364 2.40032749e-01
0.19197826 2.34754216e-01
0.19282467 2.29243155e-01
0.19367283 2.23510725e-01
0.19452269 2.17568619e-01
0.19537421 2.11429625e-01
0.19622735 2.05107181e-01
0.19708207 1.98615191e-01
0.19793831 1.91968431e-01
0.19879604 1.85182390e-01
0.19965521 1.78273055e-01
0.20051579 1.71256860e-01
0.20137771 1.64150917e-01
0.20224096 1.56972848e-01
0.20310548 1.49740623e-01
0.20397125 1.42472666e-01
0.20483820 1.35187583e-01
0.20570633 1.27904553e-01
0.20657557 1.20642825e-01
0.20744590 1.13421898e-01
0.20831728 1.06261397e-01
0.20918967 9.91809626e-02
0.21006305 9.22003175e-02
0.21093738 8.53391382e-02
0.21181261 7.86170239e-02
0.21268873 7.20534284e-02
0.21356570 6.56674888e-02
0.21444349 5.94781219e-02
0.21532207 5.35039184e-02
0.21620140 4.77630454e-02
0.21708147 4.22731884e-02
0.21796223 3.70515640e-02
0.21884367 3.21147554e-02
0.21972575 2.74787384e-02
0.22060845 2.31588034e-02
0.22149175 1.91694622e-02
0.22237561 1.55244598e-02
0.22326002 1.22366645e-02
0.22414495 9.31804606e-03
0.22503037 6.77962451e-03
0.22591627 4.63141749e-03
0.22680263 2.88240667e-03
0.22768942 1.54049140e-03
0.22857661 6.12455511e-04
0.22946420 1.03929694e-04
0.23035216 1.93619437e-05
0.23124047 3.61990346e-04
0.23212912 1.13381889e-03
0.23301808 2.33559684e-03
0.23390734 3.96680299e-03
0.23479688 6.02563324e-03
0.23568668 8.50899372e-03
0.23657674 1.14124893e-02
0.23746703 1.47304366e-02
0.23835755 1.84558655e-02
0.23924829 2.25805256e-02
0.24013923 2.70949059e-02
0.24103037 3.19882549e-02
0.24192170 3.72485747e-02
0.24281323 4.28627373e-02
0.24370496 4.88164011e-02
0.24459689 5.50941620e-02
0.24548904 6.16795508e-02
0.24638142 6.85550707e-02
0.24727407 7.57021961e-02
0.24816700 8.31015904e-02
0.24906027 9.07330756e-02
0.24995391 9.85755423e-02
0.25084798 1.06607184e-01
0.25174254 1.14805591e-01
0.25263767 1.23147639e-01
0.25353346 1.31609753e-01
0.25442999 1.40167663e-01
0.25532737 1.48796784e-01
0.25622573 1.57472045e-01
0.25712518 1.66167997e-01
0.25802585 1.74858842e-01
0.25892788 1.83518458e-01
0.25983142 1.92120303e-01
0.26073660 2.00637579e-01
0.26164356 2.09043196e-01
0.26255244 2.17309926e-01
0.26346335 2.25410149e-01
0.26437642 2.33316207e-01
0.26529174 2.41000141e-01
0.26620938 2.48434026e-01
0.26712939 2.55590098e-01
0.26805179 2.62440603e-01
0.26897658 2.68957928e-01
0.26990370 2.75114890e-01
0.27083309 2.80884823e-01
0.27176462 2.86242114e-01
0.27269815 2.91162105e-01
0.27363349 2.95621425e-01
0.27457045 2.99598295e-01
0.27550879 3.03072573e-01
0.27644826 3.06026245e-01
0.27738859 3.08443519e-01
0.27832952 3.10311131e-01
0.27927079 3.11618297e-01
0.28021212 3.12356377e-01
0.28115327 3.12519876e-01
0.28209400 3.12106100e-01
0.28303409 3.11114910e-01
0.28397337 3.09548476e-01
0.28491166 3.07411842e-01
0.28584883 3.04712620e-01
0.28678477 3.01460400e-01
0.28771938 2.97667306e-01
0.28865262 2.93347279e-01
0.28958445 2.88516620e-01
0.29051484 2.83193220e-01
0.29144381 2.77396898e-01
0.29237136 2.71148872e-01
0.29329753 2.64472181e-01
0.29422236 2.57391413e-01
0.29514590 2.49932186e-01
0.29606821 2.42121689e-01
0.29698935 2.33988211e-01
0.29790938 2.25561075e-01
0.29882839 2.16870922e-01
0.29974642 2.07949174e-01
0.30066357 1.98828169e-01
0.30157988 1.89541092e-01
0.30249544 1.80121532e-01
0.30341031 1.70604022e-01
0.30432454 1.61023625e-01
0.30523821 1.51415604e-01
0.30615136 1.41815514e-01
0.30706406 1.32259276e-01
0.30797636 1.22782808e-01
0.30888831 1.13421983e-01
0.30979995 1.04212495e-01
0.31071133 9.51897534e-02
0.31162249 8.63888246e-02
0.31253347 7.78441910e-02
0.31344430 6.95896586e-02
0.31435503 6.16583021e-02
0.31526567 5.40822026e-02
0.31617626 4.68924459e-02
0.31708683 4.01189448e-02
0.31799741 3.37903317e-02
0.31890801 2.79337598e-02
0.31981865 2.25748704e-02
0.32072937 1.77376146e-02
0.32164018 1.34442035e-02
0.32255109 9.71495201e-03
0.32346212 6.56820703e-03
0.32437329 4.02024590e-03
0.32528461 2.08517233e-03
0.32619609 7.74842133e-04
0.32710775 9.87884823e-05
0.32801960 6.41507848e-05
0.32893165 6.75616869e-04
0.32984390 1.93537158e-03
0.33075637 3.84305564e-03
0.33166907 6.39573134e-03
0.33258200 9.58786520e-03
0.33349517 1.34113175e-02
0.33440859 1.78553288e-02
0.33532226 2.29065368e-02
0.33623620 2.85489901e-02
0.33715040 3.47642178e-02
0.33806487 4.15312134e-02
0.33897962 4.88265222e-02
0.33989465 5.66242998e-02
0.34080996 6.48963748e-02
0.34172557 7.36123744e-02
0.34264147 8.27397363e-02
0.34355767 9.22439557e-02
0.34447418 1.02088603e-01
0.34539098 1.12235397e-01
0.34630810 1.22644439e-01
0.34722552 1.33274476e-01
0.34814327 1.44082808e-01
0.34906133 1.55025480e-01
0.34997971 1.66057738e-01
0.35089841 1.77133799e-01
0.35181744 1.88207407e-01
0.35273679 1.99231768e-01
0.35365648 2.10159874e-01
0.35457649 2.20944712e-01
0.35549684 2.31539371e-01
0.35641753 2.41897451e-01
0.35733856 2.51972886e-01
0.35825993 2.61720639e-01
0.35918164 2.71096511e-01
0.36010370 2.80057524e-01
0.36102610 2.88562229e-01
0.36194886 2.96570621e-01
0.36287197 3.04044676e-01
0.36379544 3.10948255e-01
0.36471927 3.17247485e-01
0.36564346 3.22910911e-01
0.36656801 3.27909608e-01
0.36749292 3.32217187e-01
0.36841820 3.35810561e-01
0.36934385 3.38669268e-01
0.37026988 3.40776076e-01
0.37119627 3.42117296e-01
0.37212304 3.42682508e-01
0.37305019 3.42464478e-01
0.37397772 3.41459605e-01
0.37490563 3.39667931e-01
0.37583392 3.37093197e-01
0.37676260 3.33743101e-01
0.37769167 3.29628547e-01
0.37862113 3.24764441e-01
0.37955098 3.19169259e-01
0.38048122 3.12865176e-01
0.38141187 3.05877963e-01
0.38234291 2.98237029e-01
0.38327435 2.89974793e-01
0.38420619 2.81127359e-01
0.38513845 2.71733986e-01
0.38607110 2.61836679e-01
0.38700417 2.51480516e-01
0.38793765 2.40713200e-01
0.38887155 2.29584923e-01
0.38980586 2.18148272e-01
0.39074059 2.06457626e-01
0.39167574 1.94569424e-01
0.39261132 1.82541379e-01
0.39354732 1.70432708e-01
0.39448375 1.58303652e-01
0.39542060 1.46215101e-01
0.39635790 1.34228328e-01
0.39729563 1.22404819e-01
0.39823379 1.10805651e-01
0.39917240 9.94916877e-02
0.40011145 8.85228858e-02
0.40105095 7.79579882e-02
0.40199089 6.78543752e-02
0.40293129 5.82676381e-02
0.40387215 4.92512160e-02
0.40481346 4.08563669e-02
0.40575520 3.31317809e-02
0.40669745 2.61222888e-02
0.40764055 1.98681435e-02
0.40858429 1.44103341e-02
0.40952611 9.79560117e-03
0.41046221 6.06182216e-03
0.41139307 3.21673417e-03
0.41232541 1.25481890e-03
0.41326485 1.92552227e-04
0.41421026 6.19808119e-05
0.41515758 8.82255878e-04
0.41610492 2.65649130e-03
0.41705244 5.38197986e-03
0.41800047 9.05227305e-03
0.41894904 1.36554344e-02
0.41989812 1.91740528e-02
0.42084771 2.55856704e-02
0.42179781 3.28627241e-02
0.42274844 4.09726079e-02
0.42369959 4.98777795e-02
0.42465127 5.95358812e-02
0.42560347 6.99000411e-02
0.42655621 8.09188323e-02
0.42750948 9.25367360e-02
0.42846330 1.04694170e-01
0.42941766 1.17327967e-01
0.43037256 1.30371529e-01
0.43132801 1.43755393e-01
0.43228402 1.57407196e-01
0.43324059 1.71252382e-01
0.43419771 1.85214415e-01
0.43515540 1.99215407e-01
0.43611365 2.13176231e-01
0.43707248 2.27017273e-01
0.43803188 2.40658666e-01
0.43899186 2.54020782e-01
0.43995242 2.67024783e-01
0.44091357 2.79593264e-01
0.44187530 2.91650233e-01
0.44283762 3.03122049e-01
0.44380054 3.13937822e-01
0.44476406 3.24029627e-01
0.44572818 3.33333057e-01
0.44669291 3.41787699e-01
0.44765824 3.49338024e-01
0.44862419 3.55932632e-01
0.44959075 3.61525936e-01
0.45055793 3.66077615e-01
0.45152574 3.69553510e-01
0.45249417 3.71925114e-01
0.45346322 3.73170944e-01
0.45443291 3.73275945e-01
0.45540324 3.72232191e-01
0.45637421 3.70038787e-01
0.45734581 3.66701657e-01
0.45831807 3.62234108e-01
0.45929097 3.56656811e-01
0.46026452 3.49997738e-01
0.46123873 3.42291723e-01
0.46221359 3.33580961e-01
0.46318912 3.23914216e-01
0.46416531 3.13347162e-01
0.46514216 3.01941947e-01
0.46611969 2.89766670e-01
0.46709788 2.76895032e-01
0.46807675 2.63406489e-01
0.46905630 2.49385177e-01
0.47003653 2.34919703e-01
0.47101743 2.20102589e-01
0.47199903 2.05029789e-01
0.47298130 1.89800159e-01
0.47396427 1.74514513e-01
0.47494793 1.59275496e-01
0.47593227 1.44186264e-01
0.47691731 1.29350478e-01
0.47790304 1.14871063e-01
0.47888947 1.00849686e-01
0.47987659 8.73862209e-02
0.48086440 7.45778366e-02
0.48185291 6.25183168e-02
0.48284211 5.12973842e-02
0.48383201 4.10000109e-02
0.48482260 3.17057836e-02
0.48581390 2.34882236e-02
0.48680589 1.64141659e-02
0.48779857 1.05432324e-02
0.48879196 5.92727864e-03
0.48978604 2.60989532e-03
0.49078082 6.25982535e-04
0.49177629 1.36523037e-06
0.49277246 7.52468500e-04
0.49376933 2.88605336e-03
0.49476690 6.39901878e-03
0.49576516 1.12782788e-02
0.49676411 1.75006992e-02
0.49776375 2.50331037e-02
0.49876409 3.38323690e-02
0.49976511 4.38456036e-02
0.50076683 5.50103632e-02
0.50176922 6.72549814e-02
0.50277230 8.04989467e-02
0.50377605 9.46534076e-02
0.50478048 1.09621733e-01
0.50578558 1.25299941e-01
0.50679134 1.41577703e-01
0.50779777 1.58338803e-01
0.50880486 1.75462063e-01
0.50981260 1.92822129e-01
0.51082099 2.10290466e-01
0.51183003 2.27736309e-01
0.51283971 2.45027476e-01
0.51385002 2.62031585e-01
0.51486096 2.78616820e-01
0.51587253 2.94653201e-01
0.51688472 3.10013872e-01
0.51789752 3.24575503e-01
0.51891093 3.38219857e-01
0.51992494 3.50834534e-01
0.52093955 3.62314289e-01
0.52195474 3.72561357e-01
0.52297052 3.81486761e-01
0.52398687 3.89011525e-01
0.52500380 3.95066629e-01
0.52602128 3.99594449e-01
0.52703932 4.02549269e-01
0.52805791 4.03896922e-01
0.52907704 4.03616709e-01
0.53009670 4.01700902e-01
0.53111689 3.98154722e-01
0.53213759 3.92997393e-01
0.53315881 3.86261298e-01
0.53418052 3.77992297e-01
0.53520273 3.68249631e-01
0.53622543 3.57105121e-01
0.53724860 3.44643343e-01
0.53827224 3.30960852e-01
0.53929634 3.16165203e-01
0.54032089 3.00374810e-01
0.54134589 2.83717708e-01
0.54237132 2.66330623e-01
0.54339718 2.48357812e-01
0.54442346 2.29950144e-01
0.54545014 2.11263696e-01
0.54647723 1.92458621e-01
0.54750471 1.73697683e-01
0.54853258 1.55144944e-01
0.54956082 1.36964358e-01
0.55058943 1.19318208e-01
0.55161840 1.02365748e-01
0.55264772 8.62618011e-02
0.55367739 7.11551992e-02
0.55470738 5.71874519e-02
0.55573770 4.44914352e-02
0.55676835 3.31900599e-02
0.55779930 2.33950177e-02
0.55883055 1.52056416e-02
0.55986210 8.70787855e-03
0.56089393 3.97331299e-03
0.56192605 1.05835243e-03
0.56295843 3.52692250e-06
0.56399108 8.32906431e-04
0.56502398 3.55367163e-03
0.56605713 8.15584240e-03
0.56709050 1.46121483e-02
0.56812411 2.28780839e-02
0.56915793 3.28920988e-02
0.57019196 4.45759594e-02
0.57122619 5.78352617e-02
0.57226061 7.25601256e-02
0.57329521 8.86260941e-02
0.57432999 1.05895046e-01
0.57536493 1.24216254e-01
0.57640003 1.43427895e-01
0.57743528 1.63358249e-01
0.57847067 1.83827168e-01
0.57950620 2.04647853e-01
0.58054184 2.25628643e-01
0.58157760 2.46574351e-01
0.58261347 2.67288449e-01
0.58364944 2.87575029e-01
0.58468550 3.07240406e-01
0.58572164 3.26094943e-01
0.58675785 3.43955485e-01
0.58779412 3.60646411e-01
0.58883045 3.76002367e-01
0.58986683 3.89868916e-01
0.59090325 4.02105537e-01
0.59193969 4.12585727e-01
0.59297616 4.21199131e-01
0.59401263 4.27852643e-01
0.59504911 4.32471780e-01
0.59608558 4.35001368e-01
0.59712203 4.35406249e-01
0.59815846 4.33672008e-01
0.59919484 4.29805411e-01
0.60023118 4.23834327e-01
0.60126747 4.15807982e-01
0.60230369 4.05796427e-01
0.60333983 3.93889971e-01
0.60437589 3.80198989e-01
0.60541185 3.64852807e-01
0.60644770 3.47998169e-01
0.60748343 3.29798719e-01
0.60851904 3.10432639e-01
0.60955450 2.90091374e-01
0.61058981 2.68978419e-01
0.61162496 2.47306272e-01
0.61265993 2.25295037e-01
0.61369471 2.03170307e-01
0.61472929 1.81160398e-01
0.61576365 1.59494234e-01
0.61679779 1.38399090e-01
0.61783169 1.18098320e-01
0.61886532 9.88085871e-02
0.61989868 8.07380019e-02
0.62093174 6.40834040e-02
0.62196449 4.90284518e-02
0.62299691 3.57414904e-02
0.62402898 2.43736069e-02
0.62506069 1.50569011e-02
0.62609201 7.90288362e-03
0.62712293 3.00114146e-03
0.62815344 4.18154067e-04
0.62918350 1.96380916e-04
0.63021311 2.35359649e-03
0.63124224 6.88248053e-03
0.63227088 1.37504712e-02
0.63329899 2.28998997e-02
0.63432658 3.42483799e-02
0.63535360 4.76895226e-02
0.63638005 6.30938611e-02
0.63740590 8.03100395e-02
0.63843113 9.91662633e-02
0.63945573 1.19472064e-01
0.64047966 1.41020208e-01
0.64150291 1.63588815e-01
0.64252546 1.86943467e-01
0.64354728 2.10840104e-01
0.64456836 2.35027127e-01
0.64558866 2.59248333e-01
0.64660816 2.83245371e-01
0.64762681 3.06761062e-01
0.64864460 3.29542070e-01
0.64966147 3.51341711e-01
0.65067741 3.71922829e-01
0.65169238 3.91060448e-01
0.65270633 4.08544004e-01
0.65371924 4.24180452e-01
0.65473107 4.37796055e-01
0.65574178 4.49238534e-01
0.65675132 4.58378936e-01
0.65775967 4.65112833e-01
0.65876679 4.69362154e-01
0.65977262 4.71075675e-01
0.66077714 4.70230105e-01
0.66178031 4.66830617e-01
0.66278208 4.60910077e-01
0.66378244 4.52529279e-01
0.66478133 4.41776233e-01
0.66577874 4.28765622e-01
0.66677463 4.13636836e-01
0.66776897 3.96553145e-01
0.66876175 3.77699239e-01
0.66975294 3.57279935e-01
0.67074252 3.35517578e-01
0.67173046 3.12649659e-01
0.67271674 2.88925907e-01
0.67370134 2.64606711e-01
0.67468423 2.39958994e-01
0.67566537 2.15253882e-01
0.67664475 1.90763623e-01
0.67762230 1.66758812e-01
0.67859801 1.43504984e-01
0.67957181 1.21259819e-01
0.68054366 1.00270402e-01
0.68151348 8.07704325e-02
0.68248120 6.29774569e-02
0.68344673 4.70901303e-02
0.68440999 3.32859785e-02
0.68537089 2.17192916e-02
0.68632935 1.25194479e-02
0.68728531 5.78961766e-03
0.68823866 1.60569517e-03
0.68918934 1.54795257e-05
0.69013724 1.03821406e-03
0.69108227 4.66446956e-03
0.69202432 1.08563357e-02
0.69296329 1.95480424e-02
0.69389909 3.06468456e-02
0.69483158 4.40341631e-02
0.69576066 5.95672381e-02
0.69668622 7.70813233e-02
0.69760816 9.63913761e-02
0.69852633 1.17293868e-01
0.69944061 1.39569815e-01
0.70035085 1.62987636e-01
0.70125690 1.87305229e-01
0.70215856 2.12271930e-01
0.70305566 2.37633416e-01
0.70394810 2.63137577e-01
0.70483582 2.88535443e-01
0.70571868 3.13578431e-01
0.70659634 3.38021045e-01
0.70746856 3.61630516e-01
0.70833511 3.84189314e-01
0.70919573 4.05492772e-01
0.71005364 4.25423532e-01
0.71091383 4.43901807e-01
0.71177606 4.60752006e-01
0.71263786 4.75753736e-01
0.71349863 4.88719829e-01
0.71435837 4.99517223e-01
0.71521709 5.08041486e-01
0.71607477 5.14199165e-01
0.71693141 5.17920131e-01
0.71778702 5.19156575e-01
0.71864157 5.17885219e-01
0.71949508 5.14106902e-01
0.72034752 5.07846792e-01
0.72119891 4.99154569e-01
0.72204924 4.88103853e-01
0.72289849 4.74792662e-01
0.72374667 4.59341446e-01
0.72459377 4.41892835e-01
0.72543979 4.22610327e-01
0.72628472 4.01677050e-01
0.72712856 3.79293818e-01
0.72797130 3.55677318e-01
0.72881294 3.31058758e-01
0.72965347 3.05680691e-01
0.73049289 2.79795156e-01
0.73133120 2.53661741e-01
0.73216838 2.27544475e-01
0.73300444 2.01709337e-01
0.73383937 1.76421550e-01
0.73467317 1.51943136e-01
0.73550583 1.28530344e-01
0.73633734 1.06430486e-01
0.73716771 8.58797047e-02
0.73799692 6.71004376e-02
0.73882498 5.02990771e-02
0.73965188 3.56635781e-02
0.74047761 2.33615112e-02
0.74130217 1.35381085e-02
0.74212555 6.31460062e-03
0.74294776 1.78675159e-03
0.74376878 2.36511191e-05
0.74458861 1.06676592e-03
0.74540725 4.92926186e-03
0.74622469 1.15956176e-02
0.74704093 2.10215124e-02
0.74785597 3.31340645e-02
0.74866979 4.78322553e-02
0.74948240 6.49877982e-02
0.75029379 8.44461737e-02
0.75110395 1.06027995e-01
0.75191288 1.29530703e-01
0.75272059 1.54730368e-01
0.75352705 1.81383860e-01
0.75433227 2.09231251e-01
0.75513624 2.37998264e-01
0.75593897 2.67399393e-01
0.75674044 2.97140119e-01
0.75754065 3.26920228e-01
0.75833959 3.56437012e-01
0.75913727 3.85388458e-01
0.75993367 4.13475809e-01
0.76072880 4.40407616e-01
0.76152265 4.65902391e-01
0.76231521 4.89691663e-01
0.76310648 5.11523082e-01
0.76389646 5.31162672e-01
0.76468514 5.48398331e-01
0.76547252 5.63041448e-01
0.76625859 5.74929278e-01
0.76704335 5.83927591e-01
0.76782680 5.89931187e-01
0.76860892 5.92865909e-01
0.76938973 5.92689589e-01
0.77016920 5.89392574e-01
0.77094735 5.82998593e-01
0.77172416 5.73563898e-01
0.77249962 5.61177841e-01
0.77327375 5.45961674e-01
0.77404652 5.28067009e-01
0.77481794 5.07675386e-01
0.77558801 4.84996409e-01
0.77635671 4.60265367e-01
0.77712404 4.33740527e-01
0.77789001 4.05701505e-01
0.77865460 3.76445743e-01
0.77941782 3.46285959e-01
0.78017965 3.15545923e-01
0.78094010 2.84558290e-01
0.78169915 2.53660325e-01
0.78245681 2.23190628e-01
0.78321307 1.93485117e-01
0.78396793 1.64873876e-01
0.78472138 1.37677148e-01
0.78547342 1.12202056e-01
0.78622404 8.87392446e-02
0.78697325 6.75594277e-02
0.78772104 4.89103828e-02
0.78846739 3.30141709e-02
0.78921232 2.00645460e-02
0.78995582 1.02246920e-02
0.79069788 3.62517074e-03
0.79143850 3.62338558e-04
0.79217767 4.97065218e-04
0.79291539 4.05384527e-03
0.79365166 1.10202900e-02
0.79438648 2.13470326e-02
0.79511983 3.49480095e-02
0.79585172 5.17011806e-02
0.79658214 7.14496031e-02
0.79731109 9.40029579e-02
0.79803856 1.19139393e-01
0.79876455 1.46607760e-01
0.79948906 1.76129994e-01
0.80021208 2.07404390e-01
0.80093360 2.40108305e-01
0.80165363 2.73901824e-01
0.80237216 3.08431288e-01
0.80308918 3.43333190e-01
0.80380470 3.78237850e-01
0.80451870 4.12773758e-01
0.80523119 4.46571311e-01
0.80594216 4.79267153e-01
0.80665161 5.10507875e-01
0.80735953 5.39954422e-01
0.80806592 5.67285398e-01
0.80877078 5.92200986e-01
0.80947410 6.14426124e-01
0.81017588 6.33713802e-01
0.81087612 6.49847330e-01
0.81157482 6.62644589e-01
0.81227196 6.71958290e-01
0.81296755 6.77678907e-01
0.81366159 6.79734863e-01
0.81435406 6.78095328e-01
0.81504497 6.72769034e-01
0.81573432 6.63805226e-01
0.81642210 6.51292949e-01
0.81710830 6.35361402e-01
0.81779293 6.16177097e-01
0.81847598 5.93942664e-01
0.81915745 5.68895531e-01
0.81983733 5.41304413e-01
0.82051563 5.11467469e-01
0.82119233 4.79708559e-01
0.82186745 4.46373935e-01
0.82254096 4.11829158e-01
0.82321287 3.76454288e-01
0.82388318 3.40640423e-01
0.82455189 3.04785079e-01
0.82521898 2.69287655e-01
0.82588447 2.34545320e-01
0.82654834 2.00949087e-01
0.82721059 1.68878920e-01
0.82787122 1.38699605e-01
0.82853023 1.10756745e-01
0.82918761 8.53731745e-02
0.82984337 6.28451487e-02
0.83049750 4.34388795e-02
0.83115000 2.73876823e-02
0.83180086 1.48893129e-02
0.83245008 6.10363544e-03
0.83309767 1.15075198e-03
0.83374362 1.09572157e-04
0.83438792 3.01676860e-03
0.83503058 9.86623463e-03
0.83567159 2.06090207e-02
0.83631095 3.51537293e-02
0.83694867 5.33674133e-02
0.83758473 7.50768876e-02
0.83821913 1.00070470e-01
0.83885188 1.28100365e-01
0.83948297 1.58884756e-01
0.84011240 1.92111525e-01
0.84074017 2.27440900e-01
0.84136627 2.64509357e-01
0.84199071 3.02933604e-01
0.84261348 3.42314226e-01
0.84323459 3.82240617e-01
0.84385402 4.22294671e-01
0.84447178 4.62056456e-01
0.84508787 5.01106599e-01
0.84570228 5.39032612e-01
0.84631501 5.75432681e-01
0.84692607 6.09920124e-01
0.84753545 6.42128334e-01
0.84814314 6.71713763e-01
0.84874916 6.98360467e-01
0.84935349 7.21782291e-01
0.84995613 7.41727336e-01
0.85055709 7.57980338e-01
0.85115636 7.70364568e-01
0.85175394 7.78744341e-01
0.85234982 7.83026416e-01
0.85294402 7.83161204e-01
0.85353652 7.79142315e-01
0.85412733 7.71008660e-01
0.85471645 7.58842370e-01
0.85530386 7.42768549e-01
0.85588958 7.22954356e-01
0.85647360 6.99607045e-01
0.85705593 6.72971761e-01
0.85763655 6.43328677e-01
0.85821547 6.10990530e-01
0.85879270 5.76299307e-01
0.85936822 5.39622222e-01
0.85994204 5.01348729e-01
0.86051416 4.61886007e-01
0.86108457 4.21654994e-01
0.86165329 3.81085042e-01
0.86222030 3.40610419e-01
0.86278560 3.00664986e-01
0.86334921 2.61677794e-01
0.86391111 2.24069013e-01
0.86447131 1.88245129e-01
0.86502980 1.54594854e-01
0.86558659 1.23484864e-01
0.86614167 9.52561290e-02
0.86669505 7.02204318e-02
0.86724672 4.86569019e-02
0.86779669 3.08092027e-02
0.86834495 1.68830025e-02
0.86889151 7.04386938e-03
0.86943636 1.41550797e-03
0.86997950 7.84997238e-05
0.87052094 3.06946239e-03
0.87106068 1.03806898e-02
0.87159870 2.19602177e-02
0.87213503 3.77123414e-02
0.87266964 5.74985954e-02
0.87320256 8.11391074e-02
0.87373376 1.08414606e-01
0.87426327 1.39068523e-01
0.87479107 1.72809785e-01
0.87531717 2.09315695e-01
0.87584157 2.48235154e-01
0.87636426 2.89192518e-01
0.87688526 3.31791037e-01
0.87740455 3.75617158e-01
0.87792215 4.20244887e-01
0.87843804 4.65239358e-01
0.87895224 5.10161965e-01
0.87946475 5.54574232e-01
0.87997555 5.98043437e-01
0.88048467 6.40144553e-01
0.88099209 6.80467003e-01
0.88149781 7.18616693e-01
0.88200185 7.54221554e-01
0.88250419 7.86934764e-01
0.88300485 8.16437605e-01
0.88350382 8.42442080e-01
0.88400110 8.64695520e-01
0.88449669 8.82981805e-01
0.88499060 8.97124199e-01
0.88548283 9.06985516e-01
0.88597337 9.12469683e-01
0.88646223 9.13524770e-01
0.88694942 9.10141003e-01
0.88743493 9.02353193e-01
0.88791876 8.90238486e-01
0.88840092 8.73916168e-01
0.88888141 8.53546695e-01
0.88936022 8.29328802e-01
0.88983737 8.01499588e-01
0.89031285 7.70330288e-01
0.89078666 7.36123992e-01
0.89125881 6.99212625e-01
0.89172930 6.59954481e-01
0.89219812 6.18730190e-01
0.89266529 5.75939053e-01
0.89313080 5.31994687e-01
0.89359465 4.87322308e-01
0.89405684 4.42354025e-01
0.89451739 3.97524248e-01
0.89497628 3.53265984e-01
0.89543352 3.10007052e-01
0.89588912 2.68165560e-01
0.89634307 2.28146363e-01
0.89679537 1.90336979e-01
0.89724603 1.55104481e-01
0.89769506 1.22791761e-01
0.89814244 9.37142940e-02
0.89858819 6.81577036e-02
0.89903230 4.63748737e-02
0.89947478 2.85838222e-02
0.89991563 1.49657908e-02
0.90035485 5.66365592e-03
0.90079244 7.80814733e-04
0.90122840 3.80234292e-04
0.90166275 4.48398385e-03
0.90209547 1.30731962e-02
0.90252658 2.60883878e-02
0.90295607 4.34301647e-02
0.90338394 6.49602813e-02
0.90381021 9.05031595e-02
0.90423486 1.19847446e-01
0.90465791 1.52748105e-01
0.90507936 1.88928891e-01
0.90549920 2.28084814e-01
0.90591745 2.69885112e-01
0.90633410 3.13976045e-01
0.90674916 3.59984388e-01
0.90716263 4.07520663e-01
0.90757452 4.56181703e-01
0.90798483 5.05554922e-01
0.90839355 5.55222219e-01
0.90880071 6.04764017e-01
0.90920629 6.53762156e-01
0.90961030 7.01804462e-01
0.91001274 7.48487032e-01
0.91041362 7.93418359e-01
0.91081294 8.36222828e-01
0.91121071 8.76543733e-01
0.91160692 9.14046629e-01
0.91200159 9.48420762e-01
0.91239470 9.79382250e-01
0.91278628 1.00667752e+00
0.91317631 1.03008425e+00
0.91356481 1.04941349e+00
0.91395178 1.06450992e+00
0.91433722 1.07525435e+00
0.91472114 1.08156459e+00
0.91510353 1.08339446e+00
0.91548440 1.08073599e+00
0.91586376 1.07361832e+00
0.91624162 1.06210679e+00
0.91661796 1.04630251e+00
0.91699281 1.02634348e+00
0.91736616 1.00240084e+00
0.91773801 9.74677369e-01
0.91810837 9.43406018e-01
0.91847725 9.08849266e-01
0.91884464 8.71295649e-01
0.91921056 8.31057258e-01
0.91957499 7.88466639e-01
0.91993795 7.43875208e-01
0.92029944 6.97649838e-01
0.92065947 6.50170618e-01
0.92101803 6.01825510e-01
0.92137512 5.53009300e-01
0.92173076 5.04118608e-01
0.92208494 4.55550762e-01
0.92243767 4.07698663e-01
0.92278894 3.60949096e-01
0.92313877 3.15679871e-01
0.92348716 2.72256471e-01
0.92383410 2.31029005e-01
0.92417961 1.92329844e-01
0.92452368 1.56470636e-01
0.92486633 1.23740547e-01
0.92520754 9.44038768e-02
0.92554734 6.86981752e-02
0.92588571 4.68327169e-02
0.92622267 2.89871017e-02
0.92655821 1.53099657e-02
0.92689235 5.91815672e-03
0.92722508 8.95963913e-04
0.92755641 2.94772720e-04
0.92788634 4.13286034e-03
0.92821487 1.23954630e-02
0.92854202 2.50351216e-02
0.92886778 4.19722142e-02
0.92919215 6.30957754e-02
0.92951515 8.82645064e-02
0.92983677 1.17308007e-01
0.93015702 1.50027759e-01
0.93047590 1.86198539e-01
0.93079342 2.25570766e-01
0.93110958 2.67872867e-01
0.93142438 3.12812945e-01
0.93173783 3.60081560e-01
0.93204993 4.09353313e-01
0.93236068 4.60289762e-01
0.93267009 5.12542028e-01
0.93297817 5.65753866e-01
0.93328491 6.19562433e-01
0.93359032 6.73602729e-01
0.93389441 7.27509467e-01
0.93419717 7.80920093e-01
0.93449862 8.33476550e-01
0.93479876 8.84827525e-01
0.93509759 9.34632208e-01
0.93539512 9.82561199e-01
0.93569135 1.02829943e+00
0.93598629 1.07154796e+00
0.93627994 1.11202499e+00
0.93657231 1.14946954e+00
0.93686339 1.18364158e+00
0.93715320 1.21432367e+00
0.93744174 1.24132307e+00
0.93772902 1.26447102e+00
0.93801504 1.28362154e+00
0.93829980 1.29865528e+00
0.93858332 1.30948301e+00
0.93886559 1.31604507e+00
0.93914662 1.31830956e+00
0.93942641 1.31627232e+00
0.93970498 1.30995800e+00
0.93998232 1.29941897e+00
0.94025844 1.28473380e+00
0.94053334 1.26600822e+00
0.94080703 1.24337416e+00
0.94107951 1.21698771e+00
0.94135078 1.18702783e+00
0.94162086 1.15369621e+00
0.94188975 1.11721463e+00
0.94215744 1.07782451e+00
0.94242394 1.03578492e+00
0.94268926 9.91370672e-01
0.94295341 9.44870195e-01
0.94321637 8.96585441e-01
0.94347817 8.46826872e-01
0.94373880 7.95912517e-01
0.94399826 7.44166938e-01
0.94425657 6.91918261e-01
0.94451372 6.39496184e-01
0.94476971 5.87231180e-01
0.94502456 5.35451044e-01
0.94527826 4.84479323e-01
0.94553082 4.34634463e-01
0.94578224 3.86225645e-01
0.94603253 3.39551936e-01
0.94628169 2.94902326e-01
0.94652972 2.52553582e-01
0.94677663 2.12767738e-01
0.94702242 1.75790706e-01
0.94726709 1.41850492e-01
0.94751065 1.11156415e-01
0.94775311 8.38978501e-02
0.94799446 6.02434399e-02
0.94823470 4.03402207e-02
0.94847386 2.43130428e-02
0.94871192 1.22640886e-02
0.94894889 4.27249734e-03
0.94918478 3.94177810e-04
0.94941959 6.61717854e-04
0.94965332 5.08445516e-03
0.94988599 1.36486164e-02
0.95011759 2.63174051e-02
0.95034812 4.30312864e-02
0.95057760 6.37085649e-02
0.95080603 8.82460701e-02
0.95103341 1.16520015e-01
0.95125974 1.48386858e-01
0.95148503 1.83684343e-01
0.95170928 2.22232329e-01
0.95193250 2.63834159e-01
0.95215469 3.08278042e-01
0.95237586 3.55337915e-01
0.95259601 4.04774934e-01
0.95281515 4.56338805e-01
0.95303328 5.09769617e-01
0.95325041 5.64798797e-01
0.95346654 6.21150670e-01
0.95368168 6.78543833e-01
0.95389583 7.36691885e-01
0.95410899 7.95304599e-01
0.95432118 8.54089592e-01
0.95453239 9.12755850e-01
0.95474264 9.71015007e-01
0.95495193 1.02858122e+00
0.95516025 1.08517369e+00
0.95536763 1.14051708e+00
0.95557405 1.19434312e+00
0.95577952 1.24639262e+00
0.95598405 1.29641500e+00
0.95618765 1.34417011e+00
0.95639030 1.38943022e+00
0.95659203 1.43198218e+00
0.95679283 1.47162773e+00
0.95699270 1.50818364e+00
0.95719166 1.54148260e+00
0.95738969 1.57137358e+00
0.95758682 1.59772370e+00
0.95778303 1.62041764e+00
0.95797835 1.63935660e+00
0.95817276 1.65445789e+00
0.95836627 1.66565729e+00
0.95855889 1.67291358e+00
0.95875061 1.67620481e+00
0.95894145 1.67553007e+00
0.95913141 1.67090916e+00
0.95932049 1.66237736e+00
0.95950869 1.64998575e+00
0.95969602 1.63380464e+00
0.95988248 1.61392294e+00
0.96006807 1.59044129e+00
0.96025281 1.56346917e+00
0.96043668 1.53313454e+00
0.96061970 1.49959063e+00
0.96080187 1.46300653e+00
0.96098319 1.42356586e+00
0.96116367 1.38146135e+00
0.96134331 1.33689786e+00
0.96152211 1.29009002e+00
0.96170008 1.24125923e+00
0.96187722 1.19063441e+00
0.96205354 1.13845273e+00
0.96222904 1.08495063e+00
0.96240373 1.03036231e+00
0.96257762 9.74931969e-01
0.96275070 9.18912549e-01
0.96292298 8.62558519e-01
0.96309447 8.06125091e-01
0.96326516 7.49866819e-01
0.96343507 6.94035911e-01
0.96360420 6.38882117e-01
0.96377255 5.84650340e-01
0.96394013 5.31582215e-01
0.96410694 4.79912391e-01
0.96427298 4.29868964e-01
0.96443827 3.81671852e-01
0.96460280 3.35533068e-01
0.96476659 2.91656575e-01
0.96492962 2.50237648e-01
0.96509192 2.11461043e-01
0.96525348 1.75500780e-01
0.96541431 1.42519321e-01
0.96557441 1.12666764e-01
0.96573379 8.60806186e-02
0.96589245 6.28850829e-02
0.96605039 4.31907087e-02
0.96620761 2.70939106e-02
0.96636413 1.46767908e-02
0.96651994 6.00678697e-03
0.96667505 1.13651421e-03
0.96682946 1.03694920e-04
0.96698318 2.93109673e-03
0.96713620 9.62650167e-03
0.96728854 2.01826689e-02
0.96744019 3.45774645e-02
0.96759117 5.27738843e-02
0.96774147 7.47203663e-02
0.96789109 1.00350939e-01
0.96804004 1.29585473e-01
0.96818833 1.62330160e-01
0.96833595 1.98477938e-01
0.96848291 2.37908843e-01
0.96862920 2.80490652e-01
0.96877484 3.26079243e-01
0.96891983 3.74519509e-01
0.96906416 4.25645937e-01
0.96920785 4.79283324e-01
0.96935089 5.35247299e-01
0.96949329 5.93345541e-01
0.96963505 6.53377717e-01
0.96977617 7.15137371e-01
0.96991666 7.78411774e-01
0.97005652 8.42984968e-01
0.97019575 9.08639455e-01
0.97033436 9.75154583e-01
0.97047234 1.04230416e+00
0.97060970 1.10986187e+00
0.97074644 1.17759988e+00
0.97088257 1.24528785e+00
0.97101808 1.31269534e+00
0.97115298 1.37959545e+00
0.97128728 1.44576396e+00
0.97142098 1.51098028e+00
0.97155407 1.57502984e+00
0.97168657 1.63769884e+00
0.97181848 1.69878089e+00
0.97194980 1.75807485e+00
0.97208053 1.81538707e+00
0.97221067 1.87053296e+00
0.97234023 1.92333665e+00
0.97246921 1.97362122e+00
0.97259762 2.02121754e+00
0.97272546 2.06596600e+00
0.97285272 2.10771550e+00
0.97297943 2.14632469e+00
0.97310556 2.18166355e+00
0.97323114 2.21361149e+00
0.97335616 2.24206337e+00
0.97348062 2.26692903e+00
0.97360452 2.28814657e+00
0.97372788 2.30566266e+00
0.97385068 2.31941854e+00
0.97397294 2.32936217e+00
0.97409466 2.33545769e+00
0.97421583 2.33768039e+00
0.97433647 2.33601942e+00
0.97445657 2.33047623e+00
0.97457613 2.32106731e+00
0.97469516 2.30781954e+00
0.97481366 2.29078097e+00
0.97493162 2.27003439e+00
0.97504905 2.24567866e+00
0.97516596 2.21779746e+00
0.97528233 2.18647343e+00
0.97539819 2.15180337e+00
0.97551352 2.11389797e+00
0.97562833 2.07287914e+00
0.97574262 2.02887854e+00
0.97585639 1.98203916e+00
0.97596965 1.93251526e+00
0.97608238 1.88047019e+00
0.97619460 1.82608079e+00
0.97630630 1.76954810e+00
0.97641748 1.71108135e+00
0.97652815 1.65087685e+00
0.97663830 1.58912863e+00
0.97674794 1.52603801e+00
0.97685706 1.46181195e+00
0.97696567 1.39665977e+00
0.97707377 1.33079428e+00
0.97718136 1.26443690e+00
0.97728844 1.19781410e+00
0.97739500 1.13114807e+00
0.97750105 1.06465440e+00
0.97760660 9.98547583e-01
0.97771163 9.33039630e-01
0.97781616 8.68342250e-01
0.97792018 8.04665507e-01
0.97802370 7.42212000e-01
0.97812671 6.81179143e-01
0.97822921 6.21760044e-01
0.97833121 5.64139623e-01
0.97843271 5.08495666e-01
0.97853371 4.54999458e-01
0.97863421 4.03815867e-01
0.97873421 3.55102505e-01
0.97883372 3.09009484e-01
0.97893272 2.65678852e-01
0.97903124 2.25244298e-01
0.97912925 1.87830900e-01
0.97922678 1.53553946e-01
0.97932381 1.22518291e-01
0.97942035 9.48185715e-02
0.97951640 7.05390299e-02
0.97961196 4.97534430e-02
0.97970703 3.25250427e-02
0.97980161 1.89062788e-02
0.97989570 8.93894554e-03
0.97998931 2.65394029e-03
0.98008243 7.12856585e-05
0.98017506 1.20009907e-03
0.98026721 6.03870309e-03
0.98035888 1.45748500e-02
0.98045006 2.67858475e-02
0.98054076 4.26387527e-02
0.98063097 6.20904520e-02
0.98072070 8.50881271e-02
0.98080995 1.11569420e-01
0.98089871 1.41462718e-01
0.98098700 1.74687246e-01
0.98107480 2.11154569e-01
0.98116213 2.50769171e-01
0.98124899 2.93429758e-01
0.98133537 3.39026270e-01
0.98142127 3.87438446e-01
0.98150671 4.38541879e-01
0.98159168 4.92211745e-01
0.98167618 5.48322769e-01
0.98176021 6.06747144e-01
0.98184378 6.67350714e-01
0.98192688 7.29989485e-01
0.98200953 7.94512371e-01
0.98209173 8.60766912e-01
0.98217347 9.28596477e-01
0.98225476 9.97839880e-01
0.98233560 1.06833204e+00
0.98241600 1.13991361e+00
0.98249595 1.21243101e+00
0.98257546 1.28573342e+00
0.98265452 1.35967392e+00
0.98273315 1.43409650e+00
0.98281135 1.50883316e+00
0.98288911 1.58372650e+00
0.98296645 1.65863429e+00
0.98304335 1.73342028e+00
0.98311983 1.80794851e+00
0.98319589 1.88206782e+00
0.98327153 1.95561241e+00
0.98334674 2.02843543e+00
0.98342155 2.10040956e+00
0.98349594 2.17141948e+00
0.98356992 2.24135561e+00
0.98364349 2.31009928e+00
0.98371666 2.37750455e+00
0.98378943 2.44344582e+00
0.98386179 2.50782255e+00
0.98393376 2.57054409e+00
0.98400534 2.63152941e+00
0.98407652 2.69069662e+00
0.98414732 2.74794708e+00
0.98421773 2.80318279e+00
0.98428777 2.85632128e+00
0.98435742 2.90728446e+00
0.98442669 2.95599838e+00
0.98449560 3.00238815e+00
0.98456413 3.04636899e+00
0.98463230 3.08785763e+00
0.98470010 3.12680916e+00
0.98476755 3.16319915e+00
0.98483464 3.19700699e+00
0.98490138 3.22821725e+00
0.98496776 3.25680656e+00
0.98503380 3.28272386e+00
0.98509949 3.30591412e+00
0.98516485 3.32635273e+00
0.98522986 3.34403485e+00
0.98529454 3.35895561e+00
0.98535889 3.37112071e+00
0.98542291 3.38052228e+00
0.98548661 3.38713426e+00
0.98554998 3.39094281e+00
0.98561303 3.39196772e+00
0.98567576 3.39024066e+00
0.98573819 3.38579490e+00
0.98580030 3.37867009e+00
0.98586210 3.36889870e+00
0.98592359 3.35648386e+00
0.98598479 3.34142851e+00
0.98604568 3.32377401e+00
0.98610628 3.30358136e+00
0.98616659 3.28090764e+00
0.98622660 3.25581201e+00
0.98628633 3.22835177e+00
0.98634578 3.19856524e+00
0.98640494 3.16647003e+00
0.98646382 3.13210402e+00
0.98652242 3.09552513e+00
0.98658076 3.05679924e+00
0.98663882 3.01599282e+00
0.98669661 2.97317678e+00
0.98675414 2.92841950e+00
0.98681140 2.88177686e+00
0.98686840 2.83329312e+00
0.98692514 2.78304081e+00
0.98698163 2.73110702e+00
0.98703787 2.67758039e+00
0.98709385 2.62255062e+00
0.98714959 2.56610812e+00
0.98720507 2.50834497e+00
0.98726032 2.44933797e+00
0.98731532 2.38915616e+00
0.98737009 2.32789756e+00
0.98742461 2.26567120e+00
0.98747890 2.20256725e+00
0.98753296 2.13865822e+00
0.98758678 2.07402899e+00
0.98764038 2.00878745e+00
0.98769375 1.94304873e+00
0.98774690 1.87691343e+00
0.98779982 1.81047445e+00
0.98785253 1.74382130e+00
0.98790502 1.67704056e+00
0.98795729 1.61021464e+00
0.98800935 1.54343184e+00
0.98806119 1.47680022e+00
0.98811283 1.41043552e+00
0.98816425 1.34444997e+00
0.98821547 1.27894307e+00
0.98826649 1.21400565e+00
0.98831730 1.14973548e+00
0.98836791 1.08623017e+00
0.98841832 1.02358389e+00
0.98846854 9.61889437e-01
0.98851856 9.01252219e-01
0.98856838 8.41783311e-01
0.98861801 7.83591952e-01
0.98866745 7.26779566e-01
0.98871670 6.71436429e-01
0.98876577 6.17650129e-01
0.98881464 5.65509745e-01
0.98886333 5.15106918e-01
0.98891184 4.66534935e-01
0.98896016 4.19885889e-01
0.98900830 3.75253507e-01
0.98905626 3.32728332e-01
0.98910405 2.92396994e-01
0.98915165 2.54341413e-01
0.98919908 2.18639599e-01
0.98924633 1.85369073e-01
0.98929342 1.54606596e-01
0.98934033 1.26426929e-01
0.98938706 1.00902140e-01
0.98943363 7.81014442e-02
0.98948003 5.80917388e-02
0.98952626 4.09373543e-02
0.98957233 2.66997328e-02
0.98961823 1.54369559e-02
0.98966397 7.20401136e-03
0.98970954 2.05251384e-03
0.98975495 3.07103485e-05
0.98980020 1.18336500e-03
0.98984528 5.55146301e-03
0.98989021 1.31720635e-02
0.98993498 2.40780171e-02
0.98997959 3.82979210e-02
0.99002404 5.58561967e-02
0.99006834 7.67729067e-02
0.99011248 1.01063977e-01
0.99015647 1.28742251e-01
0.99020030 1.59816213e-01
0.99024398 1.94288790e-01
0.99028750 2.32156969e-01
0.99033087 2.73411945e-01
0.99037409 3.18039152e-01
0.99041716 3.66018380e-01
0.99046007 4.17323731e-01
0.99050283 4.71925413e-01
0.99054544 5.29790547e-01
0.99058791 5.90882165e-01
0.99063022 6.55160550e-01
0.99067238 7.22581547e-01
0.99071439 7.93093842e-01
0.99075625 8.66637858e-01
0.99079797 9.43153293e-01
0.99083954 1.02257942e+00
0.99088095 1.10485340e+00
0.99092222 1.18991004e+00
0.99096335 1.27767909e+00
0.99100432 1.36808130e+00
0.99104515 1.46103348e+00
0.99108584 1.55645619e+00
0.99112638 1.65427221e+00
0.99116677 1.75440053e+00
0.99120703 1.85675607e+00
0.99124713 1.96124920e+00
0.99128710 2.06778575e+00
0.99132692 2.17626201e+00
0.99136660 2.28656468e+00
0.99140614 2.39857642e+00
0.99144554 2.51217675e+00
0.99148480 2.62723761e+00
0.99152392 2.74363743e+00
0.99156290 2.86126782e+00
0.99160174 2.98001601e+00
0.99164044 3.09974517e+00
0.99167900 3.22030611e+00
0.99171743 3.34154353e+00
0.99175572 3.46329757e+00
0.99179388 3.58540222e+00
0.99183189 3.70770373e+00
0.99186978 3.83006152e+00
0.99190752 3.95232215e+00
0.99194513 4.07431421e+00
0.99198261 4.19586946e+00
0.99201995 4.31681278e+00
0.99205716 4.43697392e+00
0.99209423 4.55621849e+00
0.99213117 4.67446700e+00
0.99216797 4.79160657e+00
0.99220464 4.90746809e+00
0.99224118 5.02187641e+00
0.99227757 5.13467313e+00
0.99231384 5.24571359e+00
0.99234997 5.35486029e+00
0.99238597 5.46199908e+00
0.99242183 5.56701209e+00
0.99245756 5.66977277e+00
0.99249315 5.77016254e+00
0.99252862 5.86807782e+00
0.99256394 5.96341738e+00
0.99259914 6.05608132e+00
0.99263420 6.14596503e+00
0.99266914 6.23296711e+00
0.99270393 6.31697691e+00
0.99273860 6.39788214e+00
0.99277314 6.47555944e+00
0.99280755 6.54992192e+00
0.99284183 6.62090095e+00
0.99287598 6.68844771e+00
0.99291000 6.75258609e+00
0.99294390 6.81335136e+00
0.99297766 6.87070869e+00
0.99301130 6.92458525e+00
0.99304482 6.97490210e+00
0.99307821 7.02156211e+00
0.99311147 7.06447059e+00
0.99314460 7.10355483e+00
0.99317762 7.13874420e+00
0.99321051 7.16997191e+00
0.99324327 7.19718588e+00
0.99327591 7.22033651e+00
0.99330844 7.23938339e+00
0.99334083 7.25429879e+00
0.99337311 7.26503967e+00
0.99340527 7.27155599e+00
0.99343731 7.27382812e+00
0.99346923 7.27184994e+00
0.99350103 7.26562097e+00
0.99353272 7.25514805e+00
0.99356429 7.24044290e+00
0.99359574 7.22161151e+00
0.99362707 7.19883144e+00
0.99365829 7.17218516e+00
0.99368940 7.14167464e+00
0.99372039 7.10727923e+00
0.99375126 7.06898190e+00
0.99378202 7.02680202e+00
0.99381267 6.98077201e+00
0.99384320 6.93092440e+00
0.99387362 6.87730652e+00
0.99390393 6.81997753e+00
0.99393412 6.75900072e+00
0.99396421 6.69444641e+00
0.99399418 6.62639188e+00
0.99402404 6.55492237e+00
0.99405380 6.48010981e+00
0.99408344 6.40202806e+00
0.99411298 6.32073451e+00
0.99414240 6.23630726e+00
0.99417172 6.14882308e+00
0.99420094 6.05841292e+00
0.99423005 5.96530634e+00
0.99425905 5.86969595e+00
0.99428794 5.77167949e+00
0.99431673 5.67133125e+00
0.99434541 5.56874028e+00
0.99437399 5.46401933e+00
0.99440247 5.35728301e+00
0.99443084 5.24863808e+00
0.99445910 5.13817662e+00
0.99448726 5.02599505e+00
0.99451532 4.91219257e+00
0.99454328 4.79687854e+00
0.99457114 4.68016821e+00
0.99459889 4.56218181e+00
0.99462655 4.44304268e+00
0.99465410 4.32287811e+00
0.99468156 4.20182313e+00
0.99470892 4.08001362e+00
0.99473617 3.95760886e+00
0.99476333 3.83483880e+00
0.99479039 3.71194496e+00
0.99481736 3.58909021e+00
0.99484422 3.46636523e+00
0.99487099 3.34386766e+00
0.99489766 3.22170276e+00
0.99492424 3.09998109e+00
0.99495072 2.97881751e+00
0.99497711 2.85833618e+00
0.99500339 2.73866047e+00
0.99502959 2.61991832e+00
0.99505569 2.50223979e+00
0.99508169 2.38576601e+00
0.99510761 2.27065498e+00
0.99513342 2.15705981e+00
0.99515915 2.04510795e+00
0.99518478 1.93491807e+00
0.99521032 1.82660990e+00
0.99523577 1.72030434e+00
0.99526113 1.61614938e+00
0.99528640 1.51431398e+00
0.99531158 1.41493203e+00
0.99533666 1.31810061e+00
0.99536166 1.22391708e+00
0.99538657 1.13248091e+00
0.99541138 1.04389246e+00
0.99543611 9.58253116e-01
0.99546075 8.75667261e-01
0.99548530 7.96246217e-01
0.99550976 7.20095257e-01
0.99553413 6.47306565e-01
0.99555842 5.77967496e-01
0.99558261 5.12165058e-01
0.99560672 4.49983981e-01
0.99563074 3.91507672e-01
0.99565468 3.36817103e-01
0.99567853 2.85989148e-01
0.99570229 2.39101015e-01
0.99572597 1.96229248e-01
0.99574957 1.57442811e-01
0.99577308 1.22800028e-01
0.99579651 9.23536721e-02
0.99581985 6.61552220e-02
0.99584310 4.42533974e-02
0.99586627 2.66942745e-02
0.99588936 1.35196593e-02
0.99591236 4.76730495e-03
0.99593528 4.71224868e-04
0.99595812 6.62015626e-04
0.99598087 5.36644272e-03
0.99600354 1.46072235e-02
0.99602613 2.84027784e-02
0.99604864 4.67670229e-02
0.99607106 6.97092449e-02
0.99609341 9.72338912e-02
0.99611567 1.29341259e-01
0.99613786 1.66032247e-01
0.99615996 2.07307640e-01
0.99618199 2.53161912e-01
0.99620393 3.03583101e-01
0.99622579 3.58553929e-01
0.99624758 4.18052780e-01
0.99626929 4.82059815e-01
0.99629091 5.50552999e-01
0.99631246 6.23503072e-01
0.99633393 7.00872970e-01
0.99635532 7.82623513e-01
0.99637663 8.68708318e-01
0.99639786 9.59076876e-01
0.99641902 1.05367611e+00
0.99644009 1.15244477e+00
0.99646110 1.25532037e+00
0.99648202 1.36223229e+00
0.99650287 1.47313124e+00
0.99652365 1.58801176e+00
0.99654435 1.70685332e+00
0.99656497 1.82958556e+00
0.99658552 1.95612636e+00
0.99660599 2.08639082e+00
0.99662639 2.22028836e+00
0.99664671 2.35772240e+00
0.99666696 2.49860291e+00
0.99668714 2.64286658e+00
0.99670724 2.79042520e+00
0.99672726 2.94117762e+00
0.99674721 3.09501111e+00
0.99676709 3.25181337e+00
0.99678690 3.41146001e+00
0.99680663 3.57383321e+00
0.99682629 3.73880805e+00
0.99684588 3.90631631e+00
0.99686540 4.07640674e+00
0.99688485 4.24914097e+00
0.99690423 4.42444488e+00
0.99692353 4.60217083e+00
0.99694277 4.78218327e+00
0.99696193 4.96433964e+00
0.99698103 5.14849811e+00
0.99700005 5.33452329e+00
0.99701900 5.52230580e+00
0.99703788 5.71173768e+00
0.99705669 5.90266930e+00
0.99707544 6.09494889e+00
0.99709411 6.28843487e+00
0.99711271 6.48296991e+00
0.99713125 6.67839979e+00
0.99714972 6.87456155e+00
0.99716812 7.07135703e+00
0.99718645 7.26893570e+00
0.99720472 7.46751475e+00
0.99722292 7.66704672e+00
0.99724105 7.86733577e+00
0.99725911 8.06819922e+00
0.99727711 8.26946733e+00
0.99729504 8.47096931e+00
0.99731291 8.67254638e+00
0.99733070 8.87403486e+00
0.99734843 9.07530780e+00
0.99736610 9.27629261e+00
0.99738370 9.47685870e+00
0.99740123 9.67685243e+00
0.99741870 9.87610468e+00
0.99743610 1.00744420e+01
0.99745344 1.02716824e+01
0.99747072 1.04677527e+01
0.99748793 1.06628677e+01
0.99750508 1.08572898e+01
0.99752217 1.10509914e+01
0.99753919 1.12438398e+01
0.99755615 1.14356898e+01
0.99757304 1.16263620e+01
0.99758987 1.18157022e+01
0.99760664 1.20035415e+01
0.99762334 1.21897103e+01
0.99763998 1.23740569e+01
0.99765656 1.25564140e+01
0.99767308 1.27366043e+01
0.99768953 1.29145002e+01
0.99770592 1.30900464e+01
0.99772225 1.32631513e+01
0.99773852 1.34336914e+01
0.99775473 1.36017593e+01
0.99777088 1.37678382e+01
0.99778697 1.39322408e+01
0.99780300 1.40948322e+01
0.99781897 1.42553709e+01
0.99783488 1.44136587e+01
0.99785072 1.45695112e+01
0.99786651 1.47227967e+01
0.99788224 1.48734086e+01
0.99789790 1.50212448e+01
0.99791351 1.51661306e+01
0.99792905 1.53079386e+01
0.99794454 1.54465254e+01
0.99795997 1.55817942e+01
0.99797534 1.57136540e+01
0.99799064 1.58419931e+01
0.99800590 1.59667104e+01
0.99802109 1.60881095e+01
0.99803623 1.62068646e+01
0.99805131 1.63232444e+01
0.99806633 1.64370810e+01
0.99808129 1.65481488e+01
0.99809620 1.66562491e+01
0.99811104 1.67612304e+01
0.99812583 1.68629383e+01
0.99814056 1.69612484e+01
0.99815524 1.70560340e+01
0.99816985 1.71472232e+01
0.99818441 1.72347188e+01
0.99819891 1.73184790e+01
0.99821335 1.73984880e+01
0.99822774 1.74747943e+01
0.99824208 1.75473441e+01
0.99825635 1.76162006e+01
0.99827058 1.76818731e+01
0.99828474 1.77449052e+01
0.99829885 1.78052808e+01
0.99831291 1.78627385e+01
0.99832690 1.79170926e+01
0.99834085 1.79681824e+01
0.99835473 1.80158795e+01
0.99836856 1.80600570e+01
0.99838234 1.81007074e+01
0.99839606 1.81378322e+01
0.99840972 1.81713820e+01
0.99842333 1.82013144e+01
0.99843688 1.82276040e+01
0.99845038 1.82502288e+01
0.99846383 1.82691558e+01
0.99847721 1.82843374e+01
0.99849055 1.82960409e+01
0.99850383 1.83049397e+01
0.99851706 1.83113696e+01
0.99853024 1.83152076e+01
0.99854335 1.83163020e+01
0.99855642 1.83145950e+01
0.99856943 1.83099868e+01
0.99858239 1.83023980e+01
0.99859529 1.82917376e+01
0.99860814 1.82779346e+01
0.99862093 1.82609380e+01
0.99863367 1.82407175e+01
0.99864635 1.82172408e+01
0.99865898 1.81904956e+01
0.99867156 1.81604800e+01
0.99868409 1.81271994e+01
0.99869656 1.80906635e+01
0.99870898 1.80513080e+01
0.99872134 1.80097695e+01
0.99873365 1.79662545e+01
0.99874591 1.79206115e+01
0.99875812 1.78727216e+01
0.99877027 1.78224867e+01
0.99878237 1.77698442e+01
0.99879441 1.77147402e+01
0.99880640 1.76571215e+01
0.99881833 1.75969780e+01
0.99883022 1.75342786e+01
0.99884204 1.74690364e+01
0.99885382 1.74012352e+01
0.99886554 1.73309333e+01
0.99887721 1.72581777e+01
0.99888882 1.71830102e+01
0.99890039 1.71055140e+01
0.99891190 1.70260711e+01
0.99892335 1.69451573e+01
0.99893476 1.68628861e+01
0.99894611 1.67791485e+01
0.99895740 1.66938628e+01
0.99896864 1.66069718e+01
0.99897983 1.65184214e+01
0.99899097 1.64281674e+01
0.99900204 1.63361853e+01
0.99901307 1.62424536e+01
0.99902404 1.61469898e+01
0.99903496 1.60498245e+01
0.99904582 1.59509664e+01
0.99905663 1.58504478e+01
0.99906738 1.57483131e+01
0.99907808 1.56446144e+01
0.99908873 1.55394130e+01
0.99909932 1.54329604e+01
0.99910985 1.53256411e+01
0.99912034 1.52175841e+01
0.99913076 1.51087275e+01
0.99914114 1.49990238e+01
0.99915145 1.48884328e+01
0.99916171 1.47769340e+01
0.99917192 1.46645064e+01
0.99918207 1.45511582e+01
0.99919216 1.44368962e+01
0.99920220 1.43217465e+01
0.99921218 1.42057275e+01
0.99922210 1.40888676e+01
0.99923197 1.39712122e+01
0.99924178 1.38528088e+01
0.99925153 1.37336866e+01
0.99926122 1.36139002e+01
0.99927086 1.34935105e+01
0.99928044 1.33727191e+01
0.99928996 1.32517273e+01
0.99929943 1.31305288e+01
0.99930883 1.30090934e+01
0.99931818 1.28874351e+01
0.99932747 1.27655701e+01
0.99933669 1.26435262e+01
0.99934586 1.25213355e+01
0.99935497 1.23990088e+01
0.99936401 1.22765461e+01
0.99937300 1.21539572e+01
0.99938192 1.20312577e+01
0.99939078 1.19084752e+01
0.99939957 1.17856306e+01
0.99940831 1.16627494e+01
0.99941698 1.15398480e+01
0.99942559 1.14169795e+01
0.99943413 1.12941933e+01
0.99944261 1.11715674e+01
0.99945103 1.10492299e+01
0.99945938 1.09272392e+01
0.99946767 1.08055826e+01
0.99947589 1.06842554e+01
0.99948404 1.05632790e+01
0.99949212 1.04426990e+01
0.99950014 1.03225261e+01
0.99950808 1.02027727e+01
0.99951596 1.00834291e+01
0.99952376 9.96447809e+00
0.99953150 9.84593474e+00
0.99953916 9.72782504e+00
0.99954675 9.61021215e+00
0.99955427 9.49314754e+00
0.99956171 9.37665130e+00
0.99956908 9.26072461e+00
0.99957637 9.14538515e+00
0.99958359 9.03066727e+00
0.99959073 8.91658876e+00
0.99959779 8.80317090e+00
0.99960478 8.69040012e+00
0.99961169 8.57824456e+00
0.99961851 8.46671841e+00
0.99962526 8.35586220e+00
0.99963193 8.24572636e+00
0.99963851 8.13633756e+00
0.99964501 8.02766453e+00
0.99965143 7.91969512e+00
0.99965776 7.81248431e+00
0.99966400 7.70608999e+00
0.99967016 7.60056616e+00
0.99967623 7.49593014e+00
0.99968221 7.39214794e+00
0.99968810 7.28917775e+00
0.99969391 7.18702562e+00
0.99969962 7.08571219e+00
0.99970524 6.98525305e+00
0.99971077 6.88564537e+00
0.99971621 6.78687741e+00
0.99972155 6.68897151e+00
0.99972680 6.59196421e+00
0.99973196 6.49587751e+00
0.99973702 6.40071638e+00
0.99974199 6.30646153e+00
0.99974687 6.21308944e+00
0.99975165 6.12059068e+00
0.99975634 6.02896587e+00
0.99976093 5.93819651e+00
0.99976543 5.84822852e+00
0.99976984 5.75905097e+00
0.99977415 5.67071418e+00
0.99977836 5.58328064e+00
0.99978249 5.49680120e+00
0.99978652 5.41128621e+00
0.99979046 5.32672216e+00
0.99979431 5.24311187e+00
0.99979807 5.16048573e+00
0.99980174 5.07887924e+00
0.99980532 4.99832363e+00
0.99980882 4.91885956e+00
0.99981223 4.84048684e+00
0.99981555 4.76317270e+00
0.99981879 4.68688973e+00
0.99982196 4.61162033e+00
0.99982504 4.53739484e+00
0.99982804 4.46426978e+00
0.99983097 4.39227083e+00
0.99983383 4.32141286e+00
0.99983661 4.25172109e+00
0.99983933 4.18323705e+00
0.99984197 4.11599296e+00
0.99984456 4.04998373e+00
0.99984708 3.98517995e+00
0.99984954 3.92154382e+00
0.99985194 3.85908867e+00
0.99985429 3.79788290e+00
0.99985659 3.73794381e+00
0.99985884 3.67921695e+00
0.99986105 3.62163895e+00
0.99986321 3.56516115e+00
0.99986534 3.50981876e+00
0.99986743 3.45567889e+00
0.99986948 3.40271335e+00
0.99987151 3.35085479e+00
0.99987351 3.30003743e+00
0.99987549 3.25027110e+00
0.99987744 3.20168032e+00
0.99987937 3.15435428e+00
0.99988128 3.10830646e+00
0.99988317 3.06355462e+00
0.99988504 3.02014959e+00
0.99988687 2.97825448e+00
0.99988868 2.93809435e+00
0.99989045 2.89976492e+00
0.99989219 2.86324645e+00
0.99989388 2.82849368e+00
0.99989554 2.79542808e+00
0.99989716 2.76397490e+00
0.99989875 2.73408432e+00
0.99990032 2.70563700e+00
0.99990186 2.67844164e+00
0.99990339 2.65230565e+00
0.99990492 2.62704246e+00
0.99990645 2.60247116e+00
0.99990799 2.57842811e+00
0.99990954 2.55480006e+00
0.99991112 2.53151196e+00
0.99991273 2.50846971e+00
0.99991438 2.48556648e+00
0.99991607 2.46272294e+00
0.99991782 2.43987384e+00
0.99991962 2.41695657e+00
0.99992147 2.39390687e+00
0.99992339 2.37068073e+00
0.99992538 2.34727707e+00
0.99992743 2.32371601e+00
0.99992956 2.29999521e+00
0.99993176 2.27609799e+00
0.99993404 2.25201551e+00
0.99993638 2.22774490e+00
0.99993880 2.20328160e+00
0.99994129 2.17862168e+00
0.99994386 2.15378043e+00
0.99994649 2.12880397e+00
0.99994919 2.10372687e+00
0.99995196 2.07855119e+00
0.99995480 2.05327416e+00
0.99995770 2.02790301e+00
0.99996066 2.00245030e+00
0.99996367 1.97693823e+00
0.99996675 1.95140038e+00
0.99996988 1.92589705e+00
0.99997306 1.90052163e+00
0.99997629 1.87533429e+00
0.99997956 1.85031221e+00
0.99998288 1.82535385e+00
0.99998623 1.80032579e+00
0.99998963 1.77514962e+00
0.99999305 1.74983329e+00
0.99999651 1.72443678e+00
1.00000000 1.69901659e+00
1.00000925 1.63286136e+00
1.00001867 1.56788368e+00
1.00002824 1.50568147e+00
1.00003791 1.44679519e+00
1.00004767 1.38946507e+00
1.00005749 1.33262468e+00
1.00006734 1.27714382e+00
1.00007723 1.22379999e+00
1.00008712 1.17236460e+00
1.00009701 1.12257622e+00
1.00010689 1.07466119e+00
1.00011673 1.02869020e+00
1.00012652 9.84240539e-01
1.00013628 9.41065997e-01
1.00014600 8.99544303e-01
1.00015568 8.60295391e-01
1.00016534 8.23425214e-01
1.00017496 7.88385431e-01
1.00018452 7.54546704e-01
1.00019402 7.21476010e-01
1.00020346 6.89230479e-01
1.00021284 6.58263689e-01
1.00022216 6.28712217e-01
1.00023144 6.00445597e-01
1.00024066 5.73437653e-01
1.00024981 5.47688231e-01
1.00025890 5.23130347e-01
1.00026794 4.99674661e-01
1.00027693 4.77255268e-01
1.00028588 4.55809963e-01
1.00029480 4.35291749e-01
1.00030370 4.15668800e-01
1.00031256 3.96905084e-01
1.00032140 3.78958430e-01
1.00033022 3.61788114e-01
1.00033902 3.45363300e-01
1.00034780 3.29657010e-01
1.00035658 3.14642191e-01
1.00036534 3.00294984e-01
1.00037410 2.86588872e-01
1.00038285 2.73492314e-01
1.00039160 2.60972737e-01
1.00040033 2.49000809e-01
1.00040906 2.37553864e-01
1.00041778 2.26617295e-01
1.00042650 2.16174396e-01
1.00043520 2.06199646e-01
1.00044390 1.96666540e-01
1.00045259 1.87554032e-01
1.00046128 1.78842732e-01
1.00046995 1.70519344e-01
1.00047860 1.62580706e-01
1.00048725 1.55023296e-01
1.00049588 1.47837936e-01
1.00050450 1.41005416e-01
1.00051310 1.34501292e-01
1.00052168 1.28310202e-01
1.00053025 1.22422310e-01
1.00053881 1.16826162e-01
1.00054734 1.11507519e-01
1.00055586 1.06449314e-01
1.00056436 1.01635582e-01
1.00057285 9.70526600e-02
1.00058131 9.26882334e-02
1.00058975 8.85308045e-02
1.00059817 8.45696870e-02
1.00060657 8.07961519e-02
1.00061494 7.72024942e-02
1.00062328 7.37811895e-02
1.00063159 7.05240682e-02
1.00063988 6.74224256e-02
1.00064813 6.44686956e-02
1.00065634 6.16570084e-02
1.00066451 5.89818998e-02
1.00067265 5.64375275e-02
1.00068073 5.40172973e-02
1.00068877 5.17147592e-02
1.00069676 4.95249979e-02
1.00070468 4.74437436e-02
1.00071255 4.54665108e-02
