# ADIPLS gamma1,rho kernel K_(Gamma1,rho)(r) for Model S
# Code: ADIPLS (bundled with MESA 26.04.1), igm1kr=1, variational, istsbc=1, icow=0, mdintg=5
# Model: fgong.l5bi.d.15c (md5 8a076ec1810e9871cdf21f6ecdf72016), G=6.67430e-8 cgs
# Mode: l=1 n=20 nu=2967.4205 uHz
# ADIPLS convention: delta(omega)/omega = INTEGRAL[ K * delta(Gamma1) * dx ], x=r/R  (ABSOLUTE delta Gamma1; see README.md)
# columns: x=r/R    K_gamma1_rho
0.00000000 0.00000000e+00
0.00139108 6.65853981e-08
0.00140979 7.01661208e-08
0.00142875 7.40387856e-08
0.00144796 7.81000579e-08
0.00146744 8.23839016e-08
0.00148717 8.69049561e-08
0.00150717 9.16739896e-08
0.00152744 9.67047850e-08
0.00154798 1.02011751e-07
0.00156880 1.07609850e-07
0.00158990 1.13514990e-07
0.00161128 1.19744162e-07
0.00163295 1.26315231e-07
0.00165491 1.33246836e-07
0.00167716 1.40558699e-07
0.00169972 1.48271752e-07
0.00172258 1.56408265e-07
0.00174574 1.64991157e-07
0.00176922 1.74044750e-07
0.00179301 1.83594894e-07
0.00181713 1.93668702e-07
0.00184156 2.04295113e-07
0.00186633 2.15505152e-07
0.00189143 2.27331483e-07
0.00191686 2.39807424e-07
0.00194264 2.52966310e-07
0.00196877 2.66844644e-07
0.00199525 2.81483600e-07
0.00202208 2.96927604e-07
0.00204927 3.13220809e-07
0.00207683 3.30407977e-07
0.00210476 3.48536943e-07
0.00213306 3.67659747e-07
0.00216175 3.87831624e-07
0.00219082 4.09110083e-07
0.00222029 4.31555732e-07
0.00225014 4.55232745e-07
0.00228040 4.80208535e-07
0.00231107 5.06554464e-07
0.00234215 5.34345391e-07
0.00237365 5.63660228e-07
0.00240557 5.94583257e-07
0.00243792 6.27202459e-07
0.00247071 6.61610740e-07
0.00250394 6.97906012e-07
0.00253761 7.36191971e-07
0.00257174 7.76577748e-07
0.00260632 8.19178281e-07
0.00264137 8.64115077e-07
0.00267689 9.11516080e-07
0.00271289 9.61516244e-07
0.00274938 1.01425847e-06
0.00278635 1.06989279e-06
0.00282382 1.12857780e-06
0.00286180 1.19048063e-06
0.00290029 1.25577739e-06
0.00293929 1.32465460e-06
0.00297882 1.39730801e-06
0.00301888 1.47394479e-06
0.00305948 1.55478328e-06
0.00310062 1.64005353e-06
0.00314232 1.72999766e-06
0.00318458 1.82487257e-06
0.00322741 1.92494893e-06
0.00327081 2.03051097e-06
0.00331480 2.14185821e-06
0.00335938 2.25930906e-06
0.00340455 2.38319788e-06
0.00345034 2.51387534e-06
0.00349674 2.65171404e-06
0.00354377 2.79710727e-06
0.00359142 2.95046884e-06
0.00363972 3.11223397e-06
0.00368867 3.28286237e-06
0.00373828 3.46283836e-06
0.00378855 3.65267641e-06
0.00383950 3.85291610e-06
0.00389113 4.06412404e-06
0.00394346 4.28690185e-06
0.00399649 4.52188528e-06
0.00405024 4.76973916e-06
0.00410471 5.03116650e-06
0.00415991 5.30691186e-06
0.00421585 5.59775898e-06
0.00427255 5.90453248e-06
0.00433000 6.22810320e-06
0.00438823 6.56939468e-06
0.00444725 6.92936866e-06
0.00450705 7.30904955e-06
0.00456766 7.70951410e-06
0.00462909 8.13190085e-06
0.00469134 8.57740766e-06
0.00475443 9.04729601e-06
0.00481837 9.54289860e-06
0.00488316 1.00656219e-05
0.00494883 1.06169444e-05
0.00501538 1.11984284e-05
0.00508283 1.18117282e-05
0.00515118 1.24585719e-05
0.00522045 1.31407939e-05
0.00529065 1.38603239e-05
0.00536180 1.46192020e-05
0.00543390 1.54195737e-05
0.00550697 1.62637051e-05
0.00558102 1.71539777e-05
0.00565607 1.80929167e-05
0.00573213 1.90831704e-05
0.00580921 2.01275405e-05
0.00588732 2.12289600e-05
0.00596649 2.23905560e-05
0.00604672 2.36156016e-05
0.00612802 2.49075510e-05
0.00621042 2.62700624e-05
0.00629393 2.77069687e-05
0.00637856 2.92223143e-05
0.00646433 3.08203495e-05
0.00655124 3.25055964e-05
0.00663933 3.42828179e-05
0.00672860 3.61569889e-05
0.00681907 3.81333872e-05
0.00691075 4.02175747e-05
0.00700366 4.24153696e-05
0.00709783 4.47329966e-05
0.00719325 4.71769567e-05
0.00728996 4.97540459e-05
0.00738796 5.24715345e-05
0.00748729 5.53370656e-05
0.00758794 5.83586272e-05
0.00768994 6.15446546e-05
0.00779332 6.49041107e-05
0.00789808 6.84463408e-05
0.00800425 7.21812641e-05
0.00811184 7.61193179e-05
0.00822087 8.02714695e-05
0.00833136 8.46492903e-05
0.00844334 8.92649767e-05
0.00855682 9.41314020e-05
0.00867182 9.92620564e-05
0.00878835 1.04671200e-04
0.00890645 1.10373833e-04
0.00902614 1.16385810e-04
0.00914742 1.22723848e-04
0.00927033 1.29405368e-04
0.00939488 1.36448874e-04
0.00952110 1.43873849e-04
0.00964901 1.51700792e-04
0.00977863 1.59951329e-04
0.00990998 1.68648052e-04
0.01004309 1.77814945e-04
0.01017797 1.87477124e-04
0.01031466 1.97661156e-04
0.01045317 2.08394959e-04
0.01059352 2.19707775e-04
0.01073575 2.31630560e-04
0.01087988 2.44195978e-04
0.01102593 2.57438095e-04
0.01117392 2.71392956e-04
0.01132388 2.86098297e-04
0.01147584 3.01594059e-04
0.01162981 3.17922160e-04
0.01178583 3.35126696e-04
0.01194393 3.53253950e-04
0.01210412 3.72352836e-04
0.01226643 3.92474401e-04
0.01243090 4.13672626e-04
0.01259754 4.36003858e-04
0.01276639 4.59527762e-04
0.01293747 4.84307006e-04
0.01311080 5.10407476e-04
0.01328642 5.37897921e-04
0.01346436 5.66850568e-04
0.01364464 5.97341674e-04
0.01382728 6.29451558e-04
0.01401233 6.63264217e-04
0.01419980 6.98867220e-04
0.01438973 7.36352833e-04
0.01458213 7.75818740e-04
0.01477705 8.17366694e-04
0.01497452 8.61103015e-04
0.01517455 9.07139744e-04
0.01537717 9.55593992e-04
0.01558243 1.00658880e-03
0.01579034 1.06025345e-03
0.01600094 1.11672232e-03
0.01621425 1.17613718e-03
0.01643031 1.23864622e-03
0.01664913 1.30440370e-03
0.01687076 1.37357150e-03
0.01709522 1.44632012e-03
0.01732253 1.52282538e-03
0.01755273 1.60327297e-03
0.01778584 1.68785706e-03
0.01802189 1.77678003e-03
0.01826091 1.87025237e-03
0.01850292 1.96849440e-03
0.01874796 2.07173676e-03
0.01899604 2.18021843e-03
0.01924720 2.29418922e-03
0.01950146 2.41390898e-03
0.01975883 2.53964964e-03
0.02001936 2.67169447e-03
0.02028306 2.81033583e-03
0.02054995 2.95587665e-03
0.02082005 3.10863669e-03
0.02109339 3.26894518e-03
0.02136999 3.43714252e-03
0.02164986 3.61358456e-03
0.02193302 3.79863772e-03
0.02221950 3.99268219e-03
0.02250930 4.19611344e-03
0.02280244 4.40933755e-03
0.02309893 4.63277335e-03
0.02339879 4.86685888e-03
0.02370203 5.11204164e-03
0.02400865 5.36878256e-03
0.02431867 5.63756128e-03
0.02463209 5.91886505e-03
0.02494891 6.21319983e-03
0.02526915 6.52108609e-03
0.02559279 6.84305025e-03
0.02591984 7.17963726e-03
0.02625029 7.53140591e-03
0.02658415 7.89892912e-03
0.02692140 8.28279058e-03
0.02726205 8.68357654e-03
0.02760607 9.10190189e-03
0.02795345 9.53838620e-03
0.02830418 9.99364666e-03
0.02865825 1.04683251e-02
0.02901563 1.09630688e-02
0.02937632 1.14785414e-02
0.02974027 1.20153924e-02
0.03010748 1.25742934e-02
0.03047790 1.31559135e-02
0.03085151 1.37609389e-02
0.03122829 1.43900404e-02
0.03160820 1.50439088e-02
0.03199120 1.57232289e-02
0.03237725 1.64286855e-02
0.03276633 1.71609615e-02
0.03315839 1.79207355e-02
0.03355338 1.87086741e-02
0.03395126 1.95254466e-02
0.03435199 2.03717189e-02
0.03475552 2.12481480e-02
0.03516181 2.21553928e-02
0.03557080 2.30940822e-02
0.03598244 2.40648193e-02
0.03639668 2.50682088e-02
0.03681346 2.61048494e-02
0.03723274 2.71753203e-02
0.03765447 2.82801860e-02
0.03807858 2.94199691e-02
0.03850501 3.05951765e-02
0.03893373 3.18063221e-02
0.03936466 3.30538764e-02
0.03979775 3.43382894e-02
0.04023296 3.56599590e-02
0.04067021 3.70192835e-02
0.04110945 3.84166394e-02
0.04155064 3.98523909e-02
0.04199371 4.13268251e-02
0.04243860 4.28401913e-02
0.04288527 4.43927845e-02
0.04333367 4.59847976e-02
0.04378373 4.76164279e-02
0.04423540 4.92878091e-02
0.04468864 5.09990381e-02
0.04514339 5.27502575e-02
0.04559961 5.45414884e-02
0.04605724 5.63727388e-02
0.04651624 5.82440125e-02
0.04697655 6.01552033e-02
0.04743815 6.21062202e-02
0.04790097 6.40970061e-02
0.04836499 6.61273596e-02
0.04883015 6.81970802e-02
0.04929642 7.03059261e-02
0.04976375 7.24536444e-02
0.05023212 7.46399360e-02
0.05070148 7.68644466e-02
0.05117180 7.91268003e-02
0.05164305 8.14266019e-02
0.05211519 8.37633944e-02
0.05258819 8.61367244e-02
0.05306202 8.85460919e-02
0.05353666 9.09908941e-02
0.05401207 9.34705343e-02
0.05448824 9.59845070e-02
0.05496514 9.85321095e-02
0.05544273 1.01112637e-01
0.05592099 1.03725391e-01
0.05639992 1.06369626e-01
0.05687949 1.09044607e-01
0.05735968 1.11749517e-01
0.05784047 1.14483465e-01
0.05832184 1.17245622e-01
0.05880379 1.20035137e-01
0.05928628 1.22851065e-01
0.05976932 1.25692424e-01
0.06025288 1.28558204e-01
0.06073696 1.31447457e-01
0.06122155 1.34359202e-01
0.06170664 1.37292272e-01
0.06219220 1.40245588e-01
0.06267824 1.43218089e-01
0.06316476 1.46208657e-01
0.06365174 1.49216036e-01
0.06413917 1.52239083e-01
0.06462705 1.55276543e-01
0.06511539 1.58327236e-01
0.06560416 1.61389962e-01
0.06609337 1.64463280e-01
0.06658302 1.67545946e-01
0.06707311 1.70636721e-01
0.06756363 1.73734216e-01
0.06805458 1.76837115e-01
0.06854596 1.79943936e-01
0.06903777 1.83053287e-01
0.06953002 1.86163772e-01
0.07002271 1.89273972e-01
0.07051583 1.92382451e-01
0.07100938 1.95487660e-01
0.07150339 1.98588157e-01
0.07199783 2.01682412e-01
0.07249272 2.04768957e-01
0.07298807 2.07846302e-01
0.07348387 2.10912759e-01
0.07398014 2.13966774e-01
0.07447687 2.17006881e-01
0.07497408 2.20031444e-01
0.07547176 2.23038863e-01
0.07596993 2.26027602e-01
0.07646859 2.28995936e-01
0.07696776 2.31942362e-01
0.07746744 2.34865213e-01
0.07796764 2.37762717e-01
0.07846837 2.40633334e-01
0.07896963 2.43475516e-01
0.07947144 2.46287430e-01
0.07997381 2.49067507e-01
0.08047674 2.51813935e-01
0.08098024 2.54525139e-01
0.08148432 2.57199425e-01
0.08198902 2.59835215e-01
0.08249433 2.62430803e-01
0.08300025 2.64984328e-01
0.08350680 2.67494183e-01
0.08401400 2.69958820e-01
0.08452187 2.72376465e-01
0.08503040 2.74745349e-01
0.08553960 2.77064029e-01
0.08604950 2.79330659e-01
0.08656011 2.81543533e-01
0.08707143 2.83701057e-01
0.08758349 2.85801457e-01
0.08809629 2.87843231e-01
0.08860985 2.89824712e-01
0.08912419 2.91744239e-01
0.08963932 2.93600067e-01
0.09015524 2.95390632e-01
0.09067198 2.97114399e-01
0.09118955 2.98769852e-01
0.09170796 3.00355192e-01
0.09222723 3.01869011e-01
0.09274738 3.03309660e-01
0.09326842 3.04675607e-01
0.09379036 3.05965347e-01
0.09431322 3.07177378e-01
0.09483702 3.08310468e-01
0.09536178 3.09362698e-01
0.09588750 3.10332973e-01
0.09641421 3.11219840e-01
0.09694191 3.12021771e-01
0.09747064 3.12737580e-01
0.09800041 3.13365793e-01
0.09853124 3.13905298e-01
0.09906314 3.14354767e-01
0.09959612 3.14712893e-01
0.10013022 3.14978600e-01
0.10066545 3.15150548e-01
0.10120182 3.15227805e-01
0.10173936 3.15209326e-01
0.10227809 3.15094005e-01
0.10281802 3.14880715e-01
0.10335917 3.14568668e-01
0.10390157 3.14156893e-01
0.10444523 3.13644479e-01
0.10499018 3.13030620e-01
0.10553644 3.12314795e-01
0.10608402 3.11496083e-01
0.10663294 3.10573707e-01
0.10718324 3.09547391e-01
0.10773492 3.08416496e-01
0.10828802 3.07180462e-01
0.10884255 3.05838888e-01
0.10939854 3.04391511e-01
0.10995601 3.02838031e-01
0.11051498 3.01178227e-01
0.11107547 2.99412023e-01
0.11163750 2.97539267e-01
0.11220111 2.95560000e-01
0.11276631 2.93474273e-01
0.11333313 2.91282282e-01
0.11390159 2.88984369e-01
0.11447172 2.86580827e-01
0.11504354 2.84072033e-01
0.11561706 2.81458665e-01
0.11619233 2.78741248e-01
0.11676936 2.75920453e-01
0.11734817 2.72997158e-01
0.11792880 2.69972259e-01
0.11851127 2.66846790e-01
0.11909560 2.63621705e-01
0.11968183 2.60298402e-01
0.12026996 2.56878320e-01
0.12086003 2.53362741e-01
0.12145207 2.49753270e-01
0.12204610 2.46051586e-01
0.12264215 2.42259591e-01
0.12324024 2.38379180e-01
0.12384040 2.34412480e-01
0.12444266 2.30361615e-01
0.12504705 2.26228890e-01
0.12565359 2.22016821e-01
0.12626230 2.17728023e-01
0.12687321 2.13365173e-01
0.12748635 2.08931150e-01
0.12810174 2.04429071e-01
0.12871941 1.99862111e-01
0.12933939 1.95233556e-01
0.12996170 1.90546909e-01
0.13058637 1.85805779e-01
0.13121342 1.81014012e-01
0.13184288 1.76175474e-01
0.13247477 1.71294236e-01
0.13310912 1.66374582e-01
0.13374596 1.61420968e-01
0.13438529 1.56437956e-01
0.13502716 1.51430218e-01
0.13567159 1.46402565e-01
0.13631860 1.41360066e-01
0.13696820 1.36307941e-01
0.13762044 1.31251490e-01
0.13827532 1.26196257e-01
0.13893287 1.21147887e-01
0.13959311 1.16112117e-01
0.14025607 1.11094900e-01
0.14092176 1.06102323e-01
0.14159020 1.01140572e-01
0.14226141 9.62159725e-02
0.14293542 9.13350347e-02
0.14361223 8.65043776e-02
0.14429188 8.17306783e-02
0.14497437 7.70207506e-02
0.14565971 7.23815072e-02
0.14634794 6.78199783e-02
0.14703905 6.33433225e-02
0.14773307 5.89586224e-02
0.14843000 5.46731845e-02
0.14912986 5.04942740e-02
0.14983267 4.64291909e-02
0.15053843 4.24853375e-02
0.15124715 3.86700938e-02
0.15195884 3.49908388e-02
0.15267351 3.14549303e-02
0.15339115 2.80697352e-02
0.15411179 2.48425538e-02
0.15483541 2.17806171e-02
0.15556203 1.88910900e-02
0.15629164 1.61810282e-02
0.15702424 1.36573707e-02
0.15775982 1.13269375e-02
0.15849839 9.19637672e-03
0.15923995 7.27215005e-03
0.15998448 5.56053434e-03
0.16073197 4.06757740e-03
0.16148242 2.79907677e-03
0.16223583 1.76056182e-03
0.16299217 9.57274409e-04
0.16375143 3.94138582e-04
0.16451361 7.57353341e-05
0.16527867 6.28296761e-06
0.16604662 1.89612274e-04
0.16681743 6.29144406e-04
0.16759107 1.32786482e-03
0.16836754 2.28829825e-03
0.16914680 3.51249111e-03
0.16992884 5.00199084e-03
0.17071362 6.75781605e-03
0.17150113 8.78044204e-03
0.17229134 1.10697775e-02
0.17308421 1.36251528e-02
0.17387971 1.64452940e-02
0.17467783 1.95283256e-02
0.17547852 2.28717130e-02
0.17628175 2.64723014e-02
0.17708748 3.03262745e-02
0.17789570 3.44291502e-02
0.17870634 3.87757603e-02
0.17951939 4.33602918e-02
0.18033480 4.81762142e-02
0.18115254 5.32163187e-02
0.18197256 5.84727524e-02
0.18279485 6.39370309e-02
0.18361935 6.95999563e-02
0.18444604 7.54516425e-02
0.18527487 8.14816080e-02
0.18610582 8.76786574e-02
0.18693884 9.40309796e-02
0.18777389 1.00526172e-01
0.18861094 1.07151252e-01
0.18944994 1.13892613e-01
0.19029085 1.20736180e-01
0.19113364 1.27667242e-01
0.19197826 1.34670721e-01
0.19282467 1.41730995e-01
0.19367283 1.48832073e-01
0.19452269 1.55957416e-01
0.19537421 1.63090364e-01
0.19622735 1.70213911e-01
0.19708207 1.77310600e-01
0.19793831 1.84362900e-01
0.19879604 1.91353194e-01
0.19965521 1.98263670e-01
0.20051579 2.05076325e-01
0.20137771 2.11773308e-01
0.20224096 2.18336851e-01
0.20310548 2.24749170e-01
0.20397125 2.30992711e-01
0.20483820 2.37049855e-01
0.20570633 2.42903700e-01
0.20657557 2.48537372e-01
0.20744590 2.53934494e-01
0.20831728 2.59079104e-01
0.20918967 2.63955561e-01
0.21006305 2.68548934e-01
0.21093738 2.72844859e-01
0.21181261 2.76829691e-01
0.21268873 2.80490562e-01
0.21356570 2.83814991e-01
0.21444349 2.86791512e-01
0.21532207 2.89409558e-01
0.21620140 2.91659379e-01
0.21708147 2.93531992e-01
0.21796223 2.95019721e-01
0.21884367 2.96115536e-01
0.21972575 2.96813642e-01
0.22060845 2.97109420e-01
0.22149175 2.96998989e-01
0.22237561 2.96480082e-01
0.22326002 2.95551296e-01
0.22414495 2.94212438e-01
0.22503037 2.92464665e-01
0.22591627 2.90310136e-01
0.22680263 2.87752337e-01
0.22768942 2.84795873e-01
0.22857661 2.81446782e-01
0.22946420 2.77712192e-01
0.23035216 2.73600499e-01
0.23124047 2.69121223e-01
0.23212912 2.64285108e-01
0.23301808 2.59104161e-01
0.23390734 2.53591467e-01
0.23479688 2.47761226e-01
0.23568668 2.41628822e-01
0.23657674 2.35210496e-01
0.23746703 2.28523691e-01
0.23835755 2.21586854e-01
0.23924829 2.14419252e-01
0.24013923 2.07041056e-01
0.24103037 1.99473304e-01
0.24192170 1.91737548e-01
0.24281323 1.83856410e-01
0.24370496 1.75852812e-01
0.24459689 1.67750447e-01
0.24548904 1.59573451e-01
0.24638142 1.51346334e-01
0.24727407 1.43093815e-01
0.24816700 1.34841100e-01
0.24906027 1.26613608e-01
0.24995391 1.18436682e-01
0.25084798 1.10335791e-01
0.25174254 1.02336483e-01
0.25263767 9.44641110e-02
0.25353346 8.67439907e-02
0.25442999 7.92011247e-02
0.25532737 7.18603893e-02
0.25622573 6.47463485e-02
0.25712518 5.78832555e-02
0.25802585 5.12950148e-02
0.25892788 4.50051417e-02
0.25983142 3.90367076e-02
0.26073660 3.34123379e-02
0.26164356 2.81541511e-02
0.26255244 2.32837263e-02
0.26346335 1.88219888e-02
0.26437642 1.47891815e-02
0.26529174 1.12047319e-02
0.26620938 8.08715858e-03
0.26712939 5.45393714e-03
0.26805179 3.32133142e-03
0.26897658 1.70423538e-03
0.26990370 6.15987285e-04
0.27083309 6.81661790e-05
0.27176462 7.03894464e-05
0.27269815 6.30116052e-04
0.27363349 1.75246310e-03
0.27457045 3.44004139e-03
0.27550879 5.69281870e-03
0.27644826 8.50801889e-03
0.27738859 1.18800644e-02
0.27832952 1.58005656e-02
0.27927079 2.02583461e-02
0.28021212 2.52394756e-02
0.28115327 3.07274355e-02
0.28209400 3.67032499e-02
0.28303409 4.31456256e-02
0.28397337 5.00310999e-02
0.28491166 5.73343068e-02
0.28584883 6.50281607e-02
0.28678477 7.30839485e-02
0.28771938 8.14716421e-02
0.28865262 9.01599355e-02
0.28958445 9.91165793e-02
0.29051484 1.08308348e-01
0.29144381 1.17701313e-01
0.29237136 1.27260802e-01
0.29329753 1.36951734e-01
0.29422236 1.46738679e-01
0.29514590 1.56585718e-01
0.29606821 1.66456898e-01
0.29698935 1.76316098e-01
0.29790938 1.86127117e-01
0.29882839 1.95854072e-01
0.29974642 2.05461141e-01
0.30066357 2.14912847e-01
0.30157988 2.24174182e-01
0.30249544 2.33210311e-01
0.30341031 2.41987397e-01
0.30432454 2.50472410e-01
0.30523821 2.58632886e-01
0.30615136 2.66437266e-01
0.30706406 2.73855372e-01
0.30797636 2.80858073e-01
0.30888831 2.87417556e-01
0.30979995 2.93507342e-01
0.31071133 2.99102480e-01
0.31162249 3.04179825e-01
0.31253347 3.08717823e-01
0.31344430 3.12696712e-01
0.31435503 3.16098882e-01
0.31526567 3.18908452e-01
0.31617626 3.21111840e-01
0.31708683 3.22697716e-01
0.31799741 3.23657232e-01
0.31890801 3.23983471e-01
0.31981865 3.23672224e-01
0.32072937 3.22721301e-01
0.32164018 3.21131384e-01
0.32255109 3.18905280e-01
0.32346212 3.16048530e-01
0.32437329 3.12569473e-01
0.32528461 3.08478670e-01
0.32619609 3.03789281e-01
0.32710775 2.98517168e-01
0.32801960 2.92680624e-01
0.32893165 2.86300052e-01
0.32984390 2.79398525e-01
0.33075637 2.72001718e-01
0.33166907 2.64137201e-01
0.33258200 2.55834975e-01
0.33349517 2.47127110e-01
0.33440859 2.38047514e-01
0.33532226 2.28631981e-01
0.33623620 2.18918094e-01
0.33715040 2.08945289e-01
0.33806487 1.98754205e-01
0.33897962 1.88386877e-01
0.33989465 1.77886496e-01
0.34080996 1.67297219e-01
0.34172557 1.56664102e-01
0.34264147 1.46032716e-01
0.34355767 1.35449239e-01
0.34447418 1.24960047e-01
0.34539098 1.14611468e-01
0.34630810 1.04449725e-01
0.34722552 9.45208035e-02
0.34814327 8.48700306e-02
0.34906133 7.55419579e-02
0.34997971 6.65802845e-02
0.35089841 5.80274203e-02
0.35181744 4.99244690e-02
0.35273679 4.23109027e-02
0.35365648 3.52244351e-02
0.35457649 2.87008144e-02
0.35549684 2.27736189e-02
0.35641753 1.74741009e-02
0.35733856 1.28309821e-02
0.35825993 8.87032477e-03
0.35918164 5.61535521e-03
0.36010370 3.08632537e-03
0.36102610 1.30038325e-03
0.36194886 2.71447869e-04
0.36287197 1.01046931e-05
0.36379544 5.23509272e-04
0.36471927 1.81530971e-03
0.36564346 3.88558254e-03
0.36656801 6.73078529e-03
0.36749292 1.03437200e-02
0.36841820 1.47135344e-02
0.36934385 1.98256988e-02
0.37026988 2.56620412e-02
0.37119627 3.22008065e-02
0.37212304 3.94166838e-02
0.37305019 4.72808697e-02
0.37397772 5.57611660e-02
0.37490563 6.48220981e-02
0.37583392 7.44250500e-02
0.37676260 8.45284550e-02
0.37769167 9.50878005e-02
0.37862113 1.06055978e-01
0.37955098 1.17383370e-01
0.38048122 1.29018116e-01
0.38141187 1.40906327e-01
0.38234291 1.52992386e-01
0.38327435 1.65218928e-01
0.38420619 1.77527502e-01
0.38513845 1.89858651e-01
0.38607110 2.02152017e-01
0.38700417 2.14346955e-01
0.38793765 2.26382616e-01
0.38887155 2.38198356e-01
0.38980586 2.49734126e-01
0.39074059 2.60930424e-01
0.39167574 2.71729140e-01
0.39261132 2.82073209e-01
0.39354732 2.91907601e-01
0.39448375 3.01179394e-01
0.39542060 3.09837901e-01
0.39635790 3.17835009e-01
0.39729563 3.25125725e-01
0.39823379 3.31667691e-01
0.39917240 3.37422750e-01
0.40011145 3.42356268e-01
0.40105095 3.46437281e-01
0.40199089 3.49639317e-01
0.40293129 3.51940200e-01
0.40387215 3.53321949e-01
0.40481346 3.53771813e-01
0.40575520 3.53281840e-01
0.40669745 3.51848859e-01
0.40764055 3.49473433e-01
0.40858429 3.46162548e-01
0.40952611 3.41940247e-01
0.41046221 3.36853315e-01
0.41139307 3.30937623e-01
0.41232541 3.24183396e-01
0.41326485 3.16571168e-01
0.41421026 3.08131267e-01
0.41515758 2.98933476e-01
0.41610492 2.89041371e-01
0.41705244 2.78505172e-01
0.41800047 2.67376725e-01
0.41894904 2.55714615e-01
0.41989812 2.43581729e-01
0.42084771 2.31044392e-01
0.42179781 2.18171452e-01
0.42274844 2.05034458e-01
0.42369959 1.91707241e-01
0.42465127 1.78265453e-01
0.42560347 1.64786548e-01
0.42655621 1.51348647e-01
0.42750948 1.38030735e-01
0.42846330 1.24911756e-01
0.42941766 1.12070509e-01
0.43037256 9.95849460e-02
0.43132801 8.75319199e-02
0.43228402 7.59864147e-02
0.43324059 6.50213131e-02
0.43419771 5.47068294e-02
0.43515540 4.51101295e-02
0.43611365 3.62947782e-02
0.43707248 2.83203886e-02
0.43803188 2.12421545e-02
0.43899186 1.51104703e-02
0.43995242 9.97056083e-03
0.44091357 5.86212795e-03
0.44187530 2.81900365e-03
0.44283762 8.68878397e-04
0.44380054 3.30309666e-05
0.44476406 3.26101388e-04
0.44572818 1.75590287e-03
0.44669291 4.32327005e-03
0.44765824 8.02195549e-03
0.44862419 1.28385479e-02
0.44959075 1.87524720e-02
0.45055793 2.57359949e-02
0.45152574 3.37543152e-02
0.45249417 4.27656185e-02
0.45346322 5.27213303e-02
0.45443291 6.35662506e-02
0.45540324 7.52388819e-02
0.45637421 8.76717063e-02
0.45734581 1.00791436e-01
0.45831807 1.14519523e-01
0.45929097 1.28772578e-01
0.46026452 1.43462867e-01
0.46123873 1.58498680e-01
0.46221359 1.73785096e-01
0.46318912 1.89224312e-01
0.46416531 2.04716502e-01
0.46514216 2.20160400e-01
0.46611969 2.35453811e-01
0.46709788 2.50494240e-01
0.46807675 2.65180042e-01
0.46905630 2.79410597e-01
0.47003653 2.93087230e-01
0.47101743 3.06113894e-01
0.47199903 3.18397923e-01
0.47298130 3.29850872e-01
0.47396427 3.40388690e-01
0.47494793 3.49933235e-01
0.47593227 3.58411676e-01
0.47691731 3.65758486e-01
0.47790304 3.71914839e-01
0.47888947 3.76829416e-01
0.47987659 3.80459572e-01
0.48086440 3.82771088e-01
0.48185291 3.83738703e-01
0.48284211 3.83346468e-01
0.48383201 3.81587892e-01
0.48482260 3.78466543e-01
0.48581390 3.73995826e-01
0.48680589 3.68198778e-01
0.48779857 3.61108563e-01
0.48879196 3.52768404e-01
0.48978604 3.43230970e-01
0.49078082 3.32558412e-01
0.49177629 3.20821792e-01
0.49277246 3.08101250e-01
0.49376933 2.94484917e-01
0.49476690 2.80068839e-01
0.49576516 2.64956141e-01
0.49676411 2.49256440e-01
0.49776375 2.33084806e-01
0.49876409 2.16561420e-01
0.49976511 1.99810663e-01
0.50076683 1.82959956e-01
0.50176922 1.66139021e-01
0.50277230 1.49478798e-01
0.50377605 1.33110555e-01
0.50478048 1.17164847e-01
0.50578558 1.01770283e-01
0.50679134 8.70528131e-02
0.50779777 7.31344321e-02
0.50880486 6.01322419e-02
0.50981260 4.81574154e-02
0.51082099 3.73142592e-02
0.51183003 2.76992447e-02
0.51283971 1.94000841e-02
0.51385002 1.24949319e-02
0.51486096 7.05157444e-03
0.51587253 3.12673984e-03
0.51688472 7.65460319e-04
0.51789752 5.19720427e-07
0.51891093 8.52005343e-04
0.51992494 3.32695292e-03
0.52093955 7.41909531e-03
0.52195474 1.31087146e-02
0.52297052 2.03626036e-02
0.52398687 2.91341669e-02
0.52500380 3.93635853e-02
0.52602128 5.09781570e-02
0.52703932 6.38927659e-02
0.52805791 7.80102592e-02
0.52907704 9.32223511e-02
0.53009670 1.09410257e-01
0.53111689 1.26445489e-01
0.53213759 1.44191061e-01
0.53315881 1.62502311e-01
0.53418052 1.81228170e-01
0.53520273 2.00212440e-01
0.53622543 2.19294845e-01
0.53724860 2.38312694e-01
0.53827224 2.57102144e-01
0.53929634 2.75499427e-01
0.54032089 2.93342730e-01
0.54134589 3.10473423e-01
0.54237132 3.26737551e-01
0.54339718 3.41987107e-01
0.54442346 3.56081744e-01
0.54545014 3.68889869e-01
0.54647723 3.80290207e-01
0.54750471 3.90172823e-01
0.54853258 3.98440390e-01
0.54956082 4.05009359e-01
0.55058943 4.09810572e-01
0.55161840 4.12790268e-01
0.55264772 4.13911052e-01
0.55367739 4.13151909e-01
0.55470738 4.10508753e-01
0.55573770 4.05995075e-01
0.55676835 3.99641829e-01
0.55779930 3.91497342e-01
0.55883055 3.81626868e-01
0.55986210 3.70112721e-01
0.56089393 3.57053229e-01
0.56192605 3.42562054e-01
0.56295843 3.26767435e-01
0.56399108 3.09811567e-01
0.56502398 2.91848566e-01
0.56605713 2.73043883e-01
0.56709050 2.53572275e-01
0.56812411 2.33616794e-01
0.56915793 2.13366860e-01
0.57019196 1.93016395e-01
0.57122619 1.72762116e-01
0.57226061 1.52801733e-01
0.57329521 1.33332035e-01
0.57432999 1.14546825e-01
0.57536493 9.66349266e-02
0.57640003 7.97785821e-02
0.57743528 6.41513194e-02
0.57847067 4.99161856e-02
0.57950620 3.72240743e-02
0.58054184 2.62120694e-02
0.58157760 1.70018435e-02
0.58261347 9.69833986e-03
0.58364944 4.38850011e-03
0.58468550 1.14018435e-03
0.58572164 1.26021118e-06
0.58675785 9.98900335e-04
0.58779412 4.13906141e-03
0.58883045 9.40618575e-03
0.58986683 1.67630970e-02
0.59090325 2.61511744e-02
0.59193969 3.74906591e-02
0.59297616 5.06812531e-02
0.59401263 6.56029023e-02
0.59504911 8.21168326e-02
0.59608558 1.00066757e-01
0.59712203 1.19280263e-01
0.59815846 1.39570449e-01
0.59919484 1.60737726e-01
0.60023118 1.82571678e-01
0.60126747 2.04853256e-01
0.60230369 2.27356847e-01
0.60333983 2.49852509e-01
0.60437589 2.72108607e-01
0.60541185 2.93894136e-01
0.60644770 3.14980885e-01
0.60748343 3.35146490e-01
0.60851904 3.54176054e-01
0.60955450 3.71864857e-01
0.61058981 3.88021350e-01
0.61162496 4.02468033e-01
0.61265993 4.15044420e-01
0.61369471 4.25609098e-01
0.61472929 4.34040613e-01
0.61576365 4.40239314e-01
0.61679779 4.44128805e-01
0.61783169 4.45657427e-01
0.61886532 4.44797820e-01
0.61989868 4.41549209e-01
0.62093174 4.35935970e-01
0.62196449 4.28008752e-01
0.62299691 4.17843864e-01
0.62402898 4.05542506e-01
0.62506069 3.91230100e-01
0.62609201 3.75054635e-01
0.62712293 3.57186188e-01
0.62815344 3.37814542e-01
0.62918350 3.17147318e-01
0.63021311 2.95407888e-01
0.63124224 2.72833263e-01
0.63227088 2.49671162e-01
0.63329899 2.26177685e-01
0.63432658 2.02614304e-01
0.63535360 1.79245185e-01
0.63638005 1.56334029e-01
0.63740590 1.34141110e-01
0.63843113 1.12920363e-01
0.63945573 9.29165486e-02
0.64047966 7.43623485e-02
0.64150291 5.74756037e-02
0.64252546 4.24566853e-02
0.64354728 2.94862425e-02
0.64456836 1.87228787e-02
0.64558866 1.03012658e-02
0.64660816 4.33032274e-03
0.64762681 8.91739377e-04
0.64864460 3.88496794e-05
0.64966147 1.79583972e-03
0.65067741 6.15727573e-03
0.65169238 1.30879768e-02
0.65270633 2.25232280e-02
0.65371924 3.43693683e-02
0.65473107 4.85047109e-02
0.65574178 6.47807996e-02
0.65675132 8.30240148e-02
0.65775967 1.03037406e-01
0.65876679 1.24602978e-01
0.65977262 1.47484029e-01
0.66077714 1.71427960e-01
0.66178031 1.96169250e-01
0.66278208 2.21432262e-01
0.66378244 2.46934577e-01
0.66478133 2.72390226e-01
0.66577874 2.97513284e-01
0.66677463 3.22020697e-01
0.66776897 3.45636054e-01
0.66876175 3.68092212e-01
0.66975294 3.89134967e-01
0.67074252 4.08525720e-01
0.67173046 4.26044172e-01
0.67271674 4.41490426e-01
0.67370134 4.54688913e-01
0.67468423 4.65488639e-01
0.67566537 4.73765834e-01
0.67664475 4.79425171e-01
0.67762230 4.82401632e-01
0.67859801 4.82660374e-01
0.67957181 4.80197530e-01
0.68054366 4.75040799e-01
0.68151348 4.67248819e-01
0.68248120 4.56910479e-01
0.68344673 4.44144157e-01
0.68440999 4.29096791e-01
0.68537089 4.11940936e-01
0.68632935 3.92873000e-01
0.68728531 3.72111227e-01
0.68823866 3.49893034e-01
0.68918934 3.26472077e-01
0.69013724 3.02114762e-01
0.69108227 2.77097393e-01
0.69202432 2.51703268e-01
0.69296329 2.26219007e-01
0.69389909 2.00930225e-01
0.69483158 1.76119266e-01
0.69576066 1.52061852e-01
0.69668622 1.29023073e-01
0.69760816 1.07254170e-01
0.69852633 8.69908336e-02
0.69944061 6.84506560e-02
0.70035085 5.18296965e-02
0.70125690 3.73005550e-02
0.70215856 2.50110552e-02
0.70305566 1.50822284e-02
0.70394810 7.60649566e-03
0.70483582 2.64825489e-03
0.70571868 2.44837010e-04
0.70659634 4.04877940e-04
0.70746856 3.10737859e-03
0.70833511 8.30343448e-03
0.70919573 1.59169862e-02
0.71005364 2.58912594e-02
0.71091383 3.82104324e-02
0.71177606 5.27965147e-02
0.71263786 6.94993069e-02
0.71349863 8.81604284e-02
0.71435837 1.08611060e-01
0.71521709 1.30664557e-01
0.71607477 1.54115038e-01
0.71693141 1.78740972e-01
0.71778702 2.04306805e-01
0.71864157 2.30565706e-01
0.71949508 2.57261718e-01
0.72034752 2.84132229e-01
0.72119891 3.10910688e-01
0.72204924 3.37329068e-01
0.72289849 3.63121218e-01
0.72374667 3.88024829e-01
0.72459377 4.11784575e-01
0.72543979 4.34154800e-01
0.72628472 4.54902276e-01
0.72712856 4.73808462e-01
0.72797130 4.90671847e-01
0.72881294 5.05311078e-01
0.72965347 5.17565701e-01
0.73049289 5.27298492e-01
0.73133120 5.34398041e-01
0.73216838 5.38779218e-01
0.73300444 5.40384456e-01
0.73383937 5.39184409e-01
0.73467317 5.35179071e-01
0.73550583 5.28398690e-01
0.73633734 5.18901987e-01
0.73716771 5.06776826e-01
0.73799692 4.92139500e-01
0.73882498 4.75134091e-01
0.73965188 4.55930287e-01
0.74047761 4.34722711e-01
0.74130217 4.11728492e-01
0.74212555 3.87185661e-01
0.74294776 3.61350358e-01
0.74376878 3.34494531e-01
0.74458861 3.06903075e-01
0.74540725 2.78871013e-01
0.74622469 2.50700298e-01
0.74704093 2.22696632e-01
0.74785597 1.95166533e-01
0.74866979 1.68413513e-01
0.74948240 1.42735271e-01
0.75029379 1.18420134e-01
0.75110395 9.57440092e-02
0.75191288 7.49672729e-02
0.75272059 5.63317513e-02
0.75352705 4.00580142e-02
0.75433227 2.63427816e-02
0.75513624 1.53565710e-02
0.75593897 7.24164726e-03
0.75674044 2.11018066e-03
0.75754065 4.28111846e-05
0.75833959 1.08748889e-03
0.75913727 5.25866844e-03
0.75993367 1.25368596e-02
0.76072880 2.28685575e-02
0.76152265 3.61665384e-02
0.76231521 5.23105491e-02
0.76310648 7.11483552e-02
0.76389646 9.24970913e-02
0.76468514 1.16145141e-01
0.76547252 1.41854115e-01
0.76625859 1.69361266e-01
0.76704335 1.98382404e-01
0.76782680 2.28614558e-01
0.76860892 2.59739340e-01
0.76938973 2.91426369e-01
0.77016920 3.23336701e-01
0.77094735 3.55126863e-01
0.77172416 3.86452079e-01
0.77249962 4.16970709e-01
0.77327375 4.46347760e-01
0.77404652 4.74258220e-01
0.77481794 5.00391499e-01
0.77558801 5.24454963e-01
0.77635671 5.46177082e-01
0.77712404 5.65310040e-01
0.77789001 5.81633848e-01
0.77865460 5.94958215e-01
0.77941782 6.05125593e-01
0.78017965 6.12011695e-01
0.78094010 6.15529033e-01
0.78169915 6.15626950e-01
0.78245681 6.12293089e-01
0.78321307 6.05552896e-01
0.78396793 5.95470825e-01
0.78472138 5.82148615e-01
0.78547342 5.65725274e-01
0.78622404 5.46376041e-01
0.78697325 5.24309882e-01
0.78772104 4.99767425e-01
0.78846739 4.73018680e-01
0.78921232 4.44360188e-01
0.78995582 4.14112447e-01
0.79069788 3.82615337e-01
0.79143850 3.50225179e-01
0.79217767 3.17310225e-01
0.79291539 2.84247114e-01
0.79365166 2.51416207e-01
0.79438648 2.19197888e-01
0.79511983 1.87967466e-01
0.79585172 1.58091531e-01
0.79658214 1.29923351e-01
0.79731109 1.03798981e-01
0.79803856 8.00332267e-02
0.79876455 5.89159439e-02
0.79948906 4.07085597e-02
0.80021208 2.56410258e-02
0.80093360 1.39088850e-02
0.80165363 5.67087969e-03
0.80237216 1.04691093e-03
0.80308918 1.16436107e-04
0.80380470 2.91732430e-03
0.80451870 9.44518587e-03
0.80523119 1.96531748e-02
0.80594216 3.34522930e-02
0.80665161 5.07121498e-02
0.80735953 7.12622696e-02
0.80806592 9.48937834e-02
0.80877078 1.21361646e-01
0.80947410 1.50387211e-01
0.81017588 1.81661259e-01
0.81087612 2.14847210e-01
0.81157482 2.49585333e-01
0.81227196 2.85496221e-01
0.81296755 3.22185394e-01
0.81366159 3.59247198e-01
0.81435406 3.96270294e-01
0.81504497 4.32841429e-01
0.81573432 4.68550652e-01
0.81642210 5.02995734e-01
0.81710830 5.35787705e-01
0.81779293 5.66554205e-01
0.81847598 5.94944075e-01
0.81915745 6.20632143e-01
0.81983733 6.43322053e-01
0.82051563 6.62750731e-01
0.82119233 6.78690918e-01
0.82186745 6.90953949e-01
0.82254096 6.99393097e-01
0.82321287 7.03904139e-01
0.82388318 7.04427845e-01
0.82455189 7.00950178e-01
0.82521898 6.93502139e-01
0.82588447 6.82159988e-01
0.82654834 6.67045807e-01
0.82721059 6.48324801e-01
0.82787122 6.26203708e-01
0.82853023 6.00928399e-01
0.82918761 5.72782450e-01
0.82984337 5.42083626e-01
0.83049750 5.09179164e-01
0.83115000 4.74442874e-01
0.83180086 4.38271366e-01
0.83245008 4.01078848e-01
0.83309767 3.63292307e-01
0.83374362 3.25347587e-01
0.83438792 2.87684225e-01
0.83503058 2.50740362e-01
0.83567159 2.14947463e-01
0.83631095 1.80725345e-01
0.83694867 1.48477673e-01
0.83758473 1.18587171e-01
0.83821913 9.14110775e-02
0.83885188 6.72773061e-02
0.83948297 4.64802368e-02
0.84011240 2.92777504e-02
0.84074017 1.58878939e-02
0.84136627 6.48641818e-03
0.84199071 1.20467207e-03
0.84261348 1.28004971e-04
0.84323459 3.29469111e-03
0.84385402 1.06953760e-02
0.84447178 2.22730945e-02
0.84508787 3.79237345e-02
0.84570228 5.74971216e-02
0.84631501 8.07985556e-02
0.84692607 1.07590882e-01
0.84753545 1.37597184e-01
0.84814314 1.70503706e-01
0.84874916 2.05963442e-01
0.84935349 2.43599636e-01
0.84995613 2.83010288e-01
0.85055709 3.23772566e-01
0.85115636 3.65447247e-01
0.85175394 4.07583891e-01
0.85234982 4.49725765e-01
0.85294402 4.91415007e-01
0.85353652 5.32197176e-01
0.85412733 5.71627419e-01
0.85471645 6.09274443e-01
0.85530386 6.44725610e-01
0.85588958 6.77591815e-01
0.85647360 7.07511781e-01
0.85705593 7.34155951e-01
0.85763655 7.57229824e-01
0.85821547 7.76477825e-01
0.85879270 7.91685950e-01
0.85936822 8.02683761e-01
0.85994204 8.09347307e-01
0.86051416 8.11600134e-01
0.86108457 8.09414769e-01
0.86165329 8.02811496e-01
0.86222030 7.91859943e-01
0.86278560 7.76677005e-01
0.86334921 7.57425670e-01
0.86391111 7.34314420e-01
0.86447131 7.07593976e-01
0.86502980 6.77555051e-01
0.86558659 6.44524611e-01
0.86614167 6.08862699e-01
0.86669505 5.70959225e-01
0.86724672 5.31228557e-01
0.86779669 4.90105586e-01
0.86834495 4.48040668e-01
0.86889151 4.05495460e-01
0.86943636 3.62937444e-01
0.86997950 3.20835116e-01
0.87052094 2.79652514e-01
0.87106068 2.39844409e-01
0.87159870 2.01851663e-01
0.87213503 1.66096318e-01
0.87266964 1.32977147e-01
0.87320256 1.02865376e-01
0.87373376 7.61009501e-02
0.87426327 5.29885250e-02
0.87479107 3.37943710e-02
0.87531717 1.87435157e-02
0.87584157 8.01738941e-03
0.87636426 1.75194168e-03
0.87688526 3.62217187e-05
0.87740455 2.91147604e-03
0.87792215 1.03707434e-02
0.87843804 2.23589726e-02
0.87895224 3.87736283e-02
0.87946475 5.94657900e-02
0.87997555 8.42418869e-02
0.88048467 1.12865492e-01
0.88099209 1.45060148e-01
0.88149781 1.80511943e-01
0.88200185 2.18873139e-01
0.88250419 2.59765781e-01
0.88300485 3.02785492e-01
0.88350382 3.47505431e-01
0.88400110 3.93481374e-01
0.88449669 4.40255935e-01
0.88499060 4.87363548e-01
0.88548283 5.34334598e-01
0.88597337 5.80700136e-01
0.88646223 6.25997980e-01
0.88694942 6.69775968e-01
0.88743493 7.11598143e-01
0.88791876 7.51048028e-01
0.88840092 7.87733186e-01
0.88888141 8.21289532e-01
0.88936022 8.51383730e-01
0.88983737 8.77718538e-01
0.89031285 9.00033992e-01
0.89078666 9.18110195e-01
0.89125881 9.31769392e-01
0.89172930 9.40878513e-01
0.89219812 9.45349948e-01
0.89266529 9.45142141e-01
0.89313080 9.40259224e-01
0.89359465 9.30752713e-01
0.89405684 9.16720120e-01
0.89451739 8.98302772e-01
0.89497628 8.75685199e-01
0.89543352 8.49093729e-01
0.89588912 8.18793047e-01
0.89634307 7.85084417e-01
0.89679537 7.48301678e-01
0.89724603 7.08809343e-01
0.89769506 6.66998018e-01
0.89814244 6.23279670e-01
0.89858819 5.78085548e-01
0.89903230 5.31860404e-01
0.89947478 4.85058734e-01
0.89991563 4.38140329e-01
0.90035485 3.91564767e-01
0.90079244 3.45789275e-01
0.90122840 3.01263412e-01
0.90166275 2.58424545e-01
0.90209547 2.17693645e-01
0.90252658 1.79471122e-01
0.90295607 1.44133244e-01
0.90338394 1.12028682e-01
0.90381021 8.34754527e-02
0.90423486 5.87577413e-02
0.90465791 3.81235511e-02
0.90507936 2.17826421e-02
0.90549920 9.90460541e-03
0.90591745 2.61750289e-03
0.90633410 6.86573788e-06
0.90674916 2.11509528e-03
0.90716263 8.94126054e-03
0.90757452 2.04412644e-02
0.90798483 3.65283501e-02
0.90839355 5.70740265e-02
0.90880071 8.19094817e-02
0.90920629 1.10827185e-01
0.90961030 1.43583114e-01
0.91001274 1.79898895e-01
0.91041362 2.19464560e-01
0.91081294 2.61941519e-01
0.91121071 3.06965709e-01
0.91160692 3.54151127e-01
0.91200159 4.03092893e-01
0.91239470 4.53371089e-01
0.91278628 5.04555042e-01
0.91317631 5.56206821e-01
0.91356481 6.07885257e-01
0.91395178 6.59149248e-01
0.91433722 7.09562275e-01
0.91472114 7.58696274e-01
0.91510353 8.06134377e-01
0.91548440 8.51475802e-01
0.91586376 8.94338606e-01
0.91624162 9.34362405e-01
0.91661796 9.71211560e-01
0.91699281 1.00457981e+00
0.91736616 1.03419079e+00
0.91773801 1.05980013e+00
0.91810837 1.08119759e+00
0.91847725 1.09821023e+00
0.91884464 1.11070269e+00
0.91921056 1.11857777e+00
0.91957499 1.12177672e+00
0.91993795 1.12028087e+00
0.92029944 1.11411111e+00
0.92065947 1.10332894e+00
0.92101803 1.08803204e+00
0.92137512 1.06835684e+00
0.92173076 1.04447373e+00
0.92208494 1.01658933e+00
0.92243767 9.84940626e-01
0.92278894 9.49795516e-01
0.92313877 9.11451019e-01
0.92348716 8.70230019e-01
0.92383410 8.26477790e-01
0.92417961 7.80559899e-01
0.92452368 7.32857475e-01
0.92486633 6.83765775e-01
0.92520754 6.33690007e-01
0.92554734 5.83041656e-01
0.92588571 5.32235666e-01
0.92622267 4.81687611e-01
0.92655821 4.31809276e-01
0.92689235 3.83006807e-01
0.92722508 3.35675773e-01
0.92755641 2.90199523e-01
0.92788634 2.46945944e-01
0.92821487 2.06264415e-01
0.92854202 1.68483497e-01
0.92886778 1.33908295e-01
0.92919215 1.02818498e-01
0.92951515 7.54661603e-02
0.92983677 5.20740675e-02
0.93015702 3.28341402e-02
0.93047590 1.79063694e-02
0.93079342 7.41778283e-03
0.93110958 1.46143411e-03
0.93142438 9.58041750e-05
0.93173783 3.34464771e-03
0.93204993 1.11970757e-02
0.93236068 2.36079144e-02
0.93267009 4.04982880e-02
0.93297817 6.17565705e-02
0.93328491 8.72392769e-02
0.93359032 1.16772526e-01
0.93389441 1.50153486e-01
0.93419717 1.87152226e-01
0.93449862 2.27513399e-01
0.93479876 2.70958214e-01
0.93509759 3.17187024e-01
0.93539512 3.65881258e-01
0.93569135 4.16706037e-01
0.93598629 4.69312677e-01
0.93627994 5.23340851e-01
0.93657231 5.78421948e-01
0.93686339 6.34181280e-01
0.93715320 6.90240622e-01
0.93744174 7.46221463e-01
0.93772902 8.01746457e-01
0.93801504 8.56440564e-01
0.93829980 9.09935128e-01
0.93858332 9.61872342e-01
0.93886559 1.01190741e+00
0.93914662 1.05970948e+00
0.93942641 1.10496370e+00
0.93970498 1.14737424e+00
0.93998232 1.18666568e+00
0.94025844 1.22258369e+00
0.94053334 1.25489829e+00
0.94080703 1.28340495e+00
0.94107951 1.30792504e+00
0.94135078 1.32830663e+00
0.94162086 1.34442638e+00
0.94188975 1.35618895e+00
0.94215744 1.36352876e+00
0.94242394 1.36640972e+00
0.94268926 1.36482518e+00
0.94295341 1.35879742e+00
0.94321637 1.34837980e+00
0.94347817 1.33365206e+00
0.94373880 1.31472076e+00
0.94399826 1.29172005e+00
0.94425657 1.26480908e+00
0.94451372 1.23417075e+00
0.94476971 1.20001258e+00
0.94502456 1.16256267e+00
0.94527826 1.12206881e+00
0.94553082 1.07879893e+00
0.94578224 1.03303423e+00
0.94603253 9.85068656e-01
0.94628169 9.35211643e-01
0.94652972 8.83785680e-01
0.94677663 8.31121929e-01
0.94702242 7.77558524e-01
0.94726709 7.23436700e-01
0.94751065 6.69100046e-01
0.94775311 6.14891625e-01
0.94799446 5.61152425e-01
0.94823470 5.08218693e-01
0.94847386 4.56420345e-01
0.94871192 4.06078855e-01
0.94894889 3.57505541e-01
0.94918478 3.11000036e-01
0.94941959 2.66848260e-01
0.94965332 2.25320885e-01
0.94988599 1.86671394e-01
0.95011759 1.51135716e-01
0.95034812 1.18931765e-01
0.95057760 9.02581322e-02
0.95080603 6.52918717e-02
0.95103341 4.41879959e-02
0.95125974 2.70786791e-02
0.95148503 1.40727037e-02
0.95170928 5.25513935e-03
0.95193250 6.87132568e-04
0.95215469 4.05775228e-04
0.95237586 4.42414419e-03
0.95259601 1.27314663e-02
0.95281515 2.52933907e-02
0.95303328 4.20524482e-02
0.95325041 6.29285224e-02
0.95346654 8.78195308e-02
0.95368168 1.16602159e-01
0.95389583 1.49132483e-01
0.95410899 1.85246753e-01
0.95432118 2.24762263e-01
0.95453239 2.67478897e-01
0.95474264 3.13180436e-01
0.95495193 3.61635442e-01
0.95516025 4.12598797e-01
0.95536763 4.65812940e-01
0.95557405 5.21009171e-01
0.95577952 5.77909546e-01
0.95598405 6.36227575e-01
0.95618765 6.95670060e-01
0.95639030 7.55938911e-01
0.95659203 8.16733561e-01
0.95679283 8.77752209e-01
0.95699270 9.38693159e-01
0.95719166 9.99256237e-01
0.95738969 1.05914432e+00
0.95758682 1.11806543e+00
0.95778303 1.17573383e+00
0.95797835 1.23186992e+00
0.95817276 1.28620112e+00
0.95836627 1.33846439e+00
0.95855889 1.38841113e+00
0.95875061 1.43580555e+00
0.95894145 1.48042744e+00
0.95913141 1.52207333e+00
0.95932049 1.56055281e+00
0.95950869 1.59568976e+00
0.95969602 1.62732649e+00
0.95988248 1.65532450e+00
0.96006807 1.67955827e+00
0.96025281 1.69991270e+00
0.96043668 1.71629380e+00
0.96061970 1.72863763e+00
0.96080187 1.73690241e+00
0.96098319 1.74106832e+00
0.96116367 1.74113201e+00
0.96134331 1.73711122e+00
0.96152211 1.72904293e+00
0.96170008 1.71698047e+00
0.96187722 1.70099504e+00
0.96205354 1.68117802e+00
0.96222904 1.65762853e+00
0.96240373 1.63045059e+00
0.96257762 1.59977211e+00
0.96275070 1.56574506e+00
0.96292298 1.52853591e+00
0.96309447 1.48832554e+00
0.96326516 1.44530750e+00
0.96343507 1.39968603e+00
0.96360420 1.35167682e+00
0.96377255 1.30150293e+00
0.96394013 1.24939911e+00
0.96410694 1.19560487e+00
0.96427298 1.14036584e+00
0.96443827 1.08393064e+00
0.96460280 1.02655189e+00
0.96476659 9.68487212e-01
0.96492962 9.09998806e-01
0.96509192 8.51349482e-01
0.96525348 7.92802872e-01
0.96541431 7.34622062e-01
0.96557441 6.77067422e-01
0.96573379 6.20397194e-01
0.96589245 5.64865095e-01
0.96605039 5.10720037e-01
0.96620761 4.58204176e-01
0.96636413 4.07552989e-01
0.96651994 3.58993659e-01
0.96667505 3.12744186e-01
0.96682946 2.69012540e-01
0.96698318 2.27996246e-01
0.96713620 1.89881567e-01
0.96728854 1.54842901e-01
0.96744019 1.23042034e-01
0.96759117 9.46275906e-02
0.96774147 6.97342929e-02
0.96789109 4.84826077e-02
0.96804004 3.09781281e-02
0.96818833 1.73113185e-02
0.96833595 7.55714966e-03
0.96848291 1.77487193e-03
0.96862920 7.78698673e-06
0.96877484 2.28317047e-03
0.96891983 8.61226818e-03
0.96906416 1.89903567e-02
0.96920785 3.33968122e-02
0.96935089 5.17952855e-02
0.96949329 7.41339457e-02
0.96963505 1.00345685e-01
0.96977617 1.30348556e-01
0.96991666 1.64046161e-01
0.97005652 2.01328464e-01
0.97019575 2.42072853e-01
0.97033436 2.86144238e-01
0.97047234 3.33394729e-01
0.97060970 3.83665497e-01
0.97074644 4.36786791e-01
0.97088257 4.92577748e-01
0.97101808 5.50847718e-01
0.97115298 6.11398070e-01
0.97128728 6.74022377e-01
0.97142098 7.38507361e-01
0.97155407 8.04634694e-01
0.97168657 8.72178641e-01
0.97181848 9.40910010e-01
0.97194980 1.01059553e+00
0.97208053 1.08099949e+00
0.97221067 1.15188543e+00
0.97234023 1.22301657e+00
0.97246921 1.29415004e+00
0.97259762 1.36504235e+00
0.97272546 1.43545088e+00
0.97285272 1.50513362e+00
0.97297943 1.57385058e+00
0.97310556 1.64136534e+00
0.97323114 1.70744414e+00
0.97335616 1.77186109e+00
0.97348062 1.83439861e+00
0.97360452 1.89485927e+00
0.97372788 1.95305154e+00
0.97385068 2.00877761e+00
0.97397294 2.06184279e+00
0.97409466 2.11206411e+00
0.97421583 2.15926643e+00
0.97433647 2.20328535e+00
0.97445657 2.24396629e+00
0.97457613 2.28116783e+00
0.97469516 2.31475757e+00
0.97481366 2.34462355e+00
0.97493162 2.37068995e+00
0.97504905 2.39290045e+00
0.97516596 2.41118490e+00
0.97528233 2.42547330e+00
0.97539819 2.43571103e+00
0.97551352 2.44186012e+00
0.97562833 2.44389633e+00
0.97574262 2.44180837e+00
0.97585639 2.43560040e+00
0.97596965 2.42529230e+00
0.97608238 2.41091798e+00
0.97619460 2.39253170e+00
0.97630630 2.37022375e+00
0.97641748 2.34410199e+00
0.97652815 2.31426341e+00
0.97663830 2.28080686e+00
0.97674794 2.24384640e+00
0.97685706 2.20350924e+00
0.97696567 2.15993229e+00
0.97707377 2.11326376e+00
0.97718136 2.06367267e+00
0.97728844 2.01134479e+00
0.97739500 1.95646863e+00
0.97750105 1.89923123e+00
0.97760660 1.83982686e+00
0.97771163 1.77845540e+00
0.97781616 1.71532672e+00
0.97792018 1.65065977e+00
0.97802370 1.58467093e+00
0.97812671 1.51757921e+00
0.97822921 1.44960835e+00
0.97833121 1.38097884e+00
0.97843271 1.31190953e+00
0.97853371 1.24261935e+00
0.97863421 1.17332821e+00
0.97873421 1.10425547e+00
0.97883372 1.03561957e+00
0.97893272 9.67637505e-01
0.97903124 9.00524687e-01
0.97912925 8.34495351e-01
0.97922678 7.69759215e-01
0.97932381 7.06519070e-01
0.97942035 6.44971805e-01
0.97951640 5.85307254e-01
0.97961196 5.27708490e-01
0.97970703 4.72351257e-01
0.97980161 4.19402965e-01
0.97989570 3.69023293e-01
0.97998931 3.21363313e-01
0.98008243 2.76565491e-01
0.98017506 2.34763210e-01
0.98026721 1.96079986e-01
0.98035888 1.60628704e-01
0.98045006 1.28511304e-01
0.98054076 9.98185109e-02
0.98063097 7.46304139e-02
0.98072070 5.30161564e-02
0.98080995 3.50337209e-02
0.98089871 2.07299006e-02
0.98098700 1.01407521e-02
0.98107480 3.29156710e-03
0.98116213 1.96639425e-04
0.98124899 8.59459743e-04
0.98133537 5.27309495e-03
0.98142127 1.34202706e-02
0.98150671 2.52735382e-02
0.98159168 4.07957854e-02
0.98167618 5.99414188e-02
0.98176021 8.26570073e-02
0.98184378 1.08881174e-01
0.98192688 1.38543959e-01
0.98200953 1.71566534e-01
0.98209173 2.07862382e-01
0.98217347 2.47337041e-01
0.98225476 2.89888078e-01
0.98233560 3.35405192e-01
0.98241600 3.83773528e-01
0.98249595 4.34874848e-01
0.98257546 4.88587167e-01
0.98265452 5.44786155e-01
0.98273315 6.03339861e-01
0.98281135 6.64106998e-01
0.98288911 7.26946078e-01
0.98296645 7.91718746e-01
0.98304335 8.58286892e-01
0.98311983 9.26510280e-01
0.98319589 9.96238408e-01
0.98327153 1.06730948e+00
0.98334674 1.13956788e+00
0.98342155 1.21286623e+00
0.98349594 1.28706259e+00
0.98356992 1.36201742e+00
0.98364349 1.43758465e+00
0.98371666 1.51359927e+00
0.98378943 1.58990635e+00
0.98386179 1.66636527e+00
0.98393376 1.74284156e+00
0.98400534 1.81920696e+00
0.98407652 1.89533272e+00
0.98414732 1.97107770e+00
0.98421773 2.04630011e+00
0.98428777 2.12086810e+00
0.98435742 2.19465231e+00
0.98442669 2.26752607e+00
0.98449560 2.33936147e+00
0.98456413 2.41002217e+00
0.98463230 2.47937145e+00
0.98470010 2.54730256e+00
0.98476755 2.61372568e+00
0.98483464 2.67855536e+00
0.98490138 2.74171136e+00
0.98496776 2.80310773e+00
0.98503380 2.86263519e+00
0.98509949 2.92017970e+00
0.98516485 2.97565333e+00
0.98522986 3.02898607e+00
0.98529454 3.08010854e+00
0.98535889 3.12896208e+00
0.98542291 3.17547596e+00
0.98548661 3.21956246e+00
0.98554998 3.26114486e+00
0.98561303 3.30017849e+00
0.98567576 3.33663115e+00
0.98573819 3.37047398e+00
0.98580030 3.40168567e+00
0.98586210 3.43023923e+00
0.98592359 3.45607840e+00
0.98598479 3.47914628e+00
0.98604568 3.49942582e+00
0.98610628 3.51692166e+00
0.98616659 3.53163579e+00
0.98622660 3.54357431e+00
0.98628633 3.55274252e+00
0.98634578 3.55912584e+00
0.98640494 3.56268710e+00
0.98646382 3.56341057e+00
0.98652242 3.56130387e+00
0.98658076 3.55638446e+00
0.98663882 3.54867164e+00
0.98669661 3.53819097e+00
0.98675414 3.52496628e+00
0.98681140 3.50900699e+00
0.98686840 3.49030829e+00
0.98692514 3.46889980e+00
0.98698163 3.44483020e+00
0.98703787 3.41815155e+00
0.98709385 3.38891894e+00
0.98714959 3.35718983e+00
0.98720507 3.32302542e+00
0.98726032 3.28646791e+00
0.98731532 3.24754959e+00
0.98737009 3.20634206e+00
0.98742461 3.16293402e+00
0.98747890 3.11739028e+00
0.98753296 3.06975152e+00
0.98758678 3.02007594e+00
0.98764038 2.96845620e+00
0.98769375 2.91499808e+00
0.98774690 2.85978796e+00
0.98779982 2.80290262e+00
0.98785253 2.74441420e+00
0.98790502 2.68439076e+00
0.98795729 2.62289358e+00
0.98800935 2.55999331e+00
0.98806119 2.49579406e+00
0.98811283 2.43041532e+00
0.98816425 2.36397400e+00
0.98821547 2.29656776e+00
0.98826649 2.22828039e+00
0.98831730 2.15920833e+00
0.98836791 2.08944991e+00
0.98841832 2.01909746e+00
0.98846854 1.94824151e+00
0.98851856 1.87699941e+00
0.98856838 1.80550403e+00
0.98861801 1.73388908e+00
0.98866745 1.66227710e+00
0.98871670 1.59076866e+00
0.98876577 1.51945924e+00
0.98881464 1.44844895e+00
0.98886333 1.37784645e+00
0.98891184 1.30776720e+00
0.98896016 1.23832871e+00
0.98900830 1.16965805e+00
0.98905626 1.10188154e+00
0.98910405 1.03511997e+00
0.98915165 9.69486403e-01
0.98919908 9.05084762e-01
0.98924633 8.42022760e-01
0.98929342 7.80412157e-01
0.98934033 7.20365303e-01
0.98938706 6.61992892e-01
0.98943363 6.05401970e-01
0.98948003 5.50699540e-01
0.98952626 4.97993257e-01
0.98957233 4.47390080e-01
0.98961823 3.98993996e-01
0.98966397 3.52906858e-01
0.98970954 3.09227685e-01
0.98975495 2.68052932e-01
0.98980020 2.29477649e-01
0.98984528 1.93594176e-01
0.98989021 1.60492565e-01
0.98993498 1.30260440e-01
0.98997959 1.02982443e-01
0.99002404 7.87402439e-02
0.99006834 5.76116658e-02
0.99011248 3.96707856e-02
0.99015647 2.49874911e-02
0.99020030 1.36272357e-02
0.99024398 5.65088028e-03
0.99028750 1.11538408e-03
0.99033087 7.35293882e-05
0.99037409 2.57347926e-03
0.99041716 8.65840009e-03
0.99046007 1.83660965e-02
0.99050283 3.17289322e-02
0.99054544 4.87739757e-02
0.99058791 6.95229365e-02
0.99063022 9.39925465e-02
0.99067238 1.22194326e-01
0.99071439 1.54134178e-01
0.99075625 1.89811844e-01
0.99079797 2.29222201e-01
0.99083954 2.72355662e-01
0.99088095 3.19198272e-01
0.99092222 3.69731886e-01
0.99096335 4.23932982e-01
0.99100432 4.81771696e-01
0.99104515 5.43212806e-01
0.99108584 6.08219011e-01
0.99112638 6.76750700e-01
0.99116677 7.48764055e-01
0.99120703 8.24210544e-01
0.99124713 9.03036774e-01
0.99128710 9.85184336e-01
0.99132692 1.07058711e+00
0.99136660 1.15917120e+00
0.99140614 1.25085695e+00
0.99144554 1.34555942e+00
0.99148480 1.44318580e+00
0.99152392 1.54364366e+00
0.99156290 1.64684464e+00
0.99160174 1.75269610e+00
0.99164044 1.86108817e+00
0.99167900 1.97190035e+00
0.99171743 2.08500429e+00
0.99175572 2.20026487e+00
0.99179388 2.31753883e+00
0.99183189 2.43668735e+00
0.99186978 2.55757669e+00
0.99190752 2.68006223e+00
0.99194513 2.80398420e+00
0.99198261 2.92918082e+00
0.99201995 3.05548238e+00
0.99205716 3.18271919e+00
0.99209423 3.31074432e+00
0.99213117 3.43944910e+00
0.99216797 3.56870005e+00
0.99220464 3.69832036e+00
0.99224118 3.82812609e+00
0.99227757 3.95794240e+00
0.99231384 4.08760363e+00
0.99234997 4.21694667e+00
0.99238597 4.34582598e+00
0.99242183 4.47409192e+00
0.99245756 4.60158610e+00
0.99249315 4.72815612e+00
0.99252862 4.85365980e+00
0.99256394 4.97795722e+00
0.99259914 5.10090767e+00
0.99263420 5.22236675e+00
0.99266914 5.34219149e+00
0.99270393 5.46022978e+00
0.99273860 5.57632723e+00
0.99277314 5.69031858e+00
0.99280755 5.80206910e+00
0.99284183 5.91145916e+00
0.99287598 6.01838739e+00
0.99291000 6.12281865e+00
0.99294390 6.22472923e+00
0.99297766 6.32403385e+00
0.99301130 6.42061263e+00
0.99304482 6.51433896e+00
0.99307821 6.60506834e+00
0.99311147 6.69265730e+00
0.99314460 6.77698120e+00
0.99317762 6.85791703e+00
0.99321051 6.93534431e+00
0.99324327 7.00915550e+00
0.99327591 7.07924569e+00
0.99330844 7.14551776e+00
0.99334083 7.20788733e+00
0.99337311 7.26625359e+00
0.99340527 7.32050906e+00
0.99343731 7.37057524e+00
0.99346923 7.41638772e+00
0.99350103 7.45788750e+00
0.99353272 7.49502330e+00
0.99356429 7.52774845e+00
0.99359574 7.55611608e+00
0.99362707 7.58025582e+00
0.99365829 7.60020155e+00
0.99368940 7.61590279e+00
0.99372039 7.62728452e+00
0.99375126 7.63427524e+00
0.99378202 7.63684117e+00
0.99381267 7.63496322e+00
0.99384320 7.62862178e+00
0.99387362 7.61781423e+00
0.99390393 7.60255071e+00
0.99393412 7.58284715e+00
0.99396421 7.55872724e+00
0.99399418 7.53022369e+00
0.99402404 7.49737900e+00
0.99405380 7.46022085e+00
0.99408344 7.41878017e+00
0.99411298 7.37306892e+00
0.99414240 7.32312309e+00
0.99417172 7.26897760e+00
0.99420094 7.21073168e+00
0.99423005 7.14860476e+00
0.99425905 7.08277581e+00
0.99428794 7.01331224e+00
0.99431673 6.94025404e+00
0.99434541 6.86365958e+00
0.99437399 6.78361590e+00
0.99440247 6.70021460e+00
0.99443084 6.61353757e+00
0.99445910 6.52364924e+00
0.99448726 6.43061957e+00
0.99451532 6.33452241e+00
0.99454328 6.23544432e+00
0.99457114 6.13348025e+00
0.99459889 6.02873165e+00
0.99462655 5.92130563e+00
0.99465410 5.81131473e+00
0.99468156 5.69888285e+00
0.99470892 5.58413621e+00
0.99473617 5.46723449e+00
0.99476333 5.34843821e+00
0.99479039 5.22803088e+00
0.99481736 5.10619058e+00
0.99484422 4.98299524e+00
0.99487099 4.85853285e+00
0.99489766 4.73290117e+00
0.99492424 4.60620639e+00
0.99495072 4.47856098e+00
0.99497711 4.35009106e+00
0.99500339 4.22092298e+00
0.99502959 4.09119095e+00
0.99505569 3.96103329e+00
0.99508169 3.83060742e+00
0.99510761 3.70010073e+00
0.99513342 3.56969701e+00
0.99515915 3.43954135e+00
0.99518478 3.30976653e+00
0.99521032 3.18050803e+00
0.99523577 3.05190439e+00
0.99526113 2.92414584e+00
0.99528640 2.79746594e+00
0.99531158 2.67204190e+00
0.99533666 2.54798684e+00
0.99536166 2.42541495e+00
0.99538657 2.30444580e+00
0.99541138 2.18520174e+00
0.99543611 2.06780908e+00
0.99546075 1.95240411e+00
0.99548530 1.83914220e+00
0.99550976 1.72817261e+00
0.99553413 1.61962020e+00
0.99555842 1.51360147e+00
0.99558261 1.41023652e+00
0.99560672 1.30964399e+00
0.99563074 1.21194378e+00
0.99565468 1.11725472e+00
0.99567853 1.02569190e+00
0.99570229 9.37378828e-01
0.99572597 8.52453896e-01
0.99574957 7.71045204e-01
0.99577308 6.93250410e-01
0.99579651 6.19153706e-01
0.99581985 5.48841497e-01
0.99584310 4.82400163e-01
0.99586627 4.19919826e-01
0.99588936 3.61487056e-01
0.99591236 3.07179723e-01
0.99593528 2.57069507e-01
0.99595812 2.11226580e-01
0.99598087 1.69718298e-01
0.99600354 1.32609132e-01
0.99602613 9.99601160e-02
0.99604864 7.18284945e-02
0.99607106 4.82674743e-02
0.99609341 2.93256899e-02
0.99611567 1.50474957e-02
0.99613786 5.47227975e-03
0.99615996 6.34007741e-04
0.99618199 5.62077918e-04
0.99620393 5.28224032e-03
0.99622579 1.48163818e-02
0.99624758 2.91819967e-02
0.99626929 4.83927742e-02
0.99629091 7.24586585e-02
0.99631246 1.01385330e-01
0.99633393 1.35173526e-01
0.99635532 1.73820089e-01
0.99637663 2.17316123e-01
0.99639786 2.65647899e-01
0.99641902 3.18797741e-01
0.99644009 3.76741186e-01
0.99646110 4.39450113e-01
0.99648202 5.06889992e-01
0.99650287 5.79030821e-01
0.99652365 6.55859152e-01
0.99654435 7.37356382e-01
0.99656497 8.23481999e-01
0.99658552 9.14187309e-01
0.99660599 1.00941931e+00
0.99662639 1.10911853e+00
0.99664671 1.21321964e+00
0.99666696 1.32165739e+00
0.99668714 1.43437923e+00
0.99670724 1.55131627e+00
0.99672726 1.67239202e+00
0.99674721 1.79752000e+00
0.99676709 1.92661110e+00
0.99678690 2.05956657e+00
0.99680663 2.19628941e+00
0.99682629 2.33667492e+00
0.99684588 2.48065292e+00
0.99686540 2.62822748e+00
0.99688485 2.77941450e+00
0.99690423 2.93414449e+00
0.99692353 3.09229760e+00
0.99694277 3.25375940e+00
0.99696193 3.41840774e+00
0.99698103 3.58611886e+00
0.99700005 3.75677081e+00
0.99701900 3.93025807e+00
0.99703788 4.10647578e+00
0.99705669 4.28528655e+00
0.99707544 4.46654983e+00
0.99709411 4.65013148e+00
0.99711271 4.83588230e+00
0.99713125 5.02365503e+00
0.99714972 5.21329326e+00
0.99716812 5.40468862e+00
0.99718645 5.59792265e+00
0.99720472 5.79313340e+00
0.99722292 5.99025885e+00
0.99724105 6.18912010e+00
0.99725911 6.38954639e+00
0.99727711 6.59137517e+00
0.99729504 6.79444101e+00
0.99731291 6.99858623e+00
0.99733070 7.20364822e+00
0.99734843 7.40949210e+00
0.99736610 7.61602707e+00
0.99738370 7.82311453e+00
0.99740123 8.03059627e+00
0.99741870 8.23829989e+00
0.99743610 8.44604720e+00
0.99745344 8.65365239e+00
0.99747072 8.86102019e+00
0.99748793 9.06829980e+00
0.99750508 9.27568514e+00
0.99752217 9.48312622e+00
0.99753919 9.69048270e+00
0.99755615 9.89760275e+00
0.99757304 1.01043037e+01
0.99758987 1.03104243e+01
0.99760664 1.05157883e+01
0.99762334 1.07202180e+01
0.99763998 1.09235510e+01
0.99765656 1.11256098e+01
0.99767308 1.13262066e+01
0.99768953 1.15251971e+01
0.99770592 1.17225022e+01
0.99772225 1.19180088e+01
0.99773852 1.21115759e+01
0.99775473 1.23032572e+01
0.99777088 1.24934627e+01
0.99778697 1.26824527e+01
0.99780300 1.28700826e+01
0.99781897 1.30561101e+01
0.99783488 1.32403302e+01
0.99785072 1.34225496e+01
0.99786651 1.36026229e+01
0.99788224 1.37804269e+01
0.99789790 1.39558422e+01
0.99791351 1.41286817e+01
0.99792905 1.42988015e+01
0.99794454 1.44660419e+01
0.99795997 1.46302874e+01
0.99797534 1.47914271e+01
0.99799064 1.49493302e+01
0.99800590 1.51038764e+01
0.99802109 1.52553281e+01
0.99803623 1.54043039e+01
0.99805131 1.55510403e+01
0.99806633 1.56953605e+01
0.99808129 1.58370313e+01
0.99809620 1.59758444e+01
0.99811104 1.61116359e+01
0.99812583 1.62442377e+01
0.99814056 1.63735106e+01
0.99815524 1.64993128e+01
0.99816985 1.66215551e+01
0.99818441 1.67401232e+01
0.99819891 1.68549582e+01
0.99821335 1.69660244e+01
0.99822774 1.70733513e+01
0.99824208 1.71768678e+01
0.99825635 1.72766179e+01
0.99827058 1.73730847e+01
0.99828474 1.74667881e+01
0.99829885 1.75577003e+01
0.99831291 1.76455513e+01
0.99832690 1.77301448e+01
0.99834085 1.78113085e+01
0.99835473 1.78889009e+01
0.99836856 1.79627825e+01
0.99838234 1.80329320e+01
0.99839606 1.80993372e+01
0.99840972 1.81619351e+01
0.99842333 1.82206706e+01
0.99843688 1.82755047e+01
0.99845038 1.83264028e+01
0.99846383 1.83733189e+01
0.99847721 1.84161929e+01
0.99849055 1.84552822e+01
0.99850383 1.84912561e+01
0.99851706 1.85244451e+01
0.99853024 1.85547178e+01
0.99854335 1.85819134e+01
0.99855642 1.86059654e+01
0.99856943 1.86267643e+01
0.99858239 1.86442215e+01
0.99859529 1.86582362e+01
0.99860814 1.86687279e+01
0.99862093 1.86756365e+01
0.99863367 1.86789230e+01
0.99864635 1.86785465e+01
0.99865898 1.86744863e+01
0.99867156 1.86667332e+01
0.99868409 1.86552855e+01
0.99869656 1.86401460e+01
0.99870898 1.86217574e+01
0.99872134 1.86007711e+01
0.99873365 1.85773975e+01
0.99874591 1.85514762e+01
0.99875812 1.85228814e+01
0.99877027 1.84915072e+01
0.99878237 1.84572856e+01
0.99879441 1.84201565e+01
0.99880640 1.83800610e+01
0.99881833 1.83369852e+01
0.99883022 1.82908930e+01
0.99884204 1.82417945e+01
0.99885382 1.81896699e+01
0.99886554 1.81345769e+01
0.99887721 1.80765616e+01
0.99888882 1.80156654e+01
0.99890039 1.79519731e+01
0.99891190 1.78858834e+01
0.99892335 1.78178956e+01
0.99893476 1.77481288e+01
0.99894611 1.76764684e+01
0.99895740 1.76028284e+01
0.99896864 1.75271484e+01
0.99897983 1.74493710e+01
0.99899097 1.73694494e+01
0.99900204 1.72873576e+01
0.99901307 1.72030722e+01
0.99902404 1.71166121e+01
0.99903496 1.70280096e+01
0.99904582 1.69372737e+01
0.99905663 1.68444392e+01
0.99906738 1.67495531e+01
0.99907808 1.66526717e+01
0.99908873 1.65538604e+01
0.99909932 1.64533884e+01
0.99910985 1.63516670e+01
0.99912034 1.62488360e+01
0.99913076 1.61448313e+01
0.99914114 1.60396042e+01
0.99915145 1.59331142e+01
0.99916171 1.58253409e+01
0.99917192 1.57162639e+01
0.99918207 1.56058941e+01
0.99919216 1.54942404e+01
0.99920220 1.53813334e+01
0.99921218 1.52671948e+01
0.99922210 1.51518570e+01
0.99923197 1.50353716e+01
0.99924178 1.49177918e+01
0.99925153 1.47991515e+01
0.99926122 1.46795121e+01
0.99927086 1.45589422e+01
0.99928044 1.44376619e+01
0.99928996 1.43158918e+01
0.99929943 1.41936282e+01
0.99930883 1.40708417e+01
0.99931818 1.39475502e+01
0.99932747 1.38237747e+01
0.99933669 1.36995483e+01
0.99934586 1.35749090e+01
0.99935497 1.34498721e+01
0.99936401 1.33244406e+01
0.99937300 1.31986286e+01
0.99938192 1.30724564e+01
0.99939078 1.29459571e+01
0.99939957 1.28191568e+01
0.99940831 1.26920867e+01
0.99941698 1.25647682e+01
0.99942559 1.24372621e+01
0.99943413 1.23096259e+01
0.99944261 1.21819480e+01
0.99945103 1.20543718e+01
0.99945938 1.19269643e+01
0.99946767 1.17997157e+01
0.99947589 1.16726240e+01
0.99948404 1.15457161e+01
0.99949212 1.14190455e+01
0.99950014 1.12926275e+01
0.99950808 1.11664791e+01
0.99951596 1.10405934e+01
0.99952376 1.09149548e+01
0.99953150 1.07895835e+01
0.99953916 1.06645113e+01
0.99954675 1.05398109e+01
0.99955427 1.04155424e+01
0.99956171 1.02917313e+01
0.99956908 1.01683825e+01
0.99957637 1.00455188e+01
0.99958359 9.92318139e+00
0.99959073 9.80139325e+00
0.99959779 9.68018138e+00
0.99960478 9.55953411e+00
0.99961169 9.43941981e+00
0.99961851 9.31985728e+00
0.99962526 9.20089430e+00
0.99963193 9.08258955e+00
0.99963851 8.96497564e+00
0.99964501 8.84802126e+00
0.99965143 8.73171624e+00
0.99965776 8.61612433e+00
0.99966400 8.50131237e+00
0.99967016 8.38734324e+00
0.99967623 8.27423916e+00
0.99968221 8.16196577e+00
0.99968810 8.05047993e+00
0.99969391 7.93979141e+00
0.99969962 7.82992590e+00
0.99970524 7.72090362e+00
0.99971077 7.61272434e+00
0.99971621 7.50537798e+00
0.99972155 7.39889207e+00
0.99972680 7.29330983e+00
0.99973196 7.18865839e+00
0.99973702 7.08494601e+00
0.99974199 6.98215410e+00
0.99974687 6.88025926e+00
0.99975165 6.77925368e+00
0.99975634 6.67914062e+00
0.99976093 6.57990201e+00
0.99976543 6.48148047e+00
0.99976984 6.38386629e+00
0.99977415 6.28711751e+00
0.99977836 6.19130578e+00
0.99978249 6.09648978e+00
0.99978652 6.00268334e+00
0.99979046 5.90987368e+00
0.99979431 5.81806625e+00
0.99979807 5.72729687e+00
0.99980174 5.63760711e+00
0.99980532 5.54903374e+00
0.99980882 5.46162401e+00
0.99981223 5.37537981e+00
0.99981555 5.29026674e+00
0.99981879 5.20625625e+00
0.99982196 5.12333069e+00
0.99982504 5.04152562e+00
0.99982804 4.96090562e+00
0.99983097 4.88150109e+00
0.99983383 4.80333024e+00
0.99983661 4.72642274e+00
0.99983933 4.65082643e+00
0.99984197 4.57657882e+00
0.99984456 4.50367587e+00
0.99984708 4.43208640e+00
0.99984954 4.36176983e+00
0.99985194 4.29274242e+00
0.99985429 4.22508168e+00
0.99985659 4.15880830e+00
0.99985884 4.09386306e+00
0.99986105 4.03017675e+00
0.99986321 3.96769639e+00
0.99986534 3.90646237e+00
0.99986743 3.84655057e+00
0.99986948 3.78793080e+00
0.99987151 3.73052912e+00
0.99987351 3.67427326e+00
0.99987549 3.61917498e+00
0.99987744 3.56537365e+00
0.99987937 3.51296930e+00
0.99988128 3.46197746e+00
0.99988317 3.41241824e+00
0.99988504 3.36434839e+00
0.99988687 3.31794956e+00
0.99988868 3.27347250e+00
0.99989045 3.23102398e+00
0.99989219 3.19058229e+00
0.99989388 3.15209738e+00
0.99989554 3.11548230e+00
0.99989716 3.08065461e+00
0.99989875 3.04755989e+00
0.99990032 3.01606630e+00
0.99990186 2.98596181e+00
0.99990339 2.95703295e+00
0.99990492 2.92907294e+00
0.99990645 2.90188128e+00
0.99990799 2.87527662e+00
0.99990954 2.84913375e+00
0.99991112 2.82337001e+00
0.99991273 2.79788140e+00
0.99991438 2.77254963e+00
0.99991607 2.74728676e+00
0.99991782 2.72202051e+00
0.99991962 2.69668141e+00
0.99992147 2.67119823e+00
0.99992339 2.64552217e+00
0.99992538 2.61965219e+00
0.99992743 2.59361079e+00
0.99992956 2.56739533e+00
0.99993176 2.54098698e+00
0.99993404 2.51437569e+00
0.99993638 2.48755789e+00
0.99993880 2.46052813e+00
0.99994129 2.43328159e+00
0.99994386 2.40583490e+00
0.99994649 2.37823911e+00
0.99994919 2.35053233e+00
0.99995196 2.32271643e+00
0.99995480 2.29478777e+00
0.99995770 2.26675386e+00
0.99996066 2.23862815e+00
0.99996367 2.21043492e+00
0.99996675 2.18221116e+00
0.99996988 2.15402376e+00
0.99997306 2.12597670e+00
0.99997629 2.09813685e+00
0.99997956 2.07047823e+00
0.99998288 2.04288678e+00
0.99998623 2.01521268e+00
0.99998963 1.98736768e+00
0.99999305 1.95936017e+00
0.99999651 1.93125689e+00
1.00000000 1.90312068e+00
1.00000925 1.82986821e+00
1.00001867 1.75788622e+00
1.00002824 1.68896387e+00
1.00003791 1.62370714e+00
1.00004767 1.56014146e+00
1.00005749 1.49706878e+00
1.00006734 1.43546529e+00
1.00007723 1.37620545e+00
1.00008712 1.31903414e+00
1.00009701 1.26365896e+00
1.00010689 1.21033648e+00
1.00011673 1.15914877e+00
1.00012652 1.10962224e+00
1.00013628 1.06148184e+00
1.00014600 1.01515635e+00
1.00015568 9.71349122e-01
1.00016534 9.30184508e-01
1.00017496 8.91046237e-01
1.00018452 8.53224679e-01
1.00019402 8.16232313e-01
1.00020346 7.80135597e-01
1.00021284 7.45449670e-01
1.00022216 7.12331782e-01
1.00023144 6.80637123e-01
1.00024066 6.50337963e-01
1.00024981 6.21435711e-01
1.00025890 5.93856764e-01
1.00026794 5.67502186e-01
1.00027693 5.42299192e-01
1.00028588 5.18179062e-01
1.00029480 4.95090099e-01
1.00030370 4.72997552e-01
1.00031256 4.51861873e-01
1.00032140 4.31636494e-01
1.00033022 4.12276400e-01
1.00033902 3.93747759e-01
1.00034780 3.76021051e-01
1.00035658 3.59066571e-01
1.00036534 3.42858187e-01
1.00037410 3.27366661e-01
1.00038285 3.12556956e-01
1.00039160 2.98392786e-01
1.00040033 2.84841506e-01
1.00040906 2.71878026e-01
1.00041778 2.59486452e-01
1.00042650 2.47648453e-01
1.00043520 2.36335577e-01
1.00044390 2.25518193e-01
1.00045259 2.15172852e-01
1.00046128 2.05277952e-01
1.00046995 1.95818864e-01
1.00047860 1.86792584e-01
1.00048725 1.78195692e-01
1.00049588 1.70018263e-01
1.00050450 1.62238803e-01
1.00051310 1.54829760e-01
1.00052168 1.47773985e-01
1.00053025 1.41060665e-01
1.00053881 1.34677100e-01
1.00054734 1.28607350e-01
1.00055586 1.22832185e-01
1.00056436 1.17333606e-01
1.00057285 1.12096242e-01
1.00058131 1.07106245e-01
1.00058975 1.02350686e-01
1.00059817 9.78175460e-02
1.00060657 9.34970483e-02
1.00061494 8.93805837e-02
1.00062328 8.54597330e-02
1.00063159 8.17253154e-02
1.00063988 7.81675093e-02
1.00064813 7.47777956e-02
1.00065634 7.15496068e-02
1.00066451 6.84768335e-02
1.00067265 6.55529143e-02
1.00068073 6.27704007e-02
1.00068877 6.01219981e-02
1.00069676 5.76021818e-02
1.00070468 5.52061682e-02
1.00071255 5.29289111e-02
