# ADIPLS gamma1,rho kernel K_(Gamma1,rho)(r) for Model S
# Code: ADIPLS (bundled with MESA 26.04.1), igm1kr=1, variational, istsbc=1, icow=0, mdintg=5
# Model: fgong.l5bi.d.15c (md5 8a076ec1810e9871cdf21f6ecdf72016), G=6.67430e-8 cgs
# Mode: l=2 n=15 nu=2353.1837 uHz
# ADIPLS convention: delta(omega)/omega = INTEGRAL[ K * delta(Gamma1) * dx ], x=r/R  (ABSOLUTE delta Gamma1; see README.md)
# columns: x=r/R    K_gamma1_rho
0.00000000 0.00000000e+00
0.00139108 1.04928743e-12
0.00140979 1.13125572e-12
0.00142875 1.22736103e-12
0.00144796 1.32964258e-12
0.00146744 1.44042031e-12
0.00148717 1.56061624e-12
0.00150717 1.69083585e-12
0.00152744 1.83192947e-12
0.00154798 1.98480625e-12
0.00156880 2.15043170e-12
0.00158990 2.32986355e-12
0.00161128 2.52427134e-12
0.00163295 2.73491481e-12
0.00165491 2.96313249e-12
0.00167716 3.21038078e-12
0.00169972 3.47826613e-12
0.00172258 3.76852683e-12
0.00174574 4.08300656e-12
0.00176922 4.42370874e-12
0.00179301 4.79281381e-12
0.00181713 5.19267468e-12
0.00184156 5.62587949e-12
0.00186633 6.09531071e-12
0.00189143 6.60409266e-12
0.00191686 7.15543936e-12
0.00194264 7.75260284e-12
0.00196877 8.39921647e-12
0.00199525 9.09964179e-12
0.00202208 9.85879139e-12
0.00204927 1.06816234e-11
0.00207683 1.15731514e-11
0.00210476 1.25388938e-11
0.00213306 1.35850995e-11
0.00216175 1.47185979e-11
0.00219082 1.59466907e-11
0.00222029 1.72772528e-11
0.00225014 1.87188346e-11
0.00228040 2.02806960e-11
0.00231107 2.19728787e-11
0.00234215 2.38062436e-11
0.00237365 2.57925535e-11
0.00240557 2.79446019e-11
0.00243792 3.02762076e-11
0.00247071 3.28023447e-11
0.00250394 3.55392342e-11
0.00253761 3.85044707e-11
0.00257174 4.17171017e-11
0.00260632 4.51977584e-11
0.00264137 4.89688051e-11
0.00267689 5.30544577e-11
0.00271289 5.74809550e-11
0.00274938 6.22767547e-11
0.00278635 6.74726511e-11
0.00282382 7.31020200e-11
0.00286180 7.92010179e-11
0.00290029 8.58088054e-11
0.00293929 9.29678549e-11
0.00297882 1.00724119e-10
0.00301888 1.09127432e-10
0.00305948 1.18231771e-10
0.00310062 1.28095593e-10
0.00314232 1.38782198e-10
0.00318458 1.50360268e-10
0.00322741 1.62904211e-10
0.00327081 1.76494531e-10
0.00331480 1.91218403e-10
0.00335938 2.07170515e-10
0.00340455 2.24453308e-10
0.00345034 2.43177568e-10
0.00349674 2.63463602e-10
0.00354377 2.85441767e-10
0.00359142 3.09253191e-10
0.00363972 3.35050646e-10
0.00368867 3.62999707e-10
0.00373828 3.93279692e-10
0.00378855 4.26085283e-10
0.00383950 4.61627067e-10
0.00389113 5.00132863e-10
0.00394346 5.41849982e-10
0.00399649 5.87046504e-10
0.00405024 6.36012167e-10
0.00410471 6.89061037e-10
0.00415991 7.46533795e-10
0.00421585 8.08799396e-10
0.00427255 8.76257123e-10
0.00433000 9.49339785e-10
0.00438823 1.02851714e-09
0.00444725 1.11429603e-09
0.00450705 1.20722720e-09
0.00456766 1.30790672e-09
0.00462909 1.41698086e-09
0.00469134 1.53514920e-09
0.00475443 1.66316937e-09
0.00481837 1.80186256e-09
0.00488316 1.95211832e-09
0.00494883 2.11489978e-09
0.00501538 2.29125077e-09
0.00508283 2.48230335e-09
0.00515118 2.68928059e-09
0.00522045 2.91350980e-09
0.00529065 3.15642819e-09
0.00536180 3.41959358e-09
0.00543390 3.70469200e-09
0.00550697 4.01355120e-09
0.00558102 4.34814896e-09
0.00565607 4.71063108e-09
0.00573213 5.10331862e-09
0.00580921 5.52872804e-09
0.00588732 5.98957965e-09
0.00596649 6.48882968e-09
0.00604672 7.02967339e-09
0.00612802 7.61557290e-09
0.00621042 8.25028377e-09
0.00629393 8.93786661e-09
0.00637856 9.68272001e-09
0.00646433 1.04896040e-08
0.00655124 1.13636889e-08
0.00663933 1.23105734e-08
0.00672860 1.33363048e-08
0.00681907 1.44474459e-08
0.00691075 1.56511041e-08
0.00700366 1.69549590e-08
0.00709783 1.83673655e-08
0.00719325 1.98973490e-08
0.00728996 2.15546599e-08
0.00738796 2.33499033e-08
0.00748729 2.52945586e-08
0.00758794 2.74010256e-08
0.00768994 2.96827393e-08
0.00779332 3.21542889e-08
0.00789808 3.48314209e-08
0.00800425 3.77312253e-08
0.00811184 4.08722001e-08
0.00822087 4.42743599e-08
0.00833136 4.79593878e-08
0.00844334 5.19507642e-08
0.00855682 5.62739284e-08
0.00867182 6.09563831e-08
0.00878835 6.60279361e-08
0.00890645 7.15208458e-08
0.00902614 7.74700729e-08
0.00914742 8.39134853e-08
0.00927033 9.08919515e-08
0.00939488 9.84498200e-08
0.00952110 1.06635102e-07
0.00964901 1.15499758e-07
0.00977863 1.25100064e-07
0.00990998 1.35496801e-07
0.01004309 1.46755915e-07
0.01017797 1.58948672e-07
0.01031466 1.72152317e-07
0.01045317 1.86450409e-07
0.01059352 2.01933250e-07
0.01073575 2.18698725e-07
0.01087988 2.36852850e-07
0.01102593 2.56510030e-07
0.01117392 2.77794284e-07
0.01132388 3.00839595e-07
0.01147584 3.25791124e-07
0.01162981 3.52805876e-07
0.01178583 3.82053672e-07
0.01194393 4.13718106e-07
0.01210412 4.47998068e-07
0.01226643 4.85108165e-07
0.01243090 5.25280942e-07
0.01259754 5.68767288e-07
0.01276639 6.15839098e-07
0.01293747 6.66790338e-07
0.01311080 7.21938857e-07
0.01328642 7.81627640e-07
0.01346436 8.46227276e-07
0.01364464 9.16139002e-07
0.01382728 9.91796957e-07
0.01401233 1.07366959e-06
0.01419980 1.16226195e-06
0.01438973 1.25812041e-06
0.01458213 1.36183662e-06
0.01477705 1.47404834e-06
0.01497452 1.59544356e-06
0.01517455 1.72676608e-06
0.01537717 1.86881833e-06
0.01558243 2.02246696e-06
0.01579034 2.18864807e-06
0.01600094 2.36836959e-06
0.01621425 2.56272114e-06
0.01643031 2.77287775e-06
0.01664913 3.00010451e-06
0.01687076 3.24576672e-06
0.01709522 3.51133881e-06
0.01732253 3.79840383e-06
0.01755273 4.10867269e-06
0.01778584 4.44398873e-06
0.01802189 4.80633626e-06
0.01826091 5.19784993e-06
0.01850292 5.62082925e-06
0.01874796 6.07775142e-06
0.01899604 6.57127610e-06
0.01924720 7.10426635e-06
0.01950146 7.67980029e-06
0.01975883 8.30119066e-06
0.02001936 8.97199807e-06
0.02028306 9.69603778e-06
0.02054995 1.04774042e-05
0.02082005 1.13205106e-05
0.02109339 1.22300802e-05
0.02136999 1.32111751e-05
0.02164986 1.42692327e-05
0.02193302 1.54100700e-05
0.02221950 1.66399217e-05
0.02250930 1.79654697e-05
0.02280244 1.93938534e-05
0.02309893 2.09327068e-05
0.02339879 2.25902121e-05
0.02370203 2.43750921e-05
0.02400865 2.62966604e-05
0.02431867 2.83648862e-05
0.02463209 3.05903757e-05
0.02494891 3.29844529e-05
0.02526915 3.55591875e-05
0.02559279 3.83273940e-05
0.02591984 4.13027357e-05
0.02625029 4.44997536e-05
0.02658415 4.79339049e-05
0.02692140 5.16215974e-05
0.02726205 5.55801872e-05
0.02760607 5.98281866e-05
0.02795345 6.43851745e-05
0.02830418 6.92717924e-05
0.02865825 7.45100004e-05
0.02901563 8.01230021e-05
0.02937632 8.61353652e-05
0.02974027 9.25728562e-05
0.03010748 9.94627670e-05
0.03047790 1.06833812e-04
0.03085151 1.14716353e-04
0.03122829 1.23142180e-04
0.03160820 1.32144866e-04
0.03199120 1.41759612e-04
0.03237725 1.52023375e-04
0.03276633 1.62974938e-04
0.03315839 1.74654908e-04
0.03355338 1.87105665e-04
0.03395126 2.00371647e-04
0.03435199 2.14499405e-04
0.03475552 2.29537552e-04
0.03516181 2.45536914e-04
0.03557080 2.62550206e-04
0.03598244 2.80632183e-04
0.03639668 2.99840063e-04
0.03681346 3.20233450e-04
0.03723274 3.41874275e-04
0.03765447 3.64826872e-04
0.03807858 3.89157614e-04
0.03850501 4.14935372e-04
0.03893373 4.42231929e-04
0.03936466 4.71121305e-04
0.03979775 5.01680070e-04
0.04023296 5.33986914e-04
0.04067021 5.68123436e-04
0.04110945 6.04174022e-04
0.04155064 6.42226061e-04
0.04199371 6.82368533e-04
0.04243860 7.24692985e-04
0.04288527 7.69295202e-04
0.04333367 8.16272181e-04
0.04378373 8.65724159e-04
0.04423540 9.17753631e-04
0.04468864 9.72465833e-04
0.04514339 1.02997033e-03
0.04559961 1.09037746e-03
0.04605724 1.15380068e-03
0.04651624 1.22035686e-03
0.04697655 1.29016409e-03
0.04743815 1.36334418e-03
0.04790097 1.44002332e-03
0.04836499 1.52032809e-03
0.04883015 1.60438820e-03
0.04929642 1.69233609e-03
0.04976375 1.78430795e-03
0.05023212 1.88044250e-03
0.05070148 1.98087951e-03
0.05117180 2.08576242e-03
0.05164305 2.19523888e-03
0.05211519 2.30945688e-03
0.05258819 2.42856889e-03
0.05306202 2.55273024e-03
0.05353666 2.68209546e-03
0.05401207 2.81682418e-03
0.05448824 2.95708295e-03
0.05496514 3.10303421e-03
0.05544273 3.25484423e-03
0.05592099 3.41268408e-03
0.05639992 3.57672689e-03
0.05687949 3.74714995e-03
0.05735968 3.92413061e-03
0.05784047 4.10784717e-03
0.05832184 4.29848505e-03
0.05880379 4.49623157e-03
0.05928628 4.70127338e-03
0.05976932 4.91380108e-03
0.06025288 5.13400714e-03
0.06073696 5.36208967e-03
0.06122155 5.59825050e-03
0.06170664 5.84268509e-03
0.06219220 6.09559616e-03
0.06267824 6.35719362e-03
0.06316476 6.62768737e-03
0.06365174 6.90728228e-03
0.06413917 7.19619345e-03
0.06462705 7.49463573e-03
0.06511539 7.80282956e-03
0.06560416 8.12099711e-03
0.06609337 8.44935096e-03
0.06658302 8.78811998e-03
0.06707311 9.13753817e-03
0.06756363 9.49783105e-03
0.06805458 9.86923013e-03
0.06854596 1.02519653e-02
0.06903777 1.06462731e-02
0.06953002 1.10523927e-02
0.07002271 1.14705654e-02
0.07051583 1.19010332e-02
0.07100938 1.23440374e-02
0.07150339 1.27998266e-02
0.07199783 1.32686444e-02
0.07249272 1.37507466e-02
0.07298807 1.42463892e-02
0.07348387 1.47558141e-02
0.07398014 1.52792769e-02
0.07447687 1.58170448e-02
0.07497408 1.63693717e-02
0.07547176 1.69365161e-02
0.07596993 1.75187493e-02
0.07646859 1.81163283e-02
0.07696776 1.87295294e-02
0.07746744 1.93586173e-02
0.07796764 2.00038512e-02
0.07846837 2.06655106e-02
0.07896963 2.13438751e-02
0.07947144 2.20392077e-02
0.07997381 2.27517949e-02
0.08047674 2.34818946e-02
0.08098024 2.42297878e-02
0.08148432 2.49957609e-02
0.08198902 2.57801138e-02
0.08249433 2.65831171e-02
0.08300025 2.74050305e-02
0.08350680 2.82461478e-02
0.08401400 2.91067717e-02
0.08452187 2.99871800e-02
0.08503040 3.08876421e-02
0.08553960 3.18084658e-02
0.08604950 3.27499194e-02
0.08656011 3.37122864e-02
0.08707143 3.46958614e-02
0.08758349 3.57009182e-02
0.08809629 3.67277583e-02
0.08860985 3.77766633e-02
0.08912419 3.88479252e-02
0.08963932 3.99418117e-02
0.09015524 4.10586008e-02
0.09067198 4.21985954e-02
0.09118955 4.33620887e-02
0.09170796 4.45493201e-02
0.09222723 4.57606064e-02
0.09274738 4.69962052e-02
0.09326842 4.82563817e-02
0.09379036 4.95414190e-02
0.09431322 5.08515928e-02
0.09483702 5.21872089e-02
0.09536178 5.35484537e-02
0.09588750 5.49356516e-02
0.09641421 5.63490554e-02
0.09694191 5.77888926e-02
0.09747064 5.92554544e-02
0.09800041 6.07489720e-02
0.09853124 6.22697188e-02
0.09906314 6.38179273e-02
0.09959612 6.53938254e-02
0.10013022 6.69976647e-02
0.10066545 6.86296511e-02
0.10120182 7.02900542e-02
0.10173936 7.19790918e-02
0.10227809 7.36969644e-02
0.10281802 7.54438433e-02
0.10335917 7.72199957e-02
0.10390157 7.90254898e-02
0.10444523 8.08605933e-02
0.10499018 8.27256025e-02
0.10553644 8.46206347e-02
0.10608402 8.65458017e-02
0.10663294 8.85012221e-02
0.10718324 9.04871485e-02
0.10773492 9.25036807e-02
0.10828802 9.45509057e-02
0.10884255 9.66289711e-02
0.10939854 9.87380053e-02
0.10995601 1.00878080e-01
0.11051498 1.03049276e-01
0.11107547 1.05251677e-01
0.11163750 1.07485314e-01
0.11220111 1.09750240e-01
0.11276631 1.12046472e-01
0.11333313 1.14374031e-01
0.11390159 1.16732939e-01
0.11447172 1.19123150e-01
0.11504354 1.21544600e-01
0.11561706 1.23997291e-01
0.11619233 1.26481122e-01
0.11676936 1.28995990e-01
0.11734817 1.31541790e-01
0.11792880 1.34118368e-01
0.11851127 1.36725606e-01
0.11909560 1.39363246e-01
0.11968183 1.42031124e-01
0.12026996 1.44729054e-01
0.12086003 1.47456693e-01
0.12145207 1.50213769e-01
0.12204610 1.52999968e-01
0.12264215 1.55814987e-01
0.12324024 1.58658412e-01
0.12384040 1.61529884e-01
0.12444266 1.64428934e-01
0.12504705 1.67355105e-01
0.12565359 1.70307902e-01
0.12626230 1.73286730e-01
0.12687321 1.76290960e-01
0.12748635 1.79320007e-01
0.12810174 1.82373247e-01
0.12871941 1.85449966e-01
0.12933939 1.88549421e-01
0.12996170 1.91670818e-01
0.13058637 1.94813285e-01
0.13121342 1.97976030e-01
0.13184288 2.01158056e-01
0.13247477 2.04358312e-01
0.13310912 2.07575828e-01
0.13374596 2.10809600e-01
0.13438529 2.14058442e-01
0.13502716 2.17321144e-01
0.13567159 2.20596385e-01
0.13631860 2.23882854e-01
0.13696820 2.27179273e-01
0.13762044 2.30484164e-01
0.13827532 2.33796052e-01
0.13893287 2.37113414e-01
0.13959311 2.40434623e-01
0.14025607 2.43757977e-01
0.14092176 2.47081713e-01
0.14159020 2.50404004e-01
0.14226141 2.53722857e-01
0.14293542 2.57036384e-01
0.14361223 2.60342685e-01
0.14429188 2.63639610e-01
0.14497437 2.66924924e-01
0.14565971 2.70196294e-01
0.14634794 2.73451494e-01
0.14703905 2.76688335e-01
0.14773307 2.79903982e-01
0.14843000 2.83096207e-01
0.14912986 2.86262306e-01
0.14983267 2.89399495e-01
0.15053843 2.92505210e-01
0.15124715 2.95576630e-01
0.15195884 2.98610913e-01
0.15267351 3.01604890e-01
0.15339115 3.04555673e-01
0.15411179 3.07460316e-01
0.15483541 3.10315586e-01
0.15556203 3.13118151e-01
0.15629164 3.15864726e-01
0.15702424 3.18551955e-01
0.15775982 3.21176495e-01
0.15849839 3.23734937e-01
0.15923995 3.26223644e-01
0.15998448 3.28639113e-01
0.16073197 3.30977777e-01
0.16148242 3.33235994e-01
0.16223583 3.35410126e-01
0.16299217 3.37496371e-01
0.16375143 3.39491016e-01
0.16451361 3.41390695e-01
0.16527867 3.43191406e-01
0.16604662 3.44889330e-01
0.16681743 3.46480914e-01
0.16759107 3.47962400e-01
0.16836754 3.49330089e-01
0.16914680 3.50580332e-01
0.16992884 3.51709577e-01
0.17071362 3.52714148e-01
0.17150113 3.53590575e-01
0.17229134 3.54335315e-01
0.17308421 3.54945034e-01
0.17387971 3.55416333e-01
0.17467783 3.55746241e-01
0.17547852 3.55931324e-01
0.17628175 3.55968709e-01
0.17708748 3.55855485e-01
0.17789570 3.55588876e-01
0.17870634 3.55166134e-01
0.17951939 3.54584919e-01
0.18033480 3.53842778e-01
0.18115254 3.52937462e-01
0.18197256 3.51867003e-01
0.18279485 3.50629795e-01
0.18361935 3.49224170e-01
0.18444604 3.47648514e-01
0.18527487 3.45901714e-01
0.18610582 3.43982648e-01
0.18693884 3.41890456e-01
0.18777389 3.39624597e-01
0.18861094 3.37184849e-01
0.18944994 3.34571035e-01
0.19029085 3.31783475e-01
0.19113364 3.28822415e-01
0.19197826 3.25688767e-01
0.19282467 3.22383468e-01
0.19367283 3.18907863e-01
0.19452269 3.15263258e-01
0.19537421 3.11451740e-01
0.19622735 3.07475591e-01
0.19708207 3.03337047e-01
0.19793831 2.99038933e-01
0.19879604 2.94584500e-01
0.19965521 2.89977151e-01
0.20051579 2.85220398e-01
0.20137771 2.80318305e-01
0.20224096 2.75275286e-01
0.20310548 2.70095905e-01
0.20397125 2.64785131e-01
0.20483820 2.59347922e-01
0.20570633 2.53790050e-01
0.20657557 2.48117252e-01
0.20744590 2.42335678e-01
0.20831728 2.36451740e-01
0.20918967 2.30471982e-01
0.21006305 2.24403362e-01
0.21093738 2.18253082e-01
0.21181261 2.12028650e-01
0.21268873 2.05737867e-01
0.21356570 1.99388499e-01
0.21444349 1.92988698e-01
0.21532207 1.86546871e-01
0.21620140 1.80071569e-01
0.21708147 1.73571436e-01
0.21796223 1.67055500e-01
0.21884367 1.60532732e-01
0.21972575 1.54012371e-01
0.22060845 1.47503838e-01
0.22149175 1.41016493e-01
0.22237561 1.34560036e-01
0.22326002 1.28144110e-01
0.22414495 1.21778457e-01
0.22503037 1.15472930e-01
0.22591627 1.09237341e-01
0.22680263 1.03081570e-01
0.22768942 9.70154622e-02
0.22857661 9.10489220e-02
0.22946420 8.51917738e-02
0.23035216 7.94538023e-02
0.23124047 7.38447009e-02
0.23212912 6.83740800e-02
0.23301808 6.30514665e-02
0.23390734 5.78862357e-02
0.23479688 5.28876108e-02
0.23568668 4.80646686e-02
0.23657674 4.34262545e-02
0.23746703 3.89810433e-02
0.23835755 3.47374869e-02
0.23924829 3.07037686e-02
0.24013923 2.68878124e-02
0.24103037 2.32972669e-02
0.24192170 1.99394479e-02
0.24281323 1.68214007e-02
0.24370496 1.39498031e-02
0.24459689 1.13310076e-02
0.24548904 8.97100259e-03
0.24638142 6.87540548e-03
0.24727407 5.04945250e-03
0.24816700 3.49800712e-03
0.24906027 2.22554588e-03
0.24995391 1.23614919e-03
0.25084798 5.33507555e-04
0.25174254 1.20921366e-04
0.25263767 1.30214109e-06
0.25353346 1.77178852e-04
0.25442999 6.50702425e-04
0.25532737 1.42365054e-03
0.25622573 2.49743091e-03
0.25712518 3.87308308e-03
0.25802585 5.55127732e-03
0.25892788 7.53230976e-03
0.25983142 9.81608440e-03
0.26073660 1.24021010e-02
0.26164356 1.52894277e-02
0.26255244 1.84766764e-02
0.26346335 2.19619459e-02
0.26437642 2.57427934e-02
0.26529174 2.98161506e-02
0.26620938 3.41782910e-02
0.26712939 3.88247682e-02
0.26805179 4.37503202e-02
0.26897658 4.89487822e-02
0.26990370 5.44130345e-02
0.27083309 6.01349279e-02
0.27176462 6.61053095e-02
0.27269815 7.23139364e-02
0.27363349 7.87494756e-02
0.27457045 8.53995342e-02
0.27550879 9.22506416e-02
0.27644826 9.92883724e-02
0.27738859 1.06497402e-01
0.27832952 1.13861648e-01
0.27927079 1.21364320e-01
0.28021212 1.28987855e-01
0.28115327 1.36714403e-01
0.28209400 1.44525829e-01
0.28303409 1.52403726e-01
0.28397337 1.60329419e-01
0.28491166 1.68284359e-01
0.28584883 1.76250131e-01
0.28678477 1.84208244e-01
0.28771938 1.92140566e-01
0.28865262 2.00029012e-01
0.28958445 2.07855998e-01
0.29051484 2.15604037e-01
0.29144381 2.23256064e-01
0.29237136 2.30795119e-01
0.29329753 2.38204769e-01
0.29422236 2.45468999e-01
0.29514590 2.52571811e-01
0.29606821 2.59497815e-01
0.29698935 2.66231864e-01
0.29790938 2.72759055e-01
0.29882839 2.79065177e-01
0.29974642 2.85136200e-01
0.30066357 2.90958551e-01
0.30157988 2.96519165e-01
0.30249544 3.01804962e-01
0.30341031 3.06803836e-01
0.30432454 3.11504249e-01
0.30523821 3.15894824e-01
0.30615136 3.19964669e-01
0.30706406 3.23703832e-01
0.30797636 3.27102796e-01
0.30888831 3.30152680e-01
0.30979995 3.32845175e-01
0.31071133 3.35172655e-01
0.31162249 3.37128405e-01
0.31253347 3.38706280e-01
0.31344430 3.39900847e-01
0.31435503 3.40707700e-01
0.31526567 3.41122916e-01
0.31617626 3.41143610e-01
0.31708683 3.40767814e-01
0.31799741 3.39994654e-01
0.31890801 3.38823722e-01
0.31981865 3.37255850e-01
0.32072937 3.35292345e-01
0.32164018 3.32935859e-01
0.32255109 3.30189573e-01
0.32346212 3.27057826e-01
0.32437329 3.23546165e-01
0.32528461 3.19660747e-01
0.32619609 3.15408742e-01
0.32710775 3.10798449e-01
0.32801960 3.05839049e-01
0.32893165 3.00540295e-01
0.32984390 2.94913141e-01
0.33075637 2.88969724e-01
0.33166907 2.82722681e-01
0.33258200 2.76185783e-01
0.33349517 2.69373636e-01
0.33440859 2.62301510e-01
0.33532226 2.54985493e-01
0.33623620 2.47442486e-01
0.33715040 2.39690403e-01
0.33806487 2.31747567e-01
0.33897962 2.23633056e-01
0.33989465 2.15366578e-01
0.34080996 2.06968401e-01
0.34172557 1.98459439e-01
0.34264147 1.89860953e-01
0.34355767 1.81194863e-01
0.34447418 1.72483421e-01
0.34539098 1.63749086e-01
0.34630810 1.55014661e-01
0.34722552 1.46303353e-01
0.34814327 1.37638391e-01
0.34906133 1.29043085e-01
0.34997971 1.20540989e-01
0.35089841 1.12155463e-01
0.35181744 1.03909922e-01
0.35273679 9.58275614e-02
0.35365648 8.79314075e-02
0.35457649 8.02442341e-02
0.35549684 7.27884555e-02
0.35641753 6.55861276e-02
0.35733856 5.86587704e-02
0.35825993 5.20274331e-02
0.35918164 4.57125331e-02
0.36010370 3.97338243e-02
0.36102610 3.41103501e-02
0.36194886 2.88603367e-02
0.36287197 2.40011770e-02
0.36379544 1.95493315e-02
0.36471927 1.55202867e-02
0.36564346 1.19284976e-02
0.36656801 8.78732393e-03
0.36749292 6.10897618e-03
0.36841820 3.90447883e-03
0.36934385 2.18360454e-03
0.37026988 9.54837340e-04
0.37119627 2.25329576e-04
0.37212304 8.61527151e-07
0.37305019 2.85806276e-04
0.37397772 1.08309850e-03
0.37490563 2.39420412e-03
0.37583392 4.21909670e-03
0.37676260 6.55623901e-03
0.37769167 9.40255920e-03
0.37862113 1.27534485e-02
0.37955098 1.66027447e-02
0.38048122 2.09427337e-02
0.38141187 2.57641541e-02
0.38234291 3.10562133e-02
0.38327435 3.68065485e-02
0.38420619 4.30013191e-02
0.38513845 4.96251937e-02
0.38607110 5.66613305e-02
0.38700417 6.40914868e-02
0.38793765 7.18959953e-02
0.38887155 8.00538434e-02
0.38980586 8.85427418e-02
0.39074059 9.73390575e-02
0.39167574 1.06418053e-01
0.39261132 1.15753699e-01
0.39354732 1.25319005e-01
0.39448375 1.35086006e-01
0.39542060 1.45025760e-01
0.39635790 1.55108444e-01
0.39729563 1.65303557e-01
0.39823379 1.75579630e-01
0.39917240 1.85904971e-01
0.40011145 1.96247302e-01
0.40105095 2.06573792e-01
0.40199089 2.16851495e-01
0.40293129 2.27047238e-01
0.40387215 2.37127558e-01
0.40481346 2.47059233e-01
0.40575520 2.56808924e-01
0.40669745 2.66344647e-01
0.40764055 2.75637018e-01
0.40858429 2.84651653e-01
0.40952611 2.93333712e-01
0.41046221 3.01622141e-01
0.41139307 3.09498820e-01
0.41232541 3.16995471e-01
0.41326485 3.24125350e-01
0.41421026 3.30845018e-01
0.41515758 3.37095430e-01
0.41610492 3.42838907e-01
0.41705244 3.48054174e-01
0.41800047 3.52722385e-01
0.41894904 3.56824174e-01
0.41989812 3.60341539e-01
0.42084771 3.63259134e-01
0.42179781 3.65562996e-01
0.42274844 3.67241199e-01
0.42369959 3.68283868e-01
0.42465127 3.68683130e-01
0.42560347 3.68433979e-01
0.42655621 3.67532863e-01
0.42750948 3.65979084e-01
0.42846330 3.63773784e-01
0.42941766 3.60920828e-01
0.43037256 3.57426242e-01
0.43132801 3.53298915e-01
0.43228402 3.48549548e-01
0.43324059 3.43191526e-01
0.43419771 3.37240476e-01
0.43515540 3.30714668e-01
0.43611365 3.23634387e-01
0.43707248 3.16022426e-01
0.43803188 3.07903678e-01
0.43899186 2.99305154e-01
0.43995242 2.90256021e-01
0.44091357 2.80787683e-01
0.44187530 2.70933137e-01
0.44283762 2.60727398e-01
0.44380054 2.50207283e-01
0.44476406 2.39411084e-01
0.44572818 2.28378543e-01
0.44669291 2.17150770e-01
0.44765824 2.05770381e-01
0.44862419 1.94280614e-01
0.44959075 1.82725979e-01
0.45055793 1.71151559e-01
0.45152574 1.59603151e-01
0.45249417 1.48126719e-01
0.45346322 1.36768717e-01
0.45443291 1.25575541e-01
0.45540324 1.14593536e-01
0.45637421 1.03868706e-01
0.45734581 9.34464571e-02
0.45831807 8.33715358e-02
0.45929097 7.36878301e-02
0.46026452 6.44381432e-02
0.46123873 5.56639329e-02
0.46221359 4.74052507e-02
0.46318912 3.97004300e-02
0.46416531 3.25859983e-02
0.46514216 2.60964550e-02
0.46611969 2.02640771e-02
0.46709788 1.51187606e-02
0.46807675 1.06878923e-02
0.46905630 6.99615104e-03
0.47003653 4.06538018e-03
0.47101743 1.91444622e-03
0.47199903 5.59116088e-04
0.47298130 1.19363555e-05
0.47396427 2.82129212e-04
0.47494793 1.37550314e-03
0.47593227 3.29437171e-03
0.47691731 6.03749321e-03
0.47790304 9.60001659e-03
0.47888947 1.39734371e-02
0.47987659 1.91456032e-02
0.48086440 2.51006902e-02
0.48185291 3.18192256e-02
0.48284211 3.92781174e-02
0.48383201 4.74506811e-02
0.48482260 5.63067624e-02
0.48581390 6.58127827e-02
0.48680589 7.59317909e-02
0.48779857 8.66236477e-02
0.48879196 9.78452017e-02
0.48978604 1.09550336e-01
0.49078082 1.21690194e-01
0.49177629 1.34213275e-01
0.49277246 1.47065836e-01
0.49376933 1.60191874e-01
0.49476690 1.73533545e-01
0.49576516 1.87031335e-01
0.49676411 2.00624327e-01
0.49776375 2.14250274e-01
0.49876409 2.27846152e-01
0.49976511 2.41348465e-01
0.50076683 2.54693310e-01
0.50176922 2.67816839e-01
0.50277230 2.80655461e-01
0.50377605 2.93146318e-01
0.50478048 3.05227625e-01
0.50578558 3.16838482e-01
0.50679134 3.27920084e-01
0.50779777 3.38415293e-01
0.50880486 3.48269267e-01
0.50981260 3.57429619e-01
0.51082099 3.65846926e-01
0.51183003 3.73474989e-01
0.51283971 3.80270831e-01
0.51385002 3.86195338e-01
0.51486096 3.91213092e-01
0.51587253 3.95292970e-01
0.51688472 3.98408653e-01
0.51789752 4.00537972e-01
0.51891093 4.01663799e-01
0.51992494 4.01773845e-01
0.52093955 4.00861218e-01
0.52195474 3.98923795e-01
0.52297052 3.95964811e-01
0.52398687 3.91993285e-01
0.52500380 3.87023175e-01
0.52602128 3.81074153e-01
0.52703932 3.74171407e-01
0.52805791 3.66344770e-01
0.52907704 3.57629991e-01
0.53009670 3.48067821e-01
0.53111689 3.37703638e-01
0.53213759 3.26588063e-01
0.53315881 3.14775998e-01
0.53418052 3.02326732e-01
0.53520273 2.89303760e-01
0.53622543 2.75774095e-01
0.53724860 2.61808438e-01
0.53827224 2.47480641e-01
0.53929634 2.32867096e-01
0.54032089 2.18046819e-01
0.54134589 2.03100757e-01
0.54237132 1.88111384e-01
0.54339718 1.73162193e-01
0.54442346 1.58337393e-01
0.54545014 1.43721312e-01
0.54647723 1.29398023e-01
0.54750471 1.15450776e-01
0.54853258 1.01961562e-01
0.54956082 8.90106328e-02
0.55058943 7.66759390e-02
0.55161840 6.50327095e-02
0.55264772 5.41530110e-02
0.55367739 4.41052038e-02
0.55470738 3.49535419e-02
0.55573770 2.67577714e-02
0.55676835 1.95727024e-02
0.55779930 1.34478082e-02
0.55883055 8.42687201e-03
0.55986210 4.54766984e-03
0.56089393 1.84165388e-03
0.56192605 3.33695270e-04
0.56295843 4.18540655e-05
0.56399108 9.77177325e-04
0.56502398 3.14354343e-03
0.56605713 6.53755255e-03
0.56709050 1.11484496e-02
0.56812411 1.69581116e-02
0.56915793 2.39410593e-02
0.57019196 3.20645207e-02
0.57122619 4.12885340e-02
0.57226061 5.15661116e-02
0.57329521 6.28434849e-02
0.57432999 7.50602953e-02
0.57536493 8.81498350e-02
0.57640003 1.02039552e-01
0.57743528 1.16651287e-01
0.57847067 1.31901666e-01
0.57950620 1.47702674e-01
0.58054184 1.63962212e-01
0.58157760 1.80584312e-01
0.58261347 1.97469949e-01
0.58364944 2.14517698e-01
0.58468550 2.31624131e-01
0.58572164 2.48684393e-01
0.58675785 2.65593271e-01
0.58779412 2.82245245e-01
0.58883045 2.98535882e-01
0.58986683 3.14361676e-01
0.59090325 3.29621808e-01
0.59193969 3.44217673e-01
0.59297616 3.58054126e-01
0.59401263 3.71039996e-01
0.59504911 3.83088940e-01
0.59608558 3.94119845e-01
0.59712203 4.04057356e-01
0.59815846 4.12832566e-01
0.59919484 4.20383605e-01
0.60023118 4.26655887e-01
0.60126747 4.31602850e-01
0.60230369 4.35186071e-01
0.60333983 4.37375506e-01
0.60437589 4.38150315e-01
0.60541185 4.37498873e-01
0.60644770 4.35418470e-01
0.60748343 4.31916360e-01
0.60851904 4.27008707e-01
0.60955450 4.20721062e-01
0.61058981 4.13089136e-01
0.61162496 4.04157123e-01
0.61265993 3.93978522e-01
0.61369471 3.82616009e-01
0.61472929 3.70140282e-01
0.61576365 3.56630009e-01
0.61679779 3.42171541e-01
0.61783169 3.26858706e-01
0.61886532 3.10791274e-01
0.61989868 2.94075615e-01
0.62093174 2.76822784e-01
0.62196449 2.59148606e-01
0.62299691 2.41172704e-01
0.62402898 2.23017592e-01
0.62506069 2.04807987e-01
0.62609201 1.86669690e-01
0.62712293 1.68729222e-01
0.62815344 1.51112574e-01
0.62918350 1.33944352e-01
0.63021311 1.17346934e-01
0.63124224 1.01439679e-01
0.63227088 8.63378990e-02
0.63329899 7.21521455e-02
0.63432658 5.89873094e-02
0.63535360 4.69418910e-02
0.63638005 3.61071822e-02
0.63740590 2.65665690e-02
0.63843113 1.83948890e-02
0.63945573 1.16578440e-02
0.64047966 6.41144198e-03
0.64150291 2.70151526e-03
0.64252546 5.63317490e-04
0.64354728 2.12006303e-05
0.64456836 1.08834969e-03
0.64558866 3.76658129e-03
0.64660816 8.04620656e-03
0.64762681 1.39060243e-02
0.64864460 2.13134049e-02
0.64966147 3.02244431e-02
0.65067741 4.05842163e-02
0.65169238 5.23271101e-02
0.65270633 6.53771921e-02
0.65371924 7.96487873e-02
0.65473107 9.50470085e-02
0.65574178 1.11468412e-01
0.65675132 1.28801740e-01
0.65775967 1.46928605e-01
0.65876679 1.65724486e-01
0.65977262 1.85059472e-01
0.66077714 2.04799355e-01
0.66178031 2.24806712e-01
0.66278208 2.44941592e-01
0.66378244 2.65062753e-01
0.66478133 2.85028654e-01
0.66577874 3.04698783e-01
0.66677463 3.23934188e-01
0.66776897 3.42599002e-01
0.66876175 3.60560863e-01
0.66975294 3.77692458e-01
0.67074252 3.93872178e-01
0.67173046 4.08984948e-01
0.67271674 4.22922618e-01
0.67370134 4.35586296e-01
0.67468423 4.46885332e-01
0.67566537 4.56738821e-01
0.67664475 4.65075953e-01
0.67762230 4.71837241e-01
0.67859801 4.76974064e-01
0.67957181 4.80449378e-01
0.68054366 4.82238478e-01
0.68151348 4.82328801e-01
0.68248120 4.80719935e-01
0.68344673 4.77424028e-01
0.68440999 4.72466255e-01
0.68537089 4.65883398e-01
0.68632935 4.57723942e-01
0.68728531 4.48048079e-01
0.68823866 4.36927126e-01
0.68918934 4.24442901e-01
0.69013724 4.10686559e-01
0.69108227 3.95758199e-01
0.69202432 3.79766652e-01
0.69296329 3.62828452e-01
0.69389909 3.45065451e-01
0.69483158 3.26605323e-01
0.69576066 3.07580824e-01
0.69668622 2.88127821e-01
0.69760816 2.68383260e-01
0.69852633 2.48485629e-01
0.69944061 2.28574856e-01
0.70035085 2.08789521e-01
0.70125690 1.89265522e-01
0.70215856 1.70135864e-01
0.70305566 1.51529816e-01
0.70394810 1.33569921e-01
0.70483582 1.16371004e-01
0.70571868 1.00043075e-01
0.70659634 8.46912633e-02
0.70746856 7.04110379e-02
0.70833511 5.72870803e-02
0.70919573 4.53949852e-02
0.71005364 3.47579788e-02
0.71091383 2.53928071e-02
0.71177606 1.73855549e-02
0.71263786 1.08278533e-02
0.71349863 5.77812312e-03
0.71435837 2.28181346e-03
0.71521709 3.74997323e-04
0.71607477 8.37657417e-05
0.71693141 1.42420104e-03
0.71778702 4.40214973e-03
0.71864157 9.01308151e-03
0.71949508 1.52420165e-02
0.72034752 2.30635110e-02
0.72119891 3.24417233e-02
0.72204924 4.33305129e-02
0.72289849 5.56737060e-02
0.72374667 6.94052739e-02
0.72459377 8.44496899e-02
0.72543979 1.00722346e-01
0.72628472 1.18130026e-01
0.72712856 1.36571378e-01
0.72797130 1.55937460e-01
0.72881294 1.76112642e-01
0.72965347 1.96974889e-01
0.73049289 2.18396589e-01
0.73133120 2.40245711e-01
0.73216838 2.62386285e-01
0.73300444 2.84679286e-01
0.73383937 3.06983398e-01
0.73467317 3.29156171e-01
0.73550583 3.51055414e-01
0.73633734 3.72539107e-01
0.73716771 3.93466897e-01
0.73799692 4.13701039e-01
0.73882498 4.33107603e-01
0.73965188 4.51556682e-01
0.74047761 4.68924028e-01
0.74130217 4.85091371e-01
0.74212555 4.99947832e-01
0.74294776 5.13390176e-01
0.74376878 5.25323922e-01
0.74458861 5.35663864e-01
0.74540725 5.44334968e-01
0.74622469 5.51272739e-01
0.74704093 5.56423615e-01
0.74785597 5.59746305e-01
0.74866979 5.61210726e-01
0.74948240 5.60799671e-01
0.75029379 5.58508180e-01
0.75110395 5.54344030e-01
0.75191288 5.48327910e-01
0.75272059 5.40492933e-01
0.75352705 5.30884854e-01
0.75433227 5.19561894e-01
0.75513624 5.06594195e-01
0.75593897 4.92064296e-01
0.75674044 4.76065186e-01
0.75754065 4.58700642e-01
0.75833959 4.40084701e-01
0.75913727 4.20341008e-01
0.75993367 3.99601271e-01
0.76072880 3.78005523e-01
0.76152265 3.55700632e-01
0.76231521 3.32839325e-01
0.76310648 3.09579372e-01
0.76389646 2.86082158e-01
0.76468514 2.62512148e-01
0.76547252 2.39035297e-01
0.76625859 2.15818065e-01
0.76704335 1.93026523e-01
0.76782680 1.70824745e-01
0.76860892 1.49373930e-01
0.76938973 1.28831185e-01
0.77016920 1.09348402e-01
0.77094735 9.10712028e-02
0.77172416 7.41377619e-02
0.77249962 5.86778975e-02
0.77327375 4.48120309e-02
0.77404652 3.26502442e-02
0.77481794 2.22915186e-02
0.77558801 1.38229215e-02
0.77635671 7.31887558e-03
0.77712404 2.84055919e-03
0.77789001 4.35387700e-04
0.77865460 1.36569077e-04
0.77941782 1.96276971e-03
0.78017965 5.91787783e-03
0.78094010 1.19908705e-02
0.78169915 2.01557824e-02
0.78245681 3.03717941e-02
0.78321307 4.25833887e-02
0.78396793 5.67206964e-02
0.78472138 7.26997879e-02
0.78547342 9.04232510e-02
0.78622404 1.09780841e-01
0.78697325 1.30650092e-01
0.78772104 1.52897075e-01
0.78846739 1.76377272e-01
0.78921232 2.00936547e-01
0.78995582 2.26412428e-01
0.79069788 2.52634805e-01
0.79143850 2.79427429e-01
0.79217767 3.06608750e-01
0.79291539 3.33993576e-01
0.79365166 3.61393950e-01
0.79438648 3.88621171e-01
0.79511983 4.15486171e-01
0.79585172 4.41801713e-01
0.79658214 4.67383162e-01
0.79731109 4.92050257e-01
0.79803856 5.15628189e-01
0.79876455 5.37948948e-01
0.79948906 5.58852034e-01
0.80021208 5.78187017e-01
0.80093360 5.95813219e-01
0.80165363 6.11601595e-01
0.80237216 6.25435510e-01
0.80308918 6.37211845e-01
0.80380470 6.46841343e-01
0.80451870 6.54249959e-01
0.80523119 6.59378925e-01
0.80594216 6.62185692e-01
0.80665161 6.62643898e-01
0.80735953 6.60744260e-01
0.80806592 6.56494090e-01
0.80877078 6.49917718e-01
0.80947410 6.41056148e-01
0.81017588 6.29967034e-01
0.81087612 6.16723758e-01
0.81157482 6.01416693e-01
0.81227196 5.84150703e-01
0.81296755 5.65045577e-01
0.81366159 5.44234209e-01
0.81435406 5.21863214e-01
0.81504497 4.98090549e-01
0.81573432 4.73085097e-01
0.81642210 4.47025253e-01
0.81710830 4.20098461e-01
0.81779293 3.92498770e-01
0.81847598 3.64425814e-01
0.81915745 3.36083880e-01
0.81983733 3.07679780e-01
0.82051563 2.79421968e-01
0.82119233 2.51518685e-01
0.82186745 2.24176546e-01
0.82254096 1.97599346e-01
0.82321287 1.71986121e-01
0.82388318 1.47530003e-01
0.82455189 1.24416629e-01
0.82521898 1.02822696e-01
0.82588447 8.29147763e-02
0.82654834 6.48482317e-02
0.82721059 4.87658282e-02
0.82787122 3.47966954e-02
0.82853023 2.30553804e-02
0.82918761 1.36410380e-02
0.82984337 6.63658971e-03
0.83049750 2.10806635e-03
0.83115000 1.04102867e-04
0.83180086 6.55522927e-04
0.83245008 3.77505282e-03
0.83309767 9.45715678e-03
0.83374362 1.76779960e-02
0.83438792 2.83955476e-02
0.83503058 4.15498585e-02
0.83567159 5.70634180e-02
0.83631095 7.48416297e-02
0.83694867 9.47735135e-02
0.83758473 1.16732417e-01
0.83821913 1.40576820e-01
0.83885188 1.66151581e-01
0.83948297 1.93288330e-01
0.84011240 2.21807622e-01
0.84074017 2.51519346e-01
0.84136627 2.82224411e-01
0.84199071 3.13716247e-01
0.84261348 3.45781785e-01
0.84323459 3.78203612e-01
0.84385402 4.10760799e-01
0.84447178 4.43231589e-01
0.84508787 4.75392900e-01
0.84570228 5.07023655e-01
0.84631501 5.37905701e-01
0.84692607 5.67825452e-01
0.84753545 5.96576102e-01
0.84814314 6.23958150e-01
0.84874916 6.49781575e-01
0.84935349 6.73866019e-01
0.84995613 6.96043317e-01
0.85055709 7.16158340e-01
0.85115636 7.34069660e-01
0.85175394 7.49651091e-01
0.85234982 7.62792476e-01
0.85294402 7.73400619e-01
0.85353652 7.81398946e-01
0.85412733 7.86729976e-01
0.85471645 7.89354058e-01
0.85530386 7.89250207e-01
0.85588958 7.86416630e-01
0.85647360 7.80870564e-01
0.85705593 7.72648080e-01
0.85763655 7.61803485e-01
0.85821547 7.48409525e-01
0.85879270 7.32556770e-01
0.85936822 7.14352528e-01
0.85994204 6.93921120e-01
0.86051416 6.71402584e-01
0.86108457 6.46952183e-01
0.86165329 6.20738035e-01
0.86222030 5.92941421e-01
0.86278560 5.63754437e-01
0.86334921 5.33378791e-01
0.86391111 5.02025258e-01
0.86447131 4.69911493e-01
0.86502980 4.37260883e-01
0.86558659 4.04300601e-01
0.86614167 3.71260336e-01
0.86669505 3.38371134e-01
0.86724672 3.05863084e-01
0.86779669 2.73964090e-01
0.86834495 2.42898144e-01
0.86889151 2.12884192e-01
0.86943636 1.84134361e-01
0.86997950 1.56852659e-01
0.87052094 1.31233369e-01
0.87106068 1.07459845e-01
0.87159870 8.57034055e-02
0.87213503 6.61220854e-02
0.87266964 4.88596084e-02
0.87320256 3.40444237e-02
0.87373376 2.17889156e-02
0.87426327 1.21885094e-02
0.87479107 5.32108717e-03
0.87531717 1.24647030e-03
0.87584157 6.03832498e-06
0.87636426 1.62246869e-03
0.87688526 6.09960281e-03
0.87740455 1.34224288e-02
0.87792215 2.35572151e-02
0.87843804 3.64517277e-02
0.87895224 5.20356012e-02
0.87946475 7.02207923e-02
0.87997555 9.09023305e-02
0.88048467 1.13958710e-01
0.88099209 1.39253056e-01
0.88149781 1.66633685e-01
0.88200185 1.95935428e-01
0.88250419 2.26980665e-01
0.88300485 2.59580365e-01
0.88350382 2.93535103e-01
0.88400110 3.28636929e-01
0.88449669 3.64670386e-01
0.88499060 4.01414132e-01
0.88548283 4.38641816e-01
0.88597337 4.76123470e-01
0.88646223 5.13628050e-01
0.88694942 5.50923718e-01
0.88743493 5.87780623e-01
0.88791876 6.23971438e-01
0.88840092 6.59273091e-01
0.88888141 6.93468497e-01
0.88936022 7.26346885e-01
0.88983737 7.57706836e-01
0.89031285 7.87356078e-01
0.89078666 8.15112871e-01
0.89125881 8.40807073e-01
0.89172930 8.64281924e-01
0.89219812 8.85394627e-01
0.89266529 9.04017007e-01
0.89313080 9.20035653e-01
0.89359465 9.33354303e-01
0.89405684 9.43893744e-01
0.89451739 9.51591101e-01
0.89497628 9.56401115e-01
0.89543352 9.58296888e-01
0.89588912 9.57268830e-01
0.89634307 9.53325681e-01
0.89679537 9.46493301e-01
0.89724603 9.36816162e-01
0.89769506 9.24356006e-01
0.89814244 9.09190168e-01
0.89858819 8.91413701e-01
0.89903230 8.71136685e-01
0.89947478 8.48484282e-01
0.89991563 8.23595879e-01
0.90035485 7.96622081e-01
0.90079244 7.67727813e-01
0.90122840 7.37089906e-01
0.90166275 7.04895695e-01
0.90209547 6.71341854e-01
0.90252658 6.36632452e-01
0.90295607 6.00978153e-01
0.90338394 5.64594925e-01
0.90381021 5.27703452e-01
0.90423486 4.90526239e-01
0.90465791 4.53287005e-01
0.90507936 4.16210081e-01
0.90549920 3.79518280e-01
0.90591745 3.43431951e-01
0.90633410 3.08167403e-01
0.90674916 2.73936034e-01
0.90716263 2.40942979e-01
0.90757452 2.09385492e-01
0.90798483 1.79452698e-01
0.90839355 1.51324516e-01
0.90880071 1.25170528e-01
0.90920629 1.01148861e-01
0.90961030 7.94054337e-02
0.91001274 6.00730146e-02
0.91041362 4.32706527e-02
0.91081294 2.91030736e-02
0.91121071 1.76601253e-02
0.91160692 9.01634182e-03
0.91200159 3.23058094e-03
0.91239470 3.45799805e-04
0.91278628 3.88884488e-04
0.91317631 3.37056495e-03
0.91356481 9.28543503e-03
0.91395178 1.81120589e-02
0.91433722 2.98131588e-02
0.91472114 4.43358911e-02
0.91510353 6.16121762e-02
0.91548440 8.15592049e-02
0.91586376 1.04079921e-01
0.91624162 1.29063544e-01
0.91661796 1.56386198e-01
0.91699281 1.85911900e-01
0.91736616 2.17493141e-01
0.91773801 2.50971615e-01
0.91810837 2.86179107e-01
0.91847725 3.22938761e-01
0.91884464 3.61065980e-01
0.91921056 4.00369187e-01
0.91957499 4.40650812e-01
0.91993795 4.81708696e-01
0.92029944 5.23337144e-01
0.92065947 5.65328742e-01
0.92101803 6.07473622e-01
0.92137512 6.49562508e-01
0.92173076 6.91385636e-01
0.92208494 7.32736223e-01
0.92243767 7.73408921e-01
0.92278894 8.13202520e-01
0.92313877 8.51921444e-01
0.92348716 8.89376590e-01
0.92383410 9.25385651e-01
0.92417961 9.59774876e-01
0.92452368 9.92378211e-01
0.92486633 1.02303996e+00
0.92520754 1.05161463e+00
0.92554734 1.07796691e+00
0.92588571 1.10197280e+00
0.92622267 1.12352135e+00
0.92655821 1.14251291e+00
0.92689235 1.15886267e+00
0.92722508 1.17249667e+00
0.92755641 1.18335530e+00
0.92788634 1.19139335e+00
0.92821487 1.19657826e+00
0.92854202 1.19889239e+00
0.92886778 1.19833107e+00
0.92919215 1.19490427e+00
0.92951515 1.18863512e+00
0.92983677 1.17956024e+00
0.93015702 1.16772625e+00
0.93047590 1.15319133e+00
0.93079342 1.13602957e+00
0.93110958 1.11633041e+00
0.93142438 1.09419396e+00
0.93173783 1.06973282e+00
0.93204993 1.04306837e+00
0.93236068 1.01433195e+00
0.93267009 9.83664590e-01
0.93297817 9.51216457e-01
0.93328491 9.17143171e-01
0.93359032 8.81608425e-01
0.93389441 8.44781825e-01
0.93419717 8.06838452e-01
0.93449862 7.67957378e-01
0.93479876 7.28320718e-01
0.93509759 6.88114005e-01
0.93539512 6.47524152e-01
0.93569135 6.06739328e-01
0.93598629 5.65947749e-01
0.93627994 5.25336497e-01
0.93657231 4.85091856e-01
0.93686339 4.45397418e-01
0.93715320 4.06433786e-01
0.93744174 3.68377883e-01
0.93772902 3.31401793e-01
0.93801504 2.95671627e-01
0.93829980 2.61347987e-01
0.93858332 2.28585884e-01
0.93886559 1.97533491e-01
0.93914662 1.68331111e-01
0.93942641 1.41110702e-01
0.93970498 1.15995491e-01
0.93998232 9.30994130e-02
0.94025844 7.25266784e-02
0.94053334 5.43714364e-02
0.94080703 3.87175172e-02
0.94107951 2.56380291e-02
0.94135078 1.51951608e-02
0.94162086 7.44005175e-03
0.94188975 2.41262542e-03
0.94215744 1.41495285e-04
0.94242394 6.43940996e-04
0.94268926 3.92590739e-03
0.94295341 9.98206776e-03
0.94321637 1.87959469e-02
0.94347817 3.03400781e-02
0.94373880 4.45761582e-02
0.94399826 6.14553347e-02
0.94425657 8.09184457e-02
0.94451372 1.02896266e-01
0.94476971 1.27310022e-01
0.94502456 1.54071574e-01
0.94527826 1.83083938e-01
0.94553082 2.14241914e-01
0.94578224 2.47431796e-01
0.94603253 2.82531619e-01
0.94628169 3.19412648e-01
0.94652972 3.57940285e-01
0.94677663 3.97974273e-01
0.94702242 4.39369663e-01
0.94726709 4.81976732e-01
0.94751065 5.25642181e-01
0.94775311 5.70209482e-01
0.94799446 6.15519851e-01
0.94823470 6.61412382e-01
0.94847386 7.07725107e-01
0.94871192 7.54295127e-01
0.94894889 8.00959695e-01
0.94918478 8.47557118e-01
0.94941959 8.93926876e-01
0.94965332 9.39909572e-01
0.94988599 9.85344682e-01
0.95011759 1.03007131e+00
0.95034812 1.07393337e+00
0.95057760 1.11678273e+00
0.95080603 1.15847480e+00
0.95103341 1.19887097e+00
0.95125974 1.23783808e+00
0.95148503 1.27524867e+00
0.95170928 1.31098017e+00
0.95193250 1.34491721e+00
0.95215469 1.37695214e+00
0.95237586 1.40698337e+00
0.95259601 1.43491652e+00
0.95281515 1.46066479e+00
0.95303328 1.48415008e+00
0.95325041 1.50530203e+00
0.95346654 1.52405804e+00
0.95368168 1.54036335e+00
0.95389583 1.55416993e+00
0.95410899 1.56543623e+00
0.95432118 1.57412839e+00
0.95453239 1.58022415e+00
0.95474264 1.58371169e+00
0.95495193 1.58458658e+00
0.95516025 1.58285400e+00
0.95536763 1.57852660e+00
0.95557405 1.57162536e+00
0.95577952 1.56218027e+00
0.95598405 1.55022797e+00
0.95618765 1.53581245e+00
0.95639030 1.51898617e+00
0.95659203 1.49981070e+00
0.95679283 1.47835560e+00
0.95699270 1.45469718e+00
0.95719166 1.42891858e+00
0.95738969 1.40110882e+00
0.95758682 1.37136391e+00
0.95778303 1.33978515e+00
0.95797835 1.30647800e+00
0.95817276 1.27155098e+00
0.95836627 1.23511746e+00
0.95855889 1.19729826e+00
0.95875061 1.15821816e+00
0.95894145 1.11800659e+00
0.95913141 1.07679689e+00
0.95932049 1.03472268e+00
0.95950869 9.91917948e-01
0.95969602 9.48519248e-01
0.95988248 9.04664940e-01
0.96006807 8.60491380e-01
0.96025281 8.16131700e-01
0.96043668 7.71721264e-01
0.96061970 7.27400770e-01
0.96080187 6.83310621e-01
0.96098319 6.39590264e-01
0.96116367 5.96375676e-01
0.96134331 5.53801015e-01
0.96152211 5.11997534e-01
0.96170008 4.71092576e-01
0.96187722 4.31210131e-01
0.96205354 3.92471101e-01
0.96222904 3.54990410e-01
0.96240373 3.18877130e-01
0.96257762 2.84238696e-01
0.96275070 2.51180217e-01
0.96292298 2.19802006e-01
0.96309447 1.90199376e-01
0.96326516 1.62462452e-01
0.96343507 1.36675781e-01
0.96360420 1.12918407e-01
0.96377255 9.12634958e-02
0.96394013 7.17786736e-02
0.96410694 5.45254271e-02
0.96427298 3.95593091e-02
0.96443827 2.69297806e-02
0.96460280 1.66803315e-02
0.96476659 8.84839768e-03
0.96492962 3.46525185e-03
0.96509192 5.55846420e-04
0.96525348 1.38800783e-04
0.96541431 2.22635829e-03
0.96557441 6.82438077e-03
0.96573379 1.39323720e-02
0.96589245 2.35434916e-02
0.96605039 3.56446179e-02
0.96620761 5.02163874e-02
0.96636413 6.72332879e-02
0.96651994 8.66637705e-02
0.96667505 1.08470405e-01
0.96682946 1.32609922e-01
0.96698318 1.59033301e-01
0.96713620 1.87686026e-01
0.96728854 2.18507894e-01
0.96744019 2.51433657e-01
0.96759117 2.86392734e-01
0.96774147 3.23309811e-01
0.96789109 3.62104824e-01
0.96804004 4.02692884e-01
0.96818833 4.44985012e-01
0.96833595 4.88888293e-01
0.96848291 5.34305966e-01
0.96862920 5.81137795e-01
0.96877484 6.29279992e-01
0.96891983 6.78625916e-01
0.96906416 7.29066372e-01
0.96920785 7.80490006e-01
0.96935089 8.32783120e-01
0.96949329 8.85830817e-01
0.96963505 9.39515951e-01
0.96977617 9.93721159e-01
0.96991666 1.04832751e+00
0.97005652 1.10321800e+00
0.97019575 1.15827852e+00
0.97033436 1.21339478e+00
0.97047234 1.26844868e+00
0.97060970 1.32332448e+00
0.97074644 1.37790624e+00
0.97088257 1.43207632e+00
0.97101808 1.48571736e+00
0.97115298 1.53871598e+00
0.97128728 1.59096098e+00
0.97142098 1.64234379e+00
0.97155407 1.69276030e+00
0.97168657 1.74210489e+00
0.97181848 1.79027676e+00
0.97194980 1.83717732e+00
0.97208053 1.88271190e+00
0.97221067 1.92679098e+00
0.97234023 1.96932927e+00
0.97246921 2.01023540e+00
0.97259762 2.04942075e+00
0.97272546 2.08680089e+00
0.97285272 2.12229413e+00
0.97297943 2.15582251e+00
0.97310556 2.18731296e+00
0.97323114 2.21669518e+00
0.97335616 2.24390738e+00
0.97348062 2.26889552e+00
0.97360452 2.29162654e+00
0.97372788 2.31206849e+00
0.97385068 2.33017656e+00
0.97397294 2.34590506e+00
0.97409466 2.35921678e+00
0.97421583 2.37007791e+00
0.97433647 2.37846070e+00
0.97445657 2.38434186e+00
0.97457613 2.38770541e+00
0.97469516 2.38853798e+00
0.97481366 2.38684002e+00
0.97493162 2.38264061e+00
0.97504905 2.37597892e+00
0.97516596 2.36687142e+00
0.97528233 2.35532648e+00
0.97539819 2.34136013e+00
0.97551352 2.32499645e+00
0.97562833 2.30626478e+00
0.97574262 2.28519864e+00
0.97585639 2.26183792e+00
0.97596965 2.23622912e+00
0.97608238 2.20842358e+00
0.97619460 2.17848322e+00
0.97630630 2.14649464e+00
0.97641748 2.11255200e+00
0.97652815 2.07673170e+00
0.97663830 2.03910453e+00
0.97674794 1.99974798e+00
0.97685706 1.95874453e+00
0.97696567 1.91617876e+00
0.97707377 1.87213904e+00
0.97718136 1.82672617e+00
0.97728844 1.78005013e+00
0.97739500 1.73221804e+00
0.97750105 1.68333084e+00
0.97760660 1.63349146e+00
0.97771163 1.58280370e+00
0.97781616 1.53137658e+00
0.97792018 1.47932403e+00
0.97802370 1.42675487e+00
0.97812671 1.37377796e+00
0.97822921 1.32050448e+00
0.97833121 1.26704123e+00
0.97843271 1.21349236e+00
0.97853371 1.15996133e+00
0.97863421 1.10655220e+00
0.97873421 1.05336865e+00
0.97883372 1.00051408e+00
0.97893272 9.48091564e-01
0.97903124 8.96204251e-01
0.97912925 8.44956326e-01
0.97922678 7.94450263e-01
0.97932381 7.44784825e-01
0.97942035 6.96056500e-01
0.97951640 6.48358598e-01
0.97961196 6.01782015e-01
0.97970703 5.56414930e-01
0.97980161 5.12342156e-01
0.97989570 4.69646013e-01
0.97998931 4.28405893e-01
0.98008243 3.88698576e-01
0.98017506 3.50598175e-01
0.98026721 3.14175547e-01
0.98035888 2.79497538e-01
0.98045006 2.46626497e-01
0.98054076 2.15620058e-01
0.98063097 1.86532077e-01
0.98072070 1.59412528e-01
0.98080995 1.34307013e-01
0.98089871 1.11256538e-01
0.98098700 9.02983130e-02
0.98107480 7.14662442e-02
0.98116213 5.47900353e-02
0.98124899 4.02948755e-02
0.98133537 2.80013537e-02
0.98142127 1.79258610e-02
0.98150671 1.00811802e-02
0.98159168 4.47620989e-03
0.98167618 1.11556099e-03
0.98176021 9.09563699e-09
0.98184378 1.12692220e-03
0.98192688 4.49050205e-03
0.98200953 1.00817129e-02
0.98209173 1.78882018e-02
0.98217347 2.78942618e-02
0.98225476 4.00807739e-02
0.98233560 5.44251028e-02
0.98241600 7.09016124e-02
0.98249595 8.94821616e-02
0.98257546 1.10136211e-01
0.98265452 1.32831434e-01
0.98273315 1.57532397e-01
0.98281135 1.84199861e-01
0.98288911 2.12792942e-01
0.98296645 2.43270390e-01
0.98304335 2.75590144e-01
0.98311983 3.09708688e-01
0.98319589 3.45578188e-01
0.98327153 3.83145538e-01
0.98334674 4.22358123e-01
0.98342155 4.63165124e-01
0.98349594 5.05516928e-01
0.98356992 5.49364149e-01
0.98364349 5.94653998e-01
0.98371666 6.41324587e-01
0.98378943 6.89316541e-01
0.98386179 7.38575155e-01
0.98393376 7.89047547e-01
0.98400534 8.40682699e-01
0.98407652 8.93428635e-01
0.98414732 9.47226333e-01
0.98421773 1.00201496e+00
0.98428777 1.05773675e+00
0.98435742 1.11433361e+00
0.98442669 1.17174733e+00
0.98449560 1.22991740e+00
0.98456413 1.28877706e+00
0.98463230 1.34825687e+00
0.98470010 1.40830151e+00
0.98476755 1.46886342e+00
0.98483464 1.52989648e+00
0.98490138 1.59135621e+00
0.98496776 1.65319366e+00
0.98503380 1.71534452e+00
0.98509949 1.77773868e+00
0.98516485 1.84031918e+00
0.98522986 1.90303804e+00
0.98529454 1.96584586e+00
0.98535889 2.02869848e+00
0.98542291 2.09154195e+00
0.98548661 2.15430865e+00
0.98554998 2.21693515e+00
0.98561303 2.27937680e+00
0.98567576 2.34159550e+00
0.98573819 2.40355439e+00
0.98580030 2.46522014e+00
0.98586210 2.52655403e+00
0.98592359 2.58749351e+00
0.98598479 2.64797194e+00
0.98604568 2.70794974e+00
0.98610628 2.76740196e+00
0.98616659 2.82630012e+00
0.98622660 2.88461784e+00
0.98628633 2.94232643e+00
0.98634578 2.99937865e+00
0.98640494 3.05570535e+00
0.98646382 3.11125051e+00
0.98652242 3.16597545e+00
0.98658076 3.21984748e+00
0.98663882 3.27283328e+00
0.98669661 3.32490301e+00
0.98675414 3.37602313e+00
0.98681140 3.42614337e+00
0.98686840 3.47519522e+00
0.98692514 3.52313953e+00
0.98698163 3.56995350e+00
0.98703787 3.61561587e+00
0.98709385 3.66010688e+00
0.98714959 3.70340739e+00
0.98720507 3.74550067e+00
0.98726032 3.78634623e+00
0.98731532 3.82588841e+00
0.98737009 3.86411273e+00
0.98742461 3.90102420e+00
0.98747890 3.93659830e+00
0.98753296 3.97077688e+00
0.98758678 4.00351875e+00
0.98764038 4.03482502e+00
0.98769375 4.06471472e+00
0.98774690 4.09317988e+00
0.98779982 4.12019832e+00
0.98785253 4.14573704e+00
0.98790502 4.16975239e+00
0.98795729 4.19218395e+00
0.98800935 4.21297919e+00
0.98806119 4.23213581e+00
0.98811283 4.24967687e+00
0.98816425 4.26562328e+00
0.98821547 4.27996288e+00
0.98826649 4.29265531e+00
0.98831730 4.30367719e+00
0.98836791 4.31300721e+00
0.98841832 4.32060574e+00
0.98846854 4.32642287e+00
0.98851856 4.33046314e+00
0.98856838 4.33276850e+00
0.98861801 4.33338789e+00
0.98866745 4.33235167e+00
0.98871670 4.32963439e+00
0.98876577 4.32519070e+00
0.98881464 4.31898012e+00
0.98886333 4.31098166e+00
0.98891184 4.30118985e+00
0.98896016 4.28960858e+00
0.98900830 4.27627495e+00
0.98905626 4.26123695e+00
0.98910405 4.24452884e+00
0.98915165 4.22616479e+00
0.98919908 4.20611899e+00
0.98924633 4.18438014e+00
0.98929342 4.16095606e+00
0.98934033 4.13586260e+00
0.98938706 4.10911523e+00
0.98943363 4.08071338e+00
0.98948003 4.05066096e+00
0.98952626 4.01897695e+00
0.98957233 3.98568835e+00
0.98961823 3.95082028e+00
0.98966397 3.91439347e+00
0.98970954 3.87642425e+00
0.98975495 3.83692560e+00
0.98980020 3.79591183e+00
0.98984528 3.75339655e+00
0.98989021 3.70939637e+00
0.98993498 3.66393082e+00
0.98997959 3.61702686e+00
0.99002404 3.56872869e+00
0.99006834 3.51907898e+00
0.99011248 3.46813305e+00
0.99015647 3.41596965e+00
0.99020030 3.36265353e+00
0.99024398 3.30820616e+00
0.99028750 3.25263945e+00
0.99033087 3.19597091e+00
0.99037409 3.13822564e+00
0.99041716 3.07943660e+00
0.99046007 3.01964605e+00
0.99050283 2.95891026e+00
0.99054544 2.89729669e+00
0.99058791 2.83487626e+00
0.99063022 2.77172344e+00
0.99067238 2.70791030e+00
0.99071439 2.64349544e+00
0.99075625 2.57852625e+00
0.99079797 2.51306584e+00
0.99083954 2.44718816e+00
0.99088095 2.38096727e+00
0.99092222 2.31447581e+00
0.99096335 2.24778312e+00
0.99100432 2.18094590e+00
0.99104515 2.11402275e+00
0.99108584 2.04708221e+00
0.99112638 1.98019818e+00
0.99116677 1.91343951e+00
0.99120703 1.84687263e+00
0.99124713 1.78056068e+00
0.99128710 1.71456464e+00
0.99132692 1.64894060e+00
0.99136660 1.58373987e+00
0.99140614 1.51901626e+00
0.99144554 1.45482584e+00
0.99148480 1.39122498e+00
0.99152392 1.32827528e+00
0.99156290 1.26604695e+00
0.99160174 1.20460559e+00
0.99164044 1.14400851e+00
0.99167900 1.08431018e+00
0.99171743 1.02556702e+00
0.99175572 9.67836927e-01
0.99179388 9.11179290e-01
0.99183189 8.55657685e-01
0.99186978 8.01339857e-01
0.99190752 7.48289168e-01
0.99194513 6.96565394e-01
0.99198261 6.46230697e-01
0.99201995 5.97345851e-01
0.99205716 5.49972440e-01
0.99209423 5.04175657e-01
0.99213117 4.60024148e-01
0.99216797 4.17578880e-01
0.99220464 3.76893509e-01
0.99224118 3.38020245e-01
0.99227757 3.01012610e-01
0.99231384 2.65922571e-01
0.99234997 2.32801728e-01
0.99238597 2.01699954e-01
0.99242183 1.72664697e-01
0.99245756 1.45741373e-01
0.99249315 1.20973042e-01
0.99252862 9.84016432e-02
0.99256394 7.80663990e-02
0.99259914 6.00050807e-02
0.99263420 4.42529881e-02
0.99266914 3.08438388e-02
0.99270393 1.98096007e-02
0.99273860 1.11804572e-02
0.99277314 4.98488598e-03
0.99280755 1.24972920e-03
0.99284183 1.41594557e-10
0.99287598 1.25884321e-03
0.99291000 5.04779209e-03
0.99294390 1.13869297e-02
0.99297766 2.02951248e-02
0.99301130 3.17900207e-02
0.99304482 4.58878377e-02
0.99307821 6.26032192e-02
0.99311147 8.19491628e-02
0.99314460 1.03936785e-01
0.99317762 1.28575621e-01
0.99321051 1.55873210e-01
0.99324327 1.85835096e-01
0.99327591 2.18465340e-01
0.99330844 2.53765790e-01
0.99334083 2.91737134e-01
0.99337311 3.32376636e-01
0.99340527 3.75679566e-01
0.99343731 4.21639305e-01
0.99346923 4.70248238e-01
0.99350103 5.21496519e-01
0.99353272 5.75372809e-01
0.99356429 6.31863150e-01
0.99359574 6.90961499e-01
0.99362707 7.52668291e-01
0.99365829 8.16977468e-01
0.99368940 8.83872919e-01
0.99372039 9.53332882e-01
0.99375126 1.02533311e+00
0.99378202 1.09984954e+00
0.99381267 1.17685820e+00
0.99384320 1.25633103e+00
0.99387362 1.33824085e+00
0.99390393 1.42255877e+00
0.99393412 1.50925572e+00
0.99396421 1.59830038e+00
0.99399418 1.68966177e+00
0.99402404 1.78330892e+00
0.99405380 1.87920403e+00
0.99408344 1.97730835e+00
0.99411298 2.07757396e+00
0.99414240 2.17995502e+00
0.99417172 2.28440175e+00
0.99420094 2.39088018e+00
0.99423005 2.49939840e+00
0.99425905 2.60995540e+00
0.99428794 2.72251208e+00
0.99431673 2.83701675e+00
0.99434541 2.95342142e+00
0.99437399 3.07168356e+00
0.99440247 3.19176402e+00
0.99443084 3.31361403e+00
0.99445910 3.43717351e+00
0.99448726 3.56237945e+00
0.99451532 3.68916567e+00
0.99454328 3.81746537e+00
0.99457114 3.94721205e+00
0.99459889 4.07833579e+00
0.99462655 4.21076811e+00
0.99465410 4.34443695e+00
0.99468156 4.47927358e+00
0.99470892 4.61520649e+00
0.99473617 4.75218858e+00
0.99476333 4.89026490e+00
0.99479039 5.02952435e+00
0.99481736 5.16997196e+00
0.99484422 5.31151544e+00
0.99487099 5.45406543e+00
0.99489766 5.59752760e+00
0.99492424 5.74181133e+00
0.99495072 5.88682209e+00
0.99497711 6.03247024e+00
0.99500339 6.17866157e+00
0.99502959 6.32530499e+00
0.99505569 6.47230634e+00
0.99508169 6.61959717e+00
0.99510761 6.76716318e+00
0.99513342 6.91499702e+00
0.99515915 7.06302558e+00
0.99518478 7.21115150e+00
0.99521032 7.35927247e+00
0.99523577 7.50728176e+00
0.99526113 7.65520717e+00
0.99528640 7.80321194e+00
0.99531158 7.95135019e+00
0.99533666 8.09951032e+00
0.99536166 8.24756901e+00
0.99538657 8.39540864e+00
0.99541138 8.54290528e+00
0.99543611 8.68993767e+00
0.99546075 8.83642818e+00
0.99548530 8.98238505e+00
0.99550976 9.12782668e+00
0.99553413 9.27267622e+00
0.99555842 9.41680631e+00
0.99558261 9.56011462e+00
0.99560672 9.70249019e+00
0.99563074 9.84382850e+00
0.99565468 9.98401991e+00
0.99567853 1.01229554e+01
0.99570229 1.02606017e+01
0.99572597 1.03971869e+01
0.99574957 1.05329662e+01
0.99577308 1.06679115e+01
0.99579651 1.08018623e+01
0.99581985 1.09346665e+01
0.99584310 1.10662031e+01
0.99586627 1.11964768e+01
0.99588936 1.13255582e+01
0.99591236 1.14533922e+01
0.99593528 1.15798491e+01
0.99595812 1.17048052e+01
0.99598087 1.18281428e+01
0.99600354 1.19497543e+01
0.99602613 1.20695336e+01
0.99604864 1.21873772e+01
0.99607106 1.23031958e+01
0.99609341 1.24168762e+01
0.99611567 1.25284064e+01
0.99613786 1.26381336e+01
0.99615996 1.27464397e+01
0.99618199 1.28533162e+01
0.99620393 1.29585741e+01
0.99622579 1.30620394e+01
0.99624758 1.31635961e+01
0.99626929 1.32632981e+01
0.99629091 1.33612089e+01
0.99631246 1.34572718e+01
0.99633393 1.35513557e+01
0.99635532 1.36433654e+01
0.99637663 1.37331950e+01
0.99639786 1.38207512e+01
0.99641902 1.39059518e+01
0.99644009 1.39887056e+01
0.99646110 1.40689475e+01
0.99648202 1.41465777e+01
0.99650287 1.42217668e+01
0.99652365 1.42950620e+01
0.99654435 1.43667842e+01
0.99656497 1.44368016e+01
0.99658552 1.45049338e+01
0.99660599 1.45710260e+01
0.99662639 1.46349444e+01
0.99664671 1.46965503e+01
0.99666696 1.47557891e+01
0.99668714 1.48127643e+01
0.99670724 1.48674700e+01
0.99672726 1.49198109e+01
0.99674721 1.49696764e+01
0.99676709 1.50169877e+01
0.99678690 1.50616305e+01
0.99680663 1.51035365e+01
0.99682629 1.51426423e+01
0.99684588 1.51791079e+01
0.99686540 1.52135278e+01
0.99688485 1.52464712e+01
0.99690423 1.52779540e+01
0.99692353 1.53077510e+01
0.99694277 1.53357043e+01
0.99696193 1.53616639e+01
0.99698103 1.53854989e+01
0.99700005 1.54071213e+01
0.99701900 1.54265310e+01
0.99703788 1.54437245e+01
0.99705669 1.54586075e+01
0.99707544 1.54710872e+01
0.99709411 1.54810996e+01
0.99711271 1.54885708e+01
0.99713125 1.54934282e+01
0.99714972 1.54955975e+01
0.99716812 1.54951530e+01
0.99718645 1.54926956e+01
0.99720472 1.54889178e+01
0.99722292 1.54839041e+01
0.99724105 1.54774434e+01
0.99725911 1.54693669e+01
0.99727711 1.54595451e+01
0.99729504 1.54478602e+01
0.99731291 1.54342281e+01
0.99733070 1.54185596e+01
0.99734843 1.54008422e+01
0.99736610 1.53811531e+01
0.99738370 1.53594699e+01
0.99740123 1.53357331e+01
0.99741870 1.53098652e+01
0.99743610 1.52817947e+01
0.99745344 1.52514365e+01
0.99747072 1.52188707e+01
0.99748793 1.51845884e+01
0.99750508 1.51491100e+01
0.99752217 1.51125233e+01
0.99753919 1.50747672e+01
0.99755615 1.50357703e+01
0.99757304 1.49954193e+01
0.99758987 1.49536374e+01
0.99760664 1.49103394e+01
0.99762334 1.48654434e+01
0.99763998 1.48188904e+01
0.99765656 1.47706093e+01
0.99767308 1.47205225e+01
0.99768953 1.46686139e+01
0.99770592 1.46149429e+01
0.99772225 1.45595335e+01
0.99773852 1.45023695e+01
0.99775473 1.44436665e+01
0.99777088 1.43840361e+01
0.99778697 1.43238793e+01
0.99780300 1.42631216e+01
0.99781897 1.42015829e+01
0.99783488 1.41391382e+01
0.99785072 1.40756793e+01
0.99786651 1.40111546e+01
0.99788224 1.39455383e+01
0.99789790 1.38788105e+01
0.99791351 1.38108859e+01
0.99792905 1.37417242e+01
0.99794454 1.36712746e+01
0.99795997 1.35995246e+01
0.99797534 1.35264699e+01
0.99799064 1.34520891e+01
0.99800590 1.33763670e+01
0.99802109 1.32996273e+01
0.99803623 1.32224765e+01
0.99805131 1.31451732e+01
0.99806633 1.30676111e+01
0.99808129 1.29896457e+01
0.99809620 1.29111571e+01
0.99811104 1.28320652e+01
0.99812583 1.27522946e+01
0.99814056 1.26717911e+01
0.99815524 1.25905023e+01
0.99816985 1.25084165e+01
0.99818441 1.24255054e+01
0.99819891 1.23417753e+01
0.99821335 1.22572585e+01
0.99822774 1.21720222e+01
0.99824208 1.20860653e+01
0.99825635 1.19994641e+01
0.99827058 1.19125932e+01
0.99828474 1.18258366e+01
0.99829885 1.17391927e+01
0.99831291 1.16525002e+01
0.99832690 1.15656509e+01
0.99834085 1.14785567e+01
0.99835473 1.13911544e+01
0.99836856 1.13033803e+01
0.99838234 1.12152470e+01
0.99839606 1.11267741e+01
0.99840972 1.10379479e+01
0.99842333 1.09487580e+01
0.99843688 1.08592053e+01
0.99845038 1.07692913e+01
0.99846383 1.06790118e+01
0.99847721 1.05883517e+01
0.99849055 1.04974778e+01
0.99850383 1.04067823e+01
0.99851706 1.03164565e+01
0.99853024 1.02264279e+01
0.99854335 1.01366074e+01
0.99855642 1.00469624e+01
0.99856943 9.95743922e+00
0.99858239 9.86799394e+00
0.99859529 9.77857954e+00
0.99860814 9.68915899e+00
0.99862093 9.59970683e+00
0.99863367 9.51020889e+00
0.99864635 9.42065032e+00
0.99865898 9.33102649e+00
0.99867156 9.24133731e+00
0.99868409 9.15158616e+00
0.99869656 9.06177811e+00
0.99870898 8.97212943e+00
0.99872134 8.88295200e+00
0.99873365 8.79433546e+00
0.99874591 8.70619684e+00
0.99875812 8.61846675e+00
0.99877027 8.53109139e+00
0.99878237 8.44403073e+00
0.99879441 8.35725270e+00
0.99880640 8.27072493e+00
0.99881833 8.18443436e+00
0.99883022 8.09836059e+00
0.99884204 8.01250239e+00
0.99885382 7.92684456e+00
0.99886554 7.84140562e+00
0.99887721 7.75620059e+00
0.99888882 7.67123957e+00
0.99890039 7.58655057e+00
0.99891190 7.50229485e+00
0.99892335 7.41866870e+00
0.99893476 7.33570815e+00
0.99894611 7.25335133e+00
0.99895740 7.17154952e+00
0.99896864 7.09026511e+00
0.99897983 7.00946245e+00
0.99899097 6.92911043e+00
0.99900204 6.84918738e+00
0.99901307 6.76967264e+00
0.99902404 6.69056178e+00
0.99903496 6.61185611e+00
0.99904582 6.53354851e+00
0.99905663 6.45564048e+00
0.99906738 6.37813924e+00
0.99907808 6.30105353e+00
0.99908873 6.22439732e+00
0.99909932 6.14825861e+00
0.99910985 6.07277657e+00
0.99912034 5.99798819e+00
0.99913076 5.92385461e+00
0.99914114 5.85034289e+00
0.99915145 5.77742289e+00
0.99916171 5.70507373e+00
0.99917192 5.63327399e+00
0.99918207 5.56201382e+00
0.99919216 5.49128376e+00
0.99920220 5.42108024e+00
0.99921218 5.35139800e+00
0.99922210 5.28223517e+00
0.99923197 5.21359594e+00
0.99924178 5.14548595e+00
0.99925153 5.07790347e+00
0.99926122 5.01085585e+00
0.99927086 4.94435272e+00
0.99928044 4.87845536e+00
0.99928996 4.81322366e+00
0.99929943 4.74864241e+00
0.99930883 4.68468763e+00
0.99931818 4.62135156e+00
0.99932747 4.55862780e+00
0.99933669 4.49651374e+00
0.99934586 4.43500812e+00
0.99935497 4.37410222e+00
0.99936401 4.31378389e+00
0.99937300 4.25404444e+00
0.99938192 4.19487732e+00
0.99939078 4.13628078e+00
0.99939957 4.07825006e+00
0.99940831 4.02078230e+00
0.99941698 3.96387166e+00
0.99942559 3.90752537e+00
0.99943413 3.85174870e+00
0.99944261 3.79655699e+00
0.99945103 3.74198247e+00
0.99945938 3.68803378e+00
0.99946767 3.63469523e+00
0.99947589 3.58195461e+00
0.99948404 3.52980846e+00
0.99949212 3.47826120e+00
0.99950014 3.42730616e+00
0.99950808 3.37693661e+00
0.99951596 3.32713917e+00
0.99952376 3.27789836e+00
0.99953150 3.22920872e+00
0.99953916 3.18106945e+00
0.99954675 3.13349117e+00
0.99955427 3.08648103e+00
0.99956171 3.04003578e+00
0.99956908 2.99414634e+00
0.99957637 2.94880911e+00
0.99958359 2.90402580e+00
0.99959073 2.85979331e+00
0.99959779 2.81610900e+00
0.99960478 2.77296000e+00
0.99961169 2.73032732e+00
0.99961851 2.68820731e+00
0.99962526 2.64660460e+00
0.99963193 2.60552726e+00
0.99963851 2.56497555e+00
0.99964501 2.52493173e+00
0.99965143 2.48538403e+00
0.99965776 2.44634201e+00
0.99966400 2.40781637e+00
0.99967016 2.36981613e+00
0.99967623 2.33233912e+00
0.99968221 2.29536728e+00
0.99968810 2.25888045e+00
0.99969391 2.22287323e+00
0.99969962 2.18734516e+00
0.99970524 2.15229416e+00
0.99971077 2.11771258e+00
0.99971621 2.08359011e+00
0.99972155 2.04992718e+00
0.99972680 2.01672857e+00
0.99973196 1.98399471e+00
0.99973702 1.95172087e+00
0.99974199 1.91989498e+00
0.99974687 1.88850401e+00
0.99975165 1.85753923e+00
0.99975634 1.82699515e+00
0.99976093 1.79686080e+00
0.99976543 1.76711427e+00
0.99976984 1.73774699e+00
0.99977415 1.70876919e+00
0.99977836 1.68019459e+00
0.99978249 1.65203359e+00
0.99978652 1.62428425e+00
0.99979046 1.59693779e+00
0.99979431 1.56999017e+00
0.99979807 1.54344600e+00
0.99980174 1.51731137e+00
0.99980532 1.49159119e+00
0.99980882 1.46629316e+00
0.99981223 1.44141291e+00
0.99981555 1.41693649e+00
0.99981879 1.39285185e+00
0.99982196 1.36914988e+00
0.99982504 1.34583576e+00
0.99982804 1.32292259e+00
0.99983097 1.30041421e+00
0.99983383 1.27831160e+00
0.99983661 1.25661887e+00
0.99983933 1.23534495e+00
0.99984197 1.21449594e+00
0.99984456 1.19406708e+00
0.99984708 1.17404666e+00
0.99984954 1.15442062e+00
0.99985194 1.13519004e+00
0.99985429 1.11637217e+00
0.99985659 1.09796929e+00
0.99985884 1.07996266e+00
0.99986105 1.06233118e+00
0.99986321 1.04505821e+00
0.99986534 1.02815172e+00
0.99986743 1.01162908e+00
0.99986948 9.95479638e-01
0.99987151 9.79681736e-01
0.99987351 9.64214243e-01
0.99987549 9.49078440e-01
0.99987744 9.34309255e-01
0.99987937 9.19931362e-01
0.99988128 9.05947678e-01
0.99988317 8.92362710e-01
0.99988504 8.79191000e-01
0.99988687 8.66480072e-01
0.99988868 8.54295339e-01
0.99989045 8.42664381e-01
0.99989219 8.31580909e-01
0.99989388 8.21030972e-01
0.99989554 8.10990722e-01
0.99989716 8.01436758e-01
0.99989875 7.92352557e-01
0.99990032 7.83701216e-01
0.99990186 7.75425063e-01
0.99990339 7.67465972e-01
0.99990492 7.59767652e-01
0.99990645 7.52275475e-01
0.99990799 7.44940040e-01
0.99990954 7.37726607e-01
0.99991112 7.30611507e-01
0.99991273 7.23565864e-01
0.99991438 7.16557229e-01
0.99991607 7.09561685e-01
0.99991782 7.02559530e-01
0.99991962 6.95532012e-01
0.99992147 6.88459809e-01
0.99992339 6.81329689e-01
0.99992538 6.74141055e-01
0.99992743 6.66899639e-01
0.99992956 6.59604876e-01
0.99993176 6.52252350e-01
0.99993404 6.44839961e-01
0.99993638 6.37367567e-01
0.99993880 6.29834558e-01
0.99994129 6.22240649e-01
0.99994386 6.14591113e-01
0.99994649 6.06899967e-01
0.99994919 5.99178046e-01
0.99995196 5.91426777e-01
0.99995480 5.83646410e-01
0.99995770 5.75840092e-01
0.99996066 5.68012453e-01
0.99996367 5.60170862e-01
0.99996675 5.52325851e-01
0.99996988 5.44495505e-01
0.99997306 5.36707094e-01
0.99997629 5.28978456e-01
0.99997956 5.21303933e-01
0.99998288 5.13655799e-01
0.99998623 5.05997385e-01
0.99998963 4.98307508e-01
0.99999305 4.90589340e-01
0.99999651 4.82860491e-01
1.00000000 4.75137421e-01
1.00000925 4.55094727e-01
1.00001867 4.35475633e-01
1.00002824 4.16727274e-01
1.00003791 3.98999467e-01
1.00004767 3.81805735e-01
1.00005749 3.64853566e-01
1.00006734 3.48382165e-01
1.00007723 3.32601988e-01
1.00008712 3.17446965e-01
1.00009701 3.02842549e-01
1.00010689 2.88846072e-01
1.00011673 2.75471634e-01
1.00012652 2.62600732e-01
1.00013628 2.50162682e-01
1.00014600 2.38252646e-01
1.00015568 2.27027862e-01
1.00016534 2.16507776e-01
1.00017496 2.06542384e-01
1.00018452 1.96963544e-01
1.00019402 1.87654180e-01
1.00020346 1.78625650e-01
1.00021284 1.69992196e-01
1.00022216 1.61784412e-01
1.00023144 1.53963375e-01
1.00024066 1.46518836e-01
1.00024981 1.39447821e-01
1.00025890 1.32729031e-01
1.00026794 1.26335456e-01
1.00027693 1.20246810e-01
1.00028588 1.14443997e-01
1.00029480 1.08912190e-01
1.00030370 1.03640883e-01
1.00031256 9.86185592e-02
1.00032140 9.38322382e-02
1.00033022 8.92694794e-02
1.00033902 8.49204271e-02
1.00034780 8.07763290e-02
1.00035658 7.68285914e-02
1.00036534 7.30695232e-02
1.00037410 6.94909123e-02
1.00038285 6.60834326e-02
1.00039160 6.28376357e-02
1.00040033 5.97449593e-02
1.00040906 5.67985553e-02
1.00041778 5.39935614e-02
1.00042650 5.13246754e-02
1.00043520 4.87845425e-02
1.00044390 4.63656665e-02
1.00045259 4.40619587e-02
1.00046128 4.18678143e-02
1.00046995 3.97790865e-02
1.00047860 3.77940247e-02
1.00048725 3.59108039e-02
1.00049588 3.41263070e-02
1.00050450 3.24351446e-02
1.00051310 3.08307923e-02
1.00052168 2.93088848e-02
1.00053025 2.78663689e-02
1.00053881 2.64998641e-02
1.00054734 2.52053995e-02
1.00055586 2.39784166e-02
1.00056436 2.28146650e-02
1.00057285 2.17104630e-02
1.00058131 2.06624783e-02
1.00058975 1.96676038e-02
1.00059817 1.87229551e-02
1.00060657 1.78261139e-02
1.00061494 1.69749176e-02
1.00062328 1.61672725e-02
1.00063159 1.54009671e-02
1.00063988 1.46737041e-02
1.00064813 1.39834610e-02
1.00065634 1.33286083e-02
1.00066451 1.27076241e-02
1.00067265 1.21189247e-02
1.00068073 1.15607863e-02
1.00068877 1.10315365e-02
1.00069676 1.05298518e-02
1.00070468 1.00545608e-02
1.00071255 9.60446341e-03
