# ADIPLS gamma1,rho kernel K_(Gamma1,rho)(r) for Model S
# Code: ADIPLS (bundled with MESA 26.04.1), igm1kr=1, variational, istsbc=1, icow=0, mdintg=5
# Model: fgong.l5bi.d.15c (md5 8a076ec1810e9871cdf21f6ecdf72016), G=6.67430e-8 cgs
# Mode: l=2 n=20 nu=3029.3565 uHz
# ADIPLS convention: delta(omega)/omega = INTEGRAL[ K * delta(Gamma1) * dx ], x=r/R  (ABSOLUTE delta Gamma1; see README.md)
# columns: x=r/R    K_gamma1_rho
0.00000000 0.00000000e+00
0.00139108 3.84467528e-12
0.00140979 4.15311500e-12
0.00142875 4.50344637e-12
0.00144796 4.87892794e-12
0.00146744 5.28565588e-12
0.00148717 5.72670819e-12
0.00150717 6.20454781e-12
0.00152744 6.72227570e-12
0.00154798 7.28322531e-12
0.00156880 7.89096392e-12
0.00158990 8.54938155e-12
0.00161128 9.26274393e-12
0.00163295 1.00356578e-11
0.00165491 1.08730578e-11
0.00167716 1.17803033e-11
0.00169972 1.27632587e-11
0.00172258 1.38282823e-11
0.00174574 1.49821656e-11
0.00176922 1.62322826e-11
0.00179301 1.75866492e-11
0.00181713 1.90539245e-11
0.00184156 2.06435781e-11
0.00186633 2.23660407e-11
0.00189143 2.42326175e-11
0.00191686 2.62551854e-11
0.00194264 2.84460841e-11
0.00196877 3.08189456e-11
0.00199525 3.33894696e-11
0.00202208 3.61750823e-11
0.00204927 3.91938470e-11
0.00207683 4.24645606e-11
0.00210476 4.60077730e-11
0.00213306 4.98463420e-11
0.00216175 5.40051673e-11
0.00219082 5.85109985e-11
0.00222029 6.33927475e-11
0.00225014 6.86817885e-11
0.00228040 7.44120854e-11
0.00231107 8.06204718e-11
0.00234215 8.73467861e-11
0.00237365 9.46341771e-11
0.00240557 1.02529570e-10
0.00243792 1.11083651e-10
0.00247071 1.20351345e-10
0.00250394 1.30392149e-10
0.00253761 1.41270593e-10
0.00257174 1.53056545e-10
0.00260632 1.65825667e-10
0.00264137 1.79659986e-10
0.00267689 1.94648317e-10
0.00271289 2.10886890e-10
0.00274938 2.28480073e-10
0.00278635 2.47540795e-10
0.00282382 2.68191466e-10
0.00286180 2.90564676e-10
0.00290029 3.14804028e-10
0.00293929 3.41065283e-10
0.00297882 3.69516948e-10
0.00301888 4.00341759e-10
0.00305948 4.33737646e-10
0.00310062 4.69918961e-10
0.00314232 5.09117801e-10
0.00318458 5.51586013e-10
0.00322741 5.97596407e-10
0.00327081 6.47444138e-10
0.00331480 7.01448844e-10
0.00335938 7.59957659e-10
0.00340455 8.23346151e-10
0.00345034 8.92020492e-10
0.00349674 9.66421701e-10
0.00354377 1.04702765e-09
0.00359142 1.13435570e-09
0.00363972 1.22896584e-09
0.00368867 1.33146501e-09
0.00373828 1.44251048e-09
0.00378855 1.56281582e-09
0.00383950 1.69315286e-09
0.00389113 1.83435658e-09
0.00394346 1.98733336e-09
0.00399649 2.15306566e-09
0.00405024 2.33261525e-09
0.00410471 2.52713305e-09
0.00415991 2.73786749e-09
0.00421585 2.96617036e-09
0.00427255 3.21350482e-09
0.00433000 3.48145663e-09
0.00438823 3.77174674e-09
0.00444725 4.08623215e-09
0.00450705 4.42693043e-09
0.00456766 4.79602511e-09
0.00462909 5.19588354e-09
0.00469134 5.62906827e-09
0.00475443 6.09835417e-09
0.00481837 6.60674879e-09
0.00488316 7.15751028e-09
0.00494883 7.75416539e-09
0.00501538 8.40053658e-09
0.00508283 9.10076917e-09
0.00515118 9.85934134e-09
0.00522045 1.06811129e-08
0.00529065 1.15713451e-08
0.00536180 1.25357408e-08
0.00543390 1.35804722e-08
0.00550697 1.47122288e-08
0.00558102 1.59382495e-08
0.00565607 1.72663875e-08
0.00573213 1.87051365e-08
0.00580921 2.02637047e-08
0.00588732 2.19520455e-08
0.00596649 2.37809743e-08
0.00604672 2.57621806e-08
0.00612802 2.79083289e-08
0.00621042 3.02331556e-08
0.00629393 3.27515111e-08
0.00637856 3.54794819e-08
0.00646433 3.84344736e-08
0.00655124 4.16353901e-08
0.00663933 4.51026994e-08
0.00672860 4.88585087e-08
0.00681907 5.29268052e-08
0.00691075 5.73335646e-08
0.00700366 6.21068514e-08
0.00709783 6.72771940e-08
0.00719325 7.28775660e-08
0.00728996 7.89435857e-08
0.00738796 8.55139911e-08
0.00748729 9.26307050e-08
0.00758794 1.00339007e-07
0.00768994 1.08687952e-07
0.00779332 1.17730798e-07
0.00789808 1.27525022e-07
0.00800425 1.38132998e-07
0.00811184 1.49622223e-07
0.00822087 1.62065723e-07
0.00833136 1.75542594e-07
0.00844334 1.90138475e-07
0.00855682 2.05946139e-07
0.00867182 2.23065860e-07
0.00878835 2.41606300e-07
0.00890645 2.61685035e-07
0.00902614 2.83429465e-07
0.00914742 3.06977555e-07
0.00927033 3.32478175e-07
0.00939488 3.60092844e-07
0.00952110 3.89996374e-07
0.00964901 4.22377921e-07
0.00977863 4.57442313e-07
0.00990998 4.95410713e-07
0.01004309 5.36523028e-07
0.01017797 5.81038457e-07
0.01031466 6.29237879e-07
0.01045317 6.81425059e-07
0.01059352 7.37928166e-07
0.01073575 7.99102859e-07
0.01087988 8.65334228e-07
0.01102593 9.37037728e-07
0.01117392 1.01466357e-06
0.01132388 1.09869800e-06
0.01147584 1.18966772e-06
0.01162981 1.28814213e-06
0.01178583 1.39473700e-06
0.01194393 1.51011782e-06
0.01210412 1.63500519e-06
0.01226643 1.77017649e-06
0.01243090 1.91647368e-06
0.01259754 2.07480490e-06
0.01276639 2.24615389e-06
0.01293747 2.43158383e-06
0.01311080 2.63224388e-06
0.01328642 2.84937345e-06
0.01346436 3.08431123e-06
0.01364464 3.33850602e-06
0.01382728 3.61352461e-06
0.01401233 3.91105690e-06
0.01419980 4.23292409e-06
0.01438973 4.58109508e-06
0.01458213 4.95770123e-06
0.01477705 5.36503881e-06
0.01497452 5.80558338e-06
0.01517455 6.28201009e-06
0.01537717 6.79720324e-06
0.01558243 7.35427629e-06
0.01579034 7.95659013e-06
0.01600094 8.60776142e-06
0.01621425 9.31169758e-06
0.01643031 1.00726094e-05
0.01664913 1.08950275e-05
0.01687076 1.17838382e-05
0.01709522 1.27443149e-05
0.01732253 1.37821147e-05
0.01755273 1.49033479e-05
0.01778584 1.61145925e-05
0.01802189 1.74229244e-05
0.01826091 1.88359486e-05
0.01850292 2.03618517e-05
0.01874796 2.20094450e-05
0.01899604 2.37881803e-05
0.01924720 2.57082240e-05
0.01950146 2.77804950e-05
0.01975883 3.00167343e-05
0.02001936 3.24295491e-05
0.02028306 3.50324339e-05
0.02054995 3.78398555e-05
0.02082005 4.08673923e-05
0.02109339 4.41316979e-05
0.02136999 4.76505999e-05
0.02164986 5.14432263e-05
0.02193302 5.55300169e-05
0.02221950 5.99328511e-05
0.02250930 6.46751482e-05
0.02280244 6.97818997e-05
0.02309893 7.52797911e-05
0.02339879 8.11973884e-05
0.02370203 8.75650976e-05
0.02400865 9.44153389e-05
0.02431867 1.01782767e-04
0.02463209 1.09704185e-04
0.02494891 1.18218833e-04
0.02526915 1.27368468e-04
0.02559279 1.37197336e-04
0.02591984 1.47752545e-04
0.02625029 1.59084138e-04
0.02658415 1.71245213e-04
0.02692140 1.84292026e-04
0.02726205 1.98283964e-04
0.02760607 2.13284260e-04
0.02795345 2.29359637e-04
0.02830418 2.46580288e-04
0.02865825 2.65020744e-04
0.02901563 2.84759568e-04
0.02937632 3.05879764e-04
0.02974027 3.28468158e-04
0.03010748 3.52616502e-04
0.03047790 3.78421077e-04
0.03085151 4.05983451e-04
0.03122829 4.35409659e-04
0.03160820 4.66811398e-04
0.03199120 5.00305437e-04
0.03237725 5.36014020e-04
0.03276633 5.74065056e-04
0.03315839 6.14592044e-04
0.03355338 6.57733843e-04
0.03395126 7.03635614e-04
0.03435199 7.52448929e-04
0.03475552 8.04331526e-04
0.03516181 8.59447771e-04
0.03557080 9.17967453e-04
0.03598244 9.80066234e-04
0.03639668 1.04592703e-03
0.03681346 1.11573968e-03
0.03723274 1.18970058e-03
0.03765447 1.26801300e-03
0.03807858 1.35088556e-03
0.03850501 1.43853382e-03
0.03893373 1.53118166e-03
0.03936466 1.62905870e-03
0.03979775 1.73240137e-03
0.04023296 1.84145130e-03
0.04067021 1.95645798e-03
0.04110945 2.07767812e-03
0.04155064 2.20537629e-03
0.04199371 2.33982007e-03
0.04243860 2.48128316e-03
0.04288527 2.63005095e-03
0.04333367 2.78641017e-03
0.04378373 2.95065564e-03
0.04423540 3.12308668e-03
0.04468864 3.30400874e-03
0.04514339 3.49373858e-03
0.04559961 3.69259215e-03
0.04605724 3.90089229e-03
0.04651624 4.11896975e-03
0.04697655 4.34715537e-03
0.04743815 4.58578869e-03
0.04790097 4.83521961e-03
0.04836499 5.09579508e-03
0.04883015 5.36786836e-03
0.04929642 5.65179709e-03
0.04976375 5.94794664e-03
0.05023212 6.25668588e-03
0.05070148 6.57838249e-03
0.05117180 6.91341114e-03
0.05164305 7.26215458e-03
0.05211519 7.62499180e-03
0.05258819 8.00231082e-03
0.05306202 8.39450298e-03
0.05353666 8.80195161e-03
0.05401207 9.22505014e-03
0.05448824 9.66420830e-03
0.05496514 1.01198166e-02
0.05544273 1.05922710e-02
0.05592099 1.10819764e-02
0.05639992 1.15893373e-02
0.05687949 1.21147644e-02
0.05735968 1.26586617e-02
0.05784047 1.32214287e-02
0.05832184 1.38034797e-02
0.05880379 1.44052278e-02
0.05928628 1.50270760e-02
0.05976932 1.56694312e-02
0.06025288 1.63326981e-02
0.06073696 1.70172907e-02
0.06122155 1.77236258e-02
0.06170664 1.84520919e-02
0.06219220 1.92030908e-02
0.06267824 1.99770372e-02
0.06316476 2.07743361e-02
0.06365174 2.15953680e-02
0.06413917 2.24405350e-02
0.06462705 2.33102274e-02
0.06511539 2.42048434e-02
0.06560416 2.51247759e-02
0.06609337 2.60703780e-02
0.06658302 2.70420411e-02
0.06707311 2.80401601e-02
0.06756363 2.90650944e-02
0.06805458 3.01172105e-02
0.06854596 3.11968560e-02
0.06903777 3.23043884e-02
0.06953002 3.34401594e-02
0.07002271 3.46045160e-02
0.07051583 3.57977945e-02
0.07100938 3.70203143e-02
0.07150339 3.82724058e-02
0.07199783 3.95543709e-02
0.07249272 4.08665325e-02
0.07298807 4.22092004e-02
0.07348387 4.35826305e-02
0.07398014 4.49871035e-02
0.07447687 4.64229189e-02
0.07497408 4.78903239e-02
0.07547176 4.93895642e-02
0.07596993 5.09209053e-02
0.07646859 5.24845561e-02
0.07696776 5.40807658e-02
0.07746744 5.57097348e-02
0.07796764 5.73716304e-02
0.07846837 5.90666625e-02
0.07896963 6.07950248e-02
0.07947144 6.25568434e-02
0.07997381 6.43522947e-02
0.08047674 6.61814609e-02
0.08098024 6.80444877e-02
0.08148432 6.99413401e-02
0.08198902 7.18722966e-02
0.08249433 7.38375429e-02
0.08300025 7.58369135e-02
0.08350680 7.78704930e-02
0.08401400 7.99383527e-02
0.08452187 8.20404755e-02
0.08503040 8.41768062e-02
0.08553960 8.63473739e-02
0.08604950 8.85520760e-02
0.08656011 9.07908313e-02
0.08707143 9.30635676e-02
0.08758349 9.53701356e-02
0.08809629 9.77104408e-02
0.08860985 1.00084313e-01
0.08912419 1.02491581e-01
0.08963932 1.04931995e-01
0.09015524 1.07405315e-01
0.09067198 1.09911330e-01
0.09118955 1.12449789e-01
0.09170796 1.15020282e-01
0.09222723 1.17622563e-01
0.09274738 1.20256220e-01
0.09326842 1.22920842e-01
0.09379036 1.25616029e-01
0.09431322 1.28341339e-01
0.09483702 1.31096387e-01
0.09536178 1.33880463e-01
0.09588750 1.36693175e-01
0.09641421 1.39533929e-01
0.09694191 1.42402047e-01
0.09747064 1.45296977e-01
0.09800041 1.48217993e-01
0.09853124 1.51164457e-01
0.09906314 1.54135599e-01
0.09959612 1.57130613e-01
0.10013022 1.60148729e-01
0.10066545 1.63189033e-01
0.10120182 1.66250739e-01
0.10173936 1.69332923e-01
0.10227809 1.72434587e-01
0.10281802 1.75554644e-01
0.10335917 1.78692164e-01
0.10390157 1.81846041e-01
0.10444523 1.85015088e-01
0.10499018 1.88198148e-01
0.10553644 1.91394163e-01
0.10608402 1.94601729e-01
0.10663294 1.97819462e-01
0.10718324 2.01046245e-01
0.10773492 2.04280607e-01
0.10828802 2.07521028e-01
0.10884255 2.10766078e-01
0.10939854 2.14014275e-01
0.10995601 2.17263998e-01
0.11051498 2.20513614e-01
0.11107547 2.23761482e-01
0.11163750 2.27005814e-01
0.11220111 2.30244859e-01
0.11276631 2.33476761e-01
0.11333313 2.36699661e-01
0.11390159 2.39911683e-01
0.11447172 2.43110795e-01
0.11504354 2.46294911e-01
0.11561706 2.49462063e-01
0.11619233 2.52610055e-01
0.11676936 2.55736671e-01
0.11734817 2.58839695e-01
0.11792880 2.61916798e-01
0.11851127 2.64965695e-01
0.11909560 2.67983826e-01
0.11968183 2.70968838e-01
0.12026996 2.73918312e-01
0.12086003 2.76829517e-01
0.12145207 2.79699868e-01
0.12204610 2.82526692e-01
0.12264215 2.85307355e-01
0.12324024 2.88039020e-01
0.12384040 2.90718955e-01
0.12444266 2.93344231e-01
0.12504705 2.95911948e-01
0.12565359 2.98419185e-01
0.12626230 3.00862875e-01
0.12687321 3.03239897e-01
0.12748635 3.05547208e-01
0.12810174 3.07781768e-01
0.12871941 3.09940408e-01
0.12933939 3.12019922e-01
0.12996170 3.14017097e-01
0.13058637 3.15928630e-01
0.13121342 3.17751387e-01
0.13184288 3.19481958e-01
0.13247477 3.21116940e-01
0.13310912 3.22653093e-01
0.13374596 3.24087197e-01
0.13438529 3.25415855e-01
0.13502716 3.26635677e-01
0.13567159 3.27743209e-01
0.13631860 3.28735134e-01
0.13696820 3.29608251e-01
0.13762044 3.30359184e-01
0.13827532 3.30984705e-01
0.13893287 3.31481614e-01
0.13959311 3.31846663e-01
0.14025607 3.32076692e-01
0.14092176 3.32168593e-01
0.14159020 3.32119303e-01
0.14226141 3.31925728e-01
0.14293542 3.31585077e-01
0.14361223 3.31094698e-01
0.14429188 3.30451806e-01
0.14497437 3.29653729e-01
0.14565971 3.28697888e-01
0.14634794 3.27582028e-01
0.14703905 3.26304177e-01
0.14773307 3.24861817e-01
0.14843000 3.23253392e-01
0.14912986 3.21477037e-01
0.14983267 3.19531051e-01
0.15053843 3.17414279e-01
0.15124715 3.15125549e-01
0.15195884 3.12663950e-01
0.15267351 3.10028557e-01
0.15339115 3.07219048e-01
0.15411179 3.04235329e-01
0.15483541 3.01077363e-01
0.15556203 2.97745388e-01
0.15629164 2.94240004e-01
0.15702424 2.90562100e-01
0.15775982 2.86712976e-01
0.15849839 2.82694219e-01
0.15923995 2.78507584e-01
0.15998448 2.74155365e-01
0.16073197 2.69640186e-01
0.16148242 2.64964987e-01
0.16223583 2.60133115e-01
0.16299217 2.55148227e-01
0.16375143 2.50014463e-01
0.16451361 2.44736601e-01
0.16527867 2.39319382e-01
0.16604662 2.33768093e-01
0.16681743 2.28088614e-01
0.16759107 2.22287119e-01
0.16836754 2.16370243e-01
0.16914680 2.10345035e-01
0.16992884 2.04218996e-01
0.17071362 1.97999968e-01
0.17150113 1.91696302e-01
0.17229134 1.85316686e-01
0.17308421 1.78870285e-01
0.17387971 1.72366589e-01
0.17467783 1.65815644e-01
0.17547852 1.59227604e-01
0.17628175 1.52613201e-01
0.17708748 1.45983441e-01
0.17789570 1.39349665e-01
0.17870634 1.32723488e-01
0.17951939 1.26116909e-01
0.18033480 1.19542105e-01
0.18115254 1.13011510e-01
0.18197256 1.06537790e-01
0.18279485 1.00133844e-01
0.18361935 9.38126625e-02
0.18444604 8.75873304e-02
0.18527487 8.14711208e-02
0.18610582 7.54773418e-02
0.18693884 6.96193437e-02
0.18777389 6.39105014e-02
0.18861094 5.83641762e-02
0.18944994 5.29936158e-02
0.19029085 4.78119979e-02
0.19113364 4.28322965e-02
0.19197826 3.80673662e-02
0.19282467 3.35297858e-02
0.19367283 2.92318760e-02
0.19452269 2.51856110e-02
0.19537421 2.14026527e-02
0.19622735 1.78942460e-02
0.19708207 1.46711686e-02
0.19793831 1.17437309e-02
0.19879604 9.12171372e-03
0.19965521 6.81431354e-03
0.20051579 4.83010881e-03
0.20137771 3.17703373e-03
0.20224096 1.86233374e-03
0.20310548 8.92528356e-04
0.20397125 2.73379234e-04
0.20483820 9.85642124e-06
0.20570633 1.06107890e-04
0.20657557 5.65429537e-04
0.20744590 1.39023903e-03
0.20831728 2.58205090e-03
0.20918967 4.14145107e-03
0.21006305 6.06808240e-03
0.21093738 8.36062381e-03
0.21181261 1.10167787e-02
0.21268873 1.40332664e-02
0.21356570 1.74057907e-02
0.21444349 2.11290600e-02
0.21532207 2.51967764e-02
0.21620140 2.96016323e-02
0.21708147 3.43352930e-02
0.21796223 3.93884614e-02
0.21884367 4.47508075e-02
0.21972575 5.04110453e-02
0.22060845 5.63569439e-02
0.22149175 6.25752603e-02
0.22237561 6.90519259e-02
0.22326002 7.57719210e-02
0.22414495 8.27193615e-02
0.22503037 8.98775819e-02
0.22591627 9.72290599e-02
0.22680263 1.04755545e-01
0.22768942 1.12438036e-01
0.22857661 1.20256938e-01
0.22946420 1.28191990e-01
0.23035216 1.36222386e-01
0.23124047 1.44326758e-01
0.23212912 1.52483299e-01
0.23301808 1.60669843e-01
0.23390734 1.68863853e-01
0.23479688 1.77042512e-01
0.23568668 1.85182853e-01
0.23657674 1.93261623e-01
0.23746703 2.01255632e-01
0.23835755 2.09141722e-01
0.23924829 2.16896729e-01
0.24013923 2.24497665e-01
0.24103037 2.31921797e-01
0.24192170 2.39146436e-01
0.24281323 2.46149683e-01
0.24370496 2.52909670e-01
0.24459689 2.59405326e-01
0.24548904 2.65616120e-01
0.24638142 2.71522105e-01
0.24727407 2.77103796e-01
0.24816700 2.82342860e-01
0.24906027 2.87221825e-01
0.24995391 2.91723641e-01
0.25084798 2.95832320e-01
0.25174254 2.99533046e-01
0.25263767 3.02811699e-01
0.25353346 3.05655467e-01
0.25442999 3.08052147e-01
0.25532737 3.09990960e-01
0.25622573 3.11462086e-01
0.25712518 3.12456831e-01
0.25802585 3.12967662e-01
0.25892788 3.12988215e-01
0.25983142 3.12513147e-01
0.26073660 3.11538435e-01
0.26164356 3.10061325e-01
0.26255244 3.08080600e-01
0.26346335 3.05596213e-01
0.26437642 3.02609866e-01
0.26529174 2.99124648e-01
0.26620938 2.95145510e-01
0.26712939 2.90679416e-01
0.26805179 2.85735119e-01
0.26897658 2.80323333e-01
0.26990370 2.74456997e-01
0.27083309 2.68151250e-01
0.27176462 2.61423812e-01
0.27269815 2.54294672e-01
0.27363349 2.46786212e-01
0.27457045 2.38923210e-01
0.27550879 2.30732592e-01
0.27644826 2.22243543e-01
0.27738859 2.13487228e-01
0.27832952 2.04496682e-01
0.27927079 1.95306438e-01
0.28021212 1.85952024e-01
0.28115327 1.76470289e-01
0.28209400 1.66898885e-01
0.28303409 1.57275869e-01
0.28397337 1.47639370e-01
0.28491166 1.38027692e-01
0.28584883 1.28478971e-01
0.28678477 1.19030777e-01
0.28771938 1.09720247e-01
0.28865262 1.00583689e-01
0.28958445 9.16567132e-02
0.29051484 8.29738792e-02
0.29144381 7.45687561e-02
0.29237136 6.64737177e-02
0.29329753 5.87200055e-02
0.29422236 5.13375973e-02
0.29514590 4.43550508e-02
0.29606821 3.77995688e-02
0.29698935 3.16968583e-02
0.29790938 2.60710730e-02
0.29882839 2.09447923e-02
0.29974642 1.63388957e-02
0.30066357 1.22725247e-02
0.30157988 8.76301667e-03
0.30249544 5.82582129e-03
0.30341031 3.47447077e-03
0.30432454 1.72049503e-03
0.30523821 5.73362110e-04
0.30615136 4.04306558e-05
0.30706406 1.26897785e-04
0.30797636 8.35752199e-04
0.30888831 2.16773578e-03
0.30979995 4.12130795e-03
0.31071133 6.69262065e-03
0.31162249 9.87550117e-03
0.31253347 1.36614354e-02
0.31344430 1.80395676e-02
0.31435503 2.29967143e-02
0.31526567 2.85173592e-02
0.31617626 3.45836940e-02
0.31708683 4.11756594e-02
0.31799741 4.82710110e-02
0.31890801 5.58452975e-02
0.31981865 6.38720221e-02
0.32072937 7.23225832e-02
0.32164018 8.11665113e-02
0.32255109 9.03713903e-02
0.32346212 9.99030981e-02
0.32437329 1.09725948e-01
0.32528461 1.19802630e-01
0.32619609 1.30094460e-01
0.32710775 1.40561564e-01
0.32801960 1.51162948e-01
0.32893165 1.61856471e-01
0.32984390 1.72599313e-01
0.33075637 1.83348168e-01
0.33166907 1.94059047e-01
0.33258200 2.04687830e-01
0.33349517 2.15190295e-01
0.33440859 2.25522163e-01
0.33532226 2.35639427e-01
0.33623620 2.45498535e-01
0.33715040 2.55056857e-01
0.33806487 2.64272322e-01
0.33897962 2.73103966e-01
0.33989465 2.81512048e-01
0.34080996 2.89458186e-01
0.34172557 2.96905731e-01
0.34264147 3.03819584e-01
0.34355767 3.10166921e-01
0.34447418 3.15916957e-01
0.34539098 3.21040961e-01
0.34630810 3.25512736e-01
0.34722552 3.29309049e-01
0.34814327 3.32409097e-01
0.34906133 3.34794809e-01
0.34997971 3.36451576e-01
0.35089841 3.37367430e-01
0.35181744 3.37533945e-01
0.35273679 3.36945771e-01
0.35365648 3.35600986e-01
0.35457649 3.33501143e-01
0.35549684 3.30651149e-01
0.35641753 3.27059593e-01
0.35733856 3.22738210e-01
0.35825993 3.17702540e-01
0.35918164 3.11971386e-01
0.36010370 3.05566986e-01
0.36102610 2.98515071e-01
0.36194886 2.90844476e-01
0.36287197 2.82587411e-01
0.36379544 2.73779052e-01
0.36471927 2.64457595e-01
0.36564346 2.54664098e-01
0.36656801 2.44442258e-01
0.36749292 2.33838132e-01
0.36841820 2.22900396e-01
0.36934385 2.11679553e-01
0.37026988 2.00228053e-01
0.37119627 1.88600164e-01
0.37212304 1.76851504e-01
0.37305019 1.65038684e-01
0.37397772 1.53219299e-01
0.37490563 1.41451601e-01
0.37583392 1.29794215e-01
0.37676260 1.18305946e-01
0.37769167 1.07045183e-01
0.37862113 9.60699164e-02
0.37955098 8.54372981e-02
0.38048122 7.52033911e-02
0.38141187 6.54228517e-02
0.38234291 5.61486610e-02
0.38327435 4.74317244e-02
0.38420619 3.93207419e-02
0.38513845 3.18618426e-02
0.38607110 2.50982825e-02
0.38700417 1.90702508e-02
0.38793765 1.38145898e-02
0.38887155 9.36455198e-03
0.38980586 5.74959026e-03
0.39074059 2.99513143e-03
0.39167574 1.12240672e-03
0.39261132 1.48269508e-04
0.39354732 8.50474990e-05
0.39448375 9.40412375e-04
0.39542060 2.71727381e-03
0.39635790 5.41369645e-03
0.39729563 9.02284385e-03
0.39823379 1.35329278e-02
0.39917240 1.89272328e-02
0.40011145 2.51841196e-02
0.40105095 3.22770536e-02
0.40199089 4.01747203e-02
0.40293129 4.88411046e-02
0.40387215 5.82355949e-02
0.40481346 6.83131187e-02
0.40575520 7.90241102e-02
0.40669745 9.03162901e-02
0.40764055 1.02136999e-01
0.40858429 1.14423246e-01
0.40952611 1.27076660e-01
0.41046221 1.39975024e-01
0.41139307 1.53052027e-01
0.41232541 1.66331370e-01
0.41326485 1.79824144e-01
0.41421026 1.93442167e-01
0.41515758 2.07051881e-01
0.41610492 2.20549301e-01
0.41705244 2.33859809e-01
0.41800047 2.46911769e-01
0.41894904 2.59629693e-01
0.41989812 2.71938272e-01
0.42084771 2.83764665e-01
0.42179781 2.95037696e-01
0.42274844 3.05688647e-01
0.42369959 3.15651670e-01
0.42465127 3.24864112e-01
0.42560347 3.33267652e-01
0.42655621 3.40807416e-01
0.42750948 3.47433571e-01
0.42846330 3.53100725e-01
0.42941766 3.57769068e-01
0.43037256 3.61404140e-01
0.43132801 3.63977807e-01
0.43228402 3.65467450e-01
0.43324059 3.65857093e-01
0.43419771 3.65137141e-01
0.43515540 3.63304999e-01
0.43611365 3.60364539e-01
0.43707248 3.56326764e-01
0.43803188 3.51209448e-01
0.43899186 3.45037214e-01
0.43995242 3.37841600e-01
0.44091357 3.29661158e-01
0.44187530 3.20540666e-01
0.44283762 3.10531556e-01
0.44380054 2.99691548e-01
0.44476406 2.88084136e-01
0.44572818 2.75778379e-01
0.44669291 2.62848605e-01
0.44765824 2.49374345e-01
0.44862419 2.35439006e-01
0.44959075 2.21130363e-01
0.45055793 2.06539399e-01
0.45152574 1.91760129e-01
0.45249417 1.76888586e-01
0.45346322 1.62022808e-01
0.45443291 1.47261788e-01
0.45540324 1.32705055e-01
0.45637421 1.18451899e-01
0.45734581 1.04600623e-01
0.45831807 9.12480292e-02
0.45929097 7.84887234e-02
0.46026452 6.64144058e-02
0.46123873 5.51131282e-02
0.46221359 4.46687780e-02
0.46318912 3.51603079e-02
0.46416531 2.66612153e-02
0.46514216 1.92389054e-02
0.46611969 1.29541165e-02
0.46709788 7.86040673e-03
0.46807675 4.00368916e-03
0.46905630 1.42176292e-03
0.47003653 1.43932741e-04
0.47101743 1.90667163e-04
0.47199903 1.57331637e-03
0.47298130 4.29388826e-03
0.47396427 8.34488755e-03
0.47494793 1.37092338e-02
0.47593227 2.03602041e-02
0.47691731 2.82615227e-02
0.47790304 3.73674304e-02
0.47888947 4.76228529e-02
0.47987659 5.89637495e-02
0.48086440 7.13173609e-02
0.48185291 8.46026427e-02
0.48284211 9.87307327e-02
0.48383201 1.13605444e-01
0.48482260 1.29124006e-01
0.48581390 1.45177636e-01
0.48680589 1.61652161e-01
0.48779857 1.78428958e-01
0.48879196 1.95385853e-01
0.48978604 2.12397780e-01
0.49078082 2.29337816e-01
0.49177629 2.46077954e-01
0.49277246 2.62490461e-01
0.49376933 2.78448431e-01
0.49476690 2.93827125e-01
0.49576516 3.08504846e-01
0.49676411 3.22363958e-01
0.49776375 3.35291556e-01
0.49876409 3.47180893e-01
0.49976511 3.57932337e-01
0.50076683 3.67453893e-01
0.50176922 3.75662325e-01
0.50277230 3.82483786e-01
0.50377605 3.87854796e-01
0.50478048 3.91722920e-01
0.50578558 3.94046722e-01
0.50679134 3.94797408e-01
0.50779777 3.93958310e-01
0.50880486 3.91525604e-01
0.50981260 3.87508365e-01
0.51082099 3.81928926e-01
0.51183003 3.74822848e-01
0.51283971 3.66238519e-01
0.51385002 3.56237344e-01
0.51486096 3.44893014e-01
0.51587253 3.32291416e-01
0.51688472 3.18530308e-01
0.51789752 3.03717942e-01
0.51891093 2.87972892e-01
0.51992494 2.71422893e-01
0.52093955 2.54204197e-01
0.52195474 2.36460000e-01
0.52297052 2.18339685e-01
0.52398687 1.99997796e-01
0.52500380 1.81592249e-01
0.52602128 1.63283456e-01
0.52703932 1.45232783e-01
0.52805791 1.27600869e-01
0.52907704 1.10546704e-01
0.53009670 9.42258881e-02
0.53111689 7.87891328e-02
0.53213759 6.43810802e-02
0.53315881 5.11387148e-02
0.53418052 3.91901073e-02
0.53520273 2.86531465e-02
0.53622543 1.96342749e-02
0.53724860 1.22274168e-02
0.53827224 6.51292551e-03
0.53929634 2.55663992e-03
0.54032089 4.09101413e-04
0.54134589 1.04860055e-04
0.54237132 1.66193829e-03
0.54339718 5.08143568e-03
0.54442346 1.03472880e-02
0.54545014 1.74261772e-02
0.54647723 2.62676171e-02
0.54750471 3.68041851e-02
0.54853258 4.89519305e-02
0.54956082 6.26109715e-02
0.55058943 7.76661869e-02
0.55161840 9.39881149e-02
0.55264772 1.11434072e-01
0.55367739 1.29849220e-01
0.55470738 1.49067875e-01
0.55573770 1.68915111e-01
0.55676835 1.89208243e-01
0.55779930 2.09758532e-01
0.55883055 2.30372775e-01
0.55986210 2.50855431e-01
0.56089393 2.71010243e-01
0.56192605 2.90642123e-01
0.56295843 3.09559102e-01
0.56399108 3.27574690e-01
0.56502398 3.44509028e-01
0.56605713 3.60191461e-01
0.56709050 3.74461675e-01
0.56812411 3.87172135e-01
0.56915793 3.98189361e-01
0.57019196 4.07395292e-01
0.57122619 4.14688762e-01
0.57226061 4.19986872e-01
0.57329521 4.23226220e-01
0.57432999 4.24363350e-01
0.57536493 4.23375188e-01
0.57640003 4.20260562e-01
0.57743528 4.15039606e-01
0.57847067 4.07753858e-01
0.57950620 3.98466508e-01
0.58054184 3.87262094e-01
0.58157760 3.74245052e-01
0.58261347 3.59539619e-01
0.58364944 3.43288766e-01
0.58468550 3.25652609e-01
0.58572164 3.06806838e-01
0.58675785 2.86941709e-01
0.58779412 2.66259410e-01
0.58883045 2.44972893e-01
0.58986683 2.23302942e-01
0.59090325 2.01476810e-01
0.59193969 1.79725021e-01
0.59297616 1.58279419e-01
0.59401263 1.37370640e-01
0.59504911 1.17225749e-01
0.59608558 9.80656399e-02
0.59712203 8.01026256e-02
0.59815846 6.35380932e-02
0.59919484 4.85602266e-02
0.60023118 3.53417864e-02
0.60126747 2.40381039e-02
0.60230369 1.47851852e-02
0.60333983 7.69801685e-03
0.60437589 2.86910777e-03
0.60541185 3.67213705e-04
0.60644770 2.36321990e-04
0.60748343 2.49491219e-03
0.60851904 7.13547228e-03
0.60955450 1.41243008e-02
0.61058981 2.34016191e-02
0.61162496 3.48819094e-02
0.61265993 4.84546403e-02
0.61369471 6.39852626e-02
0.61472929 8.13163764e-02
0.61576365 1.00269277e-01
0.61679779 1.20645730e-01
0.61783169 1.42230115e-01
0.61886532 1.64791322e-01
0.61989868 1.88085748e-01
0.62093174 2.11859389e-01
0.62196449 2.35851034e-01
0.62299691 2.59795068e-01
0.62402898 2.83424370e-01
0.62506069 3.06473459e-01
0.62609201 3.28681168e-01
0.62712293 3.49794428e-01
0.62815344 3.69570705e-01
0.62918350 3.87780923e-01
0.63021311 4.04212258e-01
0.63124224 4.18671033e-01
0.63227088 4.30984620e-01
0.63329899 4.41004103e-01
0.63432658 4.48605869e-01
0.63535360 4.53693734e-01
0.63638005 4.56199870e-01
0.63740590 4.56085779e-01
0.63843113 4.53343063e-01
0.63945573 4.47994092e-01
0.64047966 4.40091830e-01
0.64150291 4.29719358e-01
0.64252546 4.16988677e-01
0.64354728 4.02040735e-01
0.64456836 3.85042910e-01
0.64558866 3.66188039e-01
0.64660816 3.45691741e-01
0.64762681 3.23790465e-01
0.64864460 3.00738506e-01
0.64966147 2.76805172e-01
0.65067741 2.52271697e-01
0.65169238 2.27427926e-01
0.65270633 2.02568662e-01
0.65371924 1.77990581e-01
0.65473107 1.53988336e-01
0.65574178 1.30851091e-01
0.65675132 1.08858986e-01
0.65775967 8.82796281e-02
0.65876679 6.93649330e-02
0.65977262 5.23479034e-02
0.66077714 3.74397870e-02
0.66178031 2.48274373e-02
0.66278208 1.46708932e-02
0.66378244 7.10143351e-03
0.66478133 2.21991409e-03
0.66577874 9.54806751e-05
0.66677463 7.64682379e-04
0.66776897 4.23098062e-03
0.66876175 1.04646557e-02
0.66975294 1.94031118e-02
0.67074252 3.09515799e-02
0.67173046 4.49841666e-02
0.67271674 6.13452315e-02
0.67370134 7.98513597e-02
0.67468423 1.00293265e-01
0.67566537 1.22438333e-01
0.67664475 1.46033247e-01
0.67762230 1.70807207e-01
0.67859801 1.96474872e-01
0.67957181 2.22739816e-01
0.68054366 2.49298243e-01
0.68151348 2.75842257e-01
0.68248120 3.02063495e-01
0.68344673 3.27657482e-01
0.68440999 3.52327867e-01
0.68537089 3.75789253e-01
0.68632935 3.97771055e-01
0.68728531 4.18021000e-01
0.68823866 4.36307961e-01
0.68918934 4.52424748e-01
0.69013724 4.66190099e-01
0.69108227 4.77450981e-01
0.69202432 4.86085051e-01
0.69296329 4.92002146e-01
0.69389909 4.95143282e-01
0.69483158 4.95482764e-01
0.69576066 4.93029041e-01
0.69668622 4.87823568e-01
0.69760816 4.79937919e-01
0.69852633 4.69474336e-01
0.69944061 4.56566486e-01
0.70035085 4.41375231e-01
0.70125690 4.24085341e-01
0.70215856 4.04903908e-01
0.70305566 3.84059168e-01
0.70394810 3.61794780e-01
0.70483582 3.38364357e-01
0.70571868 3.14033086e-01
0.70659634 2.89077590e-01
0.70746856 2.63777252e-01
0.70833511 2.38408669e-01
0.70919573 2.13245813e-01
0.71005364 1.88450618e-01
0.71091383 1.64139799e-01
0.71177606 1.40591262e-01
0.71263786 1.18126831e-01
0.71349863 9.69995991e-02
0.71435837 7.74452497e-02
0.71521709 5.96866516e-02
0.71607477 4.39272778e-02
0.71693141 3.03516009e-02
0.71778702 1.91226529e-02
0.71864157 1.03801833e-02
0.71949508 4.23886075e-03
0.72034752 7.86815459e-04
0.72119891 8.44354999e-05
0.72204924 2.16344392e-03
0.72289849 7.02626967e-03
0.72374667 1.46457281e-02
0.72459377 2.49650031e-02
0.72543979 3.78979743e-02
0.72628472 5.33298479e-02
0.72712856 7.11180940e-02
0.72797130 9.10936795e-02
0.72881294 1.13062779e-01
0.72965347 1.36808397e-01
0.73049289 1.62092507e-01
0.73133120 1.88658698e-01
0.73216838 2.16234550e-01
0.73300444 2.44534446e-01
0.73383937 2.73262440e-01
0.73467317 3.02115586e-01
0.73550583 3.30787632e-01
0.73633734 3.58971402e-01
0.73716771 3.86362644e-01
0.73799692 4.12663394e-01
0.73882498 4.37585583e-01
0.73965188 4.60853590e-01
0.74047761 4.82208122e-01
0.74130217 5.01408661e-01
0.74212555 5.18236881e-01
0.74294776 5.32498693e-01
0.74376878 5.44026981e-01
0.74458861 5.52683503e-01
0.74540725 5.58360942e-01
0.74622469 5.60984142e-01
0.74704093 5.60511107e-01
0.74785597 5.56934646e-01
0.74866979 5.50281318e-01
0.74948240 5.40612794e-01
0.75029379 5.28024627e-01
0.75110395 5.12645830e-01
0.75191288 4.94637821e-01
0.75272059 4.74192469e-01
0.75352705 4.51530517e-01
0.75433227 4.26899365e-01
0.75513624 4.00570291e-01
0.75593897 3.72836274e-01
0.75674044 3.44007680e-01
0.75754065 3.14409632e-01
0.75833959 2.84378488e-01
0.75913727 2.54258147e-01
0.75993367 2.24395689e-01
0.76072880 1.95138159e-01
0.76152265 1.66828222e-01
0.76231521 1.39800197e-01
0.76310648 1.14376282e-01
0.76389646 9.08626062e-02
0.76468514 6.95458029e-02
0.76547252 5.06893950e-02
0.76625859 3.45306512e-02
0.76704335 2.12776829e-02
0.76782680 1.11067333e-02
0.76860892 4.15994936e-03
0.76938973 5.43452842e-04
0.77016920 3.25840250e-04
0.77094735 3.53708939e-03
0.77172416 1.01679090e-02
0.77249962 2.01695513e-02
0.77327375 3.34540746e-02
0.77404652 4.98950171e-02
0.77481794 6.93286092e-02
0.77558801 9.15554120e-02
0.77635671 1.16342374e-01
0.77712404 1.43425112e-01
0.77789001 1.72511016e-01
0.77865460 2.03282278e-01
0.77941782 2.35399608e-01
0.78017965 2.68505555e-01
0.78094010 3.02229173e-01
0.78169915 3.36189836e-01
0.78245681 3.70001914e-01
0.78321307 4.03278749e-01
0.78396793 4.35637889e-01
0.78472138 4.66704729e-01
0.78547342 4.96117586e-01
0.78622404 5.23532288e-01
0.78697325 5.48625743e-01
0.78772104 5.71099843e-01
0.78846739 5.90685291e-01
0.78921232 6.07144981e-01
0.78995582 6.20277813e-01
0.79069788 6.29919932e-01
0.79143850 6.35947939e-01
0.79217767 6.38279667e-01
0.79291539 6.36876379e-01
0.79365166 6.31742621e-01
0.79438648 6.22927785e-01
0.79511983 6.10524017e-01
0.79585172 5.94666946e-01
0.79658214 5.75533380e-01
0.79731109 5.53340123e-01
0.79803856 5.28341311e-01
0.79876455 5.00825705e-01
0.79948906 4.71113057e-01
0.80021208 4.39551692e-01
0.80093360 4.06513298e-01
0.80165363 3.72389309e-01
0.80237216 3.37586216e-01
0.80308918 3.02520909e-01
0.80380470 2.67615537e-01
0.80451870 2.33292825e-01
0.80523119 1.99970812e-01
0.80594216 1.68057989e-01
0.80665161 1.37948279e-01
0.80735953 1.10016381e-01
0.80806592 8.46130674e-02
0.80877078 6.20609493e-02
0.80947410 4.26504533e-02
0.81017588 2.66362125e-02
0.81087612 1.42338161e-02
0.81157482 5.61710250e-03
0.81227196 9.15781779e-04
0.81296755 2.13712606e-04
0.81366159 3.54766294e-03
0.81435406 1.09066435e-02
0.81504497 2.22317883e-02
0.81573432 3.74168331e-02
0.81642210 5.63091241e-02
0.81710830 7.87113125e-02
0.81779293 1.04383396e-01
0.81847598 1.33045371e-01
0.81915745 1.64380503e-01
0.81983733 1.98038724e-01
0.82051563 2.33640859e-01
0.82119233 2.70782848e-01
0.82186745 3.09040387e-01
0.82254096 3.47974358e-01
0.82321287 3.87135461e-01
0.82388318 4.26070107e-01
0.82455189 4.64325466e-01
0.82521898 5.01454525e-01
0.82588447 5.37021599e-01
0.82654834 5.70608546e-01
0.82721059 6.01818759e-01
0.82787122 6.30282042e-01
0.82853023 6.55658776e-01
0.82918761 6.77645290e-01
0.82984337 6.95977452e-01
0.83049750 7.10432389e-01
0.83115000 7.20832347e-01
0.83180086 7.27047636e-01
0.83245008 7.28997201e-01
0.83309767 7.26649334e-01
0.83374362 7.20023671e-01
0.83438792 7.09191013e-01
0.83503058 6.94272603e-01
0.83567159 6.75438270e-01
0.83631095 6.52904339e-01
0.83694867 6.26932106e-01
0.83758473 5.97824440e-01
0.83821913 5.65921825e-01
0.83885188 5.31599807e-01
0.83948297 4.95262087e-01
0.84011240 4.57339154e-01
0.84074017 4.18280724e-01
0.84136627 3.78551503e-01
0.84199071 3.38625785e-01
0.84261348 2.98981395e-01
0.84323459 2.60094720e-01
0.84385402 2.22434576e-01
0.84447178 1.86457285e-01
0.84508787 1.52600263e-01
0.84570228 1.21277849e-01
0.84631501 9.28760588e-02
0.84692607 6.77480145e-02
0.84753545 4.62097905e-02
0.84814314 2.85364157e-02
0.84874916 1.49586837e-02
0.84935349 5.66030305e-03
0.84995613 7.75709904e-04
0.85055709 3.88372642e-04
0.85115636 4.52972680e-03
0.85175394 1.31787118e-02
0.85234982 2.62619244e-02
0.85294402 4.36543730e-02
0.85353652 6.51808269e-02
0.85412733 9.06178206e-02
0.85471645 1.19696111e-01
0.85530386 1.52103721e-01
0.85588958 1.87489515e-01
0.85647360 2.25467275e-01
0.85705593 2.65620017e-01
0.85763655 3.07504622e-01
0.85821547 3.50657149e-01
0.85879270 3.94597955e-01
0.85936822 4.38837065e-01
0.85994204 4.82880176e-01
0.86051416 5.26234215e-01
0.86108457 5.68413413e-01
0.86165329 6.08943892e-01
0.86222030 6.47370251e-01
0.86278560 6.83259896e-01
0.86334921 7.16207915e-01
0.86391111 7.45842757e-01
0.86447131 7.71829606e-01
0.86502980 7.93874653e-01
0.86558659 8.11727884e-01
0.86614167 8.25186216e-01
0.86669505 8.34096809e-01
0.86724672 8.38357298e-01
0.86779669 8.37917717e-01
0.86834495 8.32780377e-01
0.86889151 8.23001083e-01
0.86943636 8.08687788e-01
0.86997950 7.89999757e-01
0.87052094 7.67144984e-01
0.87106068 7.40378067e-01
0.87159870 7.09997882e-01
0.87213503 6.76343804e-01
0.87266964 6.39792135e-01
0.87320256 6.00751677e-01
0.87373376 5.59660593e-01
0.87426327 5.16979769e-01
0.87479107 4.73188541e-01
0.87531717 4.28778941e-01
0.87584157 3.84250214e-01
0.87636426 3.40103756e-01
0.87688526 2.96836988e-01
0.87740455 2.54938413e-01
0.87792215 2.14882110e-01
0.87843804 1.77122115e-01
0.87895224 1.42088097e-01
0.87946475 1.10180301e-01
0.87997555 8.17654943e-02
0.88048467 5.71725554e-02
0.88099209 3.66893658e-02
0.88149781 2.05594927e-02
0.88200185 8.97970685e-03
0.88250419 2.09784909e-03
0.88300485 1.12866853e-05
0.88350382 2.76593970e-03
0.88400110 1.03558403e-02
0.88449669 2.27232716e-02
0.88499060 3.97594431e-02
0.88548283 6.13057126e-02
0.88597337 8.71552469e-02
0.88646223 1.17055440e-01
0.88694942 1.50710473e-01
0.88743493 1.87784779e-01
0.88791876 2.27906525e-01
0.88840092 2.70671630e-01
0.88888141 3.15648293e-01
0.88936022 3.62381120e-01
0.88983737 4.10396759e-01
0.89031285 4.59208284e-01
0.89078666 5.08320331e-01
0.89125881 5.57234264e-01
0.89172930 6.05453781e-01
0.89219812 6.52489978e-01
0.89266529 6.97866168e-01
0.89313080 7.41122388e-01
0.89359465 7.81821351e-01
0.89405684 8.19552541e-01
0.89451739 8.53935334e-01
0.89497628 8.84623679e-01
0.89543352 9.11309967e-01
0.89588912 9.33727052e-01
0.89634307 9.51651825e-01
0.89679537 9.64906299e-01
0.89724603 9.73360966e-01
0.89769506 9.76935029e-01
0.89814244 9.75595744e-01
0.89858819 9.69361362e-01
0.89903230 9.58298652e-01
0.89947478 9.42522897e-01
0.89991563 9.22196524e-01
0.90035485 8.97524960e-01
0.90079244 8.68758956e-01
0.90122840 8.36190448e-01
0.90166275 8.00149198e-01
0.90209547 7.60999366e-01
0.90252658 7.19134954e-01
0.90295607 6.74976294e-01
0.90338394 6.28965786e-01
0.90381021 5.81564253e-01
0.90423486 5.33244597e-01
0.90465791 4.84487927e-01
0.90507936 4.35779622e-01
0.90549920 3.87603693e-01
0.90591745 3.40438472e-01
0.90633410 2.94751712e-01
0.90674916 2.50996490e-01
0.90716263 2.09606771e-01
0.90757452 1.70992947e-01
0.90798483 1.35538826e-01
0.90839355 1.03598005e-01
0.90880071 7.54904308e-02
0.90920629 5.14993740e-02
0.90961030 3.18689207e-02
0.91001274 1.68017597e-02
0.91041362 6.45752046e-03
0.91081294 9.51450983e-04
0.91121071 3.53514085e-04
0.91160692 4.68793321e-03
0.91200159 1.39331724e-02
0.91239470 2.80223255e-02
0.91278628 4.68439436e-02
0.91317631 7.02432732e-02
0.91356481 9.80238709e-02
0.91395178 1.29949535e-01
0.91433722 1.65746688e-01
0.91472114 2.05107061e-01
0.91510353 2.47690462e-01
0.91548440 2.93128322e-01
0.91586376 3.41026992e-01
0.91624162 3.90971198e-01
0.91661796 4.42527854e-01
0.91699281 4.95250822e-01
0.91736616 5.48684249e-01
0.91773801 6.02366476e-01
0.91810837 6.55834212e-01
0.91847725 7.08627484e-01
0.91884464 7.60293332e-01
0.91921056 8.10389358e-01
0.91957499 8.58487388e-01
0.91993795 9.04177971e-01
0.92029944 9.47073700e-01
0.92065947 9.86813740e-01
0.92101803 1.02306359e+00
0.92137512 1.05552121e+00
0.92173076 1.08391588e+00
0.92208494 1.10801435e+00
0.92243767 1.12761847e+00
0.92278894 1.14256945e+00
0.92313877 1.15274965e+00
0.92348716 1.15808298e+00
0.92383410 1.15853442e+00
0.92417961 1.15411123e+00
0.92452368 1.14486045e+00
0.92486633 1.13087063e+00
0.92520754 1.11226966e+00
0.92554734 1.08922276e+00
0.92588571 1.06193158e+00
0.92622267 1.03063338e+00
0.92655821 9.95596679e-01
0.92689235 9.57121746e-01
0.92722508 9.15534058e-01
0.92755641 8.71184416e-01
0.92788634 8.24445548e-01
0.92821487 7.75707780e-01
0.92854202 7.25377055e-01
0.92886778 6.73870446e-01
0.92919215 6.21613785e-01
0.92951515 5.69037315e-01
0.92983677 5.16572611e-01
0.93015702 4.64647887e-01
0.93047590 4.13685854e-01
0.93079342 3.64102140e-01
0.93110958 3.16301417e-01
0.93142438 2.70672555e-01
0.93173783 2.27586401e-01
0.93204993 1.87392206e-01
0.93236068 1.50415536e-01
0.93267009 1.16956044e-01
0.93297817 8.72851702e-02
0.93328491 6.16440635e-02
0.93359032 4.02423260e-02
0.93389441 2.32564953e-02
0.93419717 1.08289481e-02
0.93449862 3.06711032e-03
0.93479876 4.29121380e-05
0.93509759 1.79252881e-03
0.93539512 8.31638890e-03
0.93569135 1.95794356e-02
0.93598629 3.55116752e-02
0.93627994 5.60089311e-02
0.93657231 8.09338768e-02
0.93686339 1.10117351e-01
0.93715320 1.43359705e-01
0.93744174 1.80432663e-01
0.93772902 2.21080855e-01
0.93801504 2.65023359e-01
0.93829980 3.11956039e-01
0.93858332 3.61554449e-01
0.93886559 4.13476473e-01
0.93914662 4.67364491e-01
0.93942641 5.22847875e-01
0.93970498 5.79546240e-01
0.93998232 6.37071981e-01
0.94025844 6.95032397e-01
0.94053334 7.53033581e-01
0.94080703 8.10682873e-01
0.94107951 8.67591317e-01
0.94135078 9.23376151e-01
0.94162086 9.77664077e-01
0.94188975 1.03009287e+00
0.94215744 1.08031493e+00
0.94242394 1.12799911e+00
0.94268926 1.17283286e+00
0.94295341 1.21452399e+00
0.94321637 1.25280465e+00
0.94347817 1.28742959e+00
0.94373880 1.31817826e+00
0.94399826 1.34485787e+00
0.94425657 1.36730298e+00
0.94451372 1.38537612e+00
0.94476971 1.39897111e+00
0.94502456 1.40801055e+00
0.94527826 1.41244714e+00
0.94553082 1.41226612e+00
0.94578224 1.40747894e+00
0.94603253 1.39812411e+00
0.94628169 1.38427298e+00
0.94652972 1.36602909e+00
0.94677663 1.34352445e+00
0.94702242 1.31691923e+00
0.94726709 1.28639785e+00
0.94751065 1.25216969e+00
0.94775311 1.21446640e+00
0.94799446 1.17354111e+00
0.94823470 1.12966549e+00
0.94847386 1.08312864e+00
0.94871192 1.03423455e+00
0.94894889 9.83300512e-01
0.94918478 9.30655508e-01
0.94941959 8.76637212e-01
0.94965332 8.21589541e-01
0.94988599 7.65858350e-01
0.95011759 7.09791281e-01
0.95034812 6.53739258e-01
0.95057760 5.98055162e-01
0.95080603 5.43087233e-01
0.95103341 4.89178368e-01
0.95125974 4.36663488e-01
0.95148503 3.85867429e-01
0.95170928 3.37102974e-01
0.95193250 2.90669809e-01
0.95215469 2.46852762e-01
0.95237586 2.05919915e-01
0.95259601 1.68121442e-01
0.95281515 1.33688439e-01
0.95303328 1.02831745e-01
0.95325041 7.57409449e-02
0.95346654 5.25833832e-02
0.95368168 3.35034958e-02
0.95389583 1.86222737e-02
0.95410899 8.03677933e-03
0.95432118 1.81982947e-03
0.95453239 1.96814799e-05
0.95474264 2.65983734e-03
0.95495193 9.73908694e-03
0.95516025 2.12316622e-02
0.95536763 3.70875828e-02
0.95557405 5.72330206e-02
0.95577952 8.15709168e-02
0.95598405 1.09981537e-01
0.95618765 1.42323310e-01
0.95639030 1.78433673e-01
0.95659203 2.18130393e-01
0.95679283 2.61212642e-01
0.95699270 3.07462274e-01
0.95719166 3.56644968e-01
0.95738969 4.08511744e-01
0.95758682 4.62800506e-01
0.95778303 5.19237618e-01
0.95797835 5.77538527e-01
0.95817276 6.37409169e-01
0.95836627 6.98547826e-01
0.95855889 7.60648757e-01
0.95875061 8.23402590e-01
0.95894145 8.86499032e-01
0.95913141 9.49628915e-01
0.95932049 1.01248288e+00
0.95950869 1.07475320e+00
0.95969602 1.13613730e+00
0.95988248 1.19633972e+00
0.96006807 1.25506841e+00
0.96025281 1.31203337e+00
0.96043668 1.36695523e+00
0.96061970 1.41957362e+00
0.96080187 1.46964322e+00
0.96098319 1.51693492e+00
0.96116367 1.56123237e+00
0.96134331 1.60233683e+00
0.96152211 1.64006687e+00
0.96170008 1.67425665e+00
0.96187722 1.70475812e+00
0.96205354 1.73144459e+00
0.96222904 1.75419878e+00
0.96240373 1.77290947e+00
0.96257762 1.78749217e+00
0.96275070 1.79789096e+00
0.96292298 1.80406991e+00
0.96309447 1.80601422e+00
0.96326516 1.80372883e+00
0.96343507 1.79723727e+00
0.96360420 1.78658344e+00
0.96377255 1.77182719e+00
0.96394013 1.75305100e+00
0.96410694 1.73035167e+00
0.96427298 1.70384268e+00
0.96443827 1.67365055e+00
0.96460280 1.63991654e+00
0.96476659 1.60279936e+00
0.96492962 1.56247555e+00
0.96509192 1.51913446e+00
0.96525348 1.47297931e+00
0.96541431 1.42422605e+00
0.96557441 1.37310031e+00
0.96573379 1.31983959e+00
0.96589245 1.26468952e+00
0.96605039 1.20790441e+00
0.96620761 1.14974401e+00
0.96636413 1.09047465e+00
0.96651994 1.03036665e+00
0.96667505 9.69693184e-01
0.96682946 9.08728754e-01
0.96698318 8.47748832e-01
0.96713620 7.87028785e-01
0.96728854 7.26842511e-01
0.96744019 6.67461827e-01
0.96759117 6.09154947e-01
0.96774147 5.52185325e-01
0.96789109 4.96810800e-01
0.96804004 4.43281711e-01
0.96818833 3.91840751e-01
0.96833595 3.42721645e-01
0.96848291 2.96148284e-01
0.96862920 2.52333537e-01
0.96877484 2.11478412e-01
0.96891983 1.73771248e-01
0.96906416 1.39387268e-01
0.96920785 1.08487969e-01
0.96935089 8.12202445e-02
0.96949329 5.77160515e-02
0.96963505 3.80917726e-02
0.96977617 2.24479676e-02
0.96991666 1.08688395e-02
0.97005652 3.42216495e-03
0.97019575 1.58990269e-04
0.97033436 1.11362586e-03
0.97047234 6.30372472e-03
0.97060970 1.57304110e-02
0.97074644 2.93784324e-02
0.97088257 4.72162000e-02
0.97101808 6.91960444e-02
0.97115298 9.52545640e-02
0.97128728 1.25312919e-01
0.97142098 1.59277259e-01
0.97155407 1.97039512e-01
0.97168657 2.38477001e-01
0.97181848 2.83453818e-01
0.97194980 3.31821005e-01
0.97208053 3.83417408e-01
0.97221067 4.38070763e-01
0.97234023 4.95598427e-01
0.97246921 5.55805434e-01
0.97259762 6.18486583e-01
0.97272546 6.83427396e-01
0.97285272 7.50404262e-01
0.97297943 8.19185581e-01
0.97310556 8.89532917e-01
0.97323114 9.61200793e-01
0.97335616 1.03394023e+00
0.97348062 1.10749963e+00
0.97360452 1.18163287e+00
0.97372788 1.25609227e+00
0.97385068 1.33062064e+00
0.97397294 1.40495654e+00
0.97409466 1.47884044e+00
0.97421583 1.55201253e+00
0.97433647 1.62421515e+00
0.97445657 1.69519263e+00
0.97457613 1.76469450e+00
0.97469516 1.83247254e+00
0.97481366 1.89829053e+00
0.97493162 1.96193857e+00
0.97504905 2.02322184e+00
0.97516596 2.08193276e+00
0.97528233 2.13786174e+00
0.97539819 2.19080942e+00
0.97551352 2.24058913e+00
0.97562833 2.28702438e+00
0.97574262 2.32994899e+00
0.97585639 2.36921010e+00
0.97596965 2.40466864e+00
0.97608238 2.43619882e+00
0.97619460 2.46369490e+00
0.97630630 2.48708907e+00
0.97641748 2.50633466e+00
0.97652815 2.52137641e+00
0.97663830 2.53216258e+00
0.97674794 2.53865944e+00
0.97685706 2.54084943e+00
0.97696567 2.53872839e+00
0.97707377 2.53230737e+00
0.97718136 2.52162528e+00
0.97728844 2.50674551e+00
0.97739500 2.48773992e+00
0.97750105 2.46468349e+00
0.97760660 2.43766481e+00
0.97771163 2.40678473e+00
0.97781616 2.37216266e+00
0.97792018 2.33393660e+00
0.97802370 2.29224725e+00
0.97812671 2.24724566e+00
0.97822921 2.19909672e+00
0.97833121 2.14796790e+00
0.97843271 2.09403109e+00
0.97853371 2.03746551e+00
0.97863421 1.97845963e+00
0.97873421 1.91720925e+00
0.97883372 1.85391720e+00
0.97893272 1.78879320e+00
0.97903124 1.72205431e+00
0.97912925 1.65392661e+00
0.97922678 1.58463980e+00
0.97932381 1.51442289e+00
0.97942035 1.44350643e+00
0.97951640 1.37212011e+00
0.97961196 1.30049394e+00
0.97970703 1.22885708e+00
0.97980161 1.15743615e+00
0.97989570 1.08645645e+00
0.97998931 1.01614090e+00
0.98008243 9.46710315e-01
0.98017506 8.78383165e-01
0.98026721 8.11373965e-01
0.98035888 7.45891105e-01
0.98045006 6.82134941e-01
0.98054076 6.20296869e-01
0.98063097 5.60561182e-01
0.98072070 5.03104779e-01
0.98080995 4.48095300e-01
0.98089871 3.95690068e-01
0.98098700 3.46037873e-01
0.98107480 2.99280826e-01
0.98116213 2.55551430e-01
0.98124899 2.14971343e-01
0.98133537 1.77649610e-01
0.98142127 1.43683478e-01
0.98150671 1.13161706e-01
0.98159168 8.61638293e-02
0.98167618 6.27571447e-02
0.98176021 4.29969479e-02
0.98184378 2.69273052e-02
0.98192688 1.45820003e-02
0.98200953 5.98553757e-03
0.98209173 1.15290888e-03
0.98217347 8.93225300e-05
0.98225476 2.79018532e-03
0.98233560 9.24105323e-03
0.98241600 1.94177170e-02
0.98249595 3.32866803e-02
0.98257546 5.08056146e-02
0.98265452 7.19242166e-02
0.98273315 9.65837984e-02
0.98281135 1.24716879e-01
0.98288911 1.56248492e-01
0.98296645 1.91097665e-01
0.98304335 2.29177812e-01
0.98311983 2.70396617e-01
0.98319589 3.14653700e-01
0.98327153 3.61839441e-01
0.98334674 4.11840210e-01
0.98342155 4.64540418e-01
0.98349594 5.19822674e-01
0.98356992 5.77567265e-01
0.98364349 6.37648575e-01
0.98371666 6.99928785e-01
0.98378943 7.64270300e-01
0.98386179 8.30538672e-01
0.98393376 8.98600223e-01
0.98400534 9.68322339e-01
0.98407652 1.03957059e+00
0.98414732 1.11220157e+00
0.98421773 1.18606905e+00
0.98428777 1.26102982e+00
0.98435742 1.33694007e+00
0.98442669 1.41365582e+00
0.98449560 1.49103052e+00
0.98456413 1.56891034e+00
0.98463230 1.64713851e+00
0.98470010 1.72557620e+00
0.98476755 1.80409508e+00
0.98483464 1.88256978e+00
0.98490138 1.96087829e+00
0.98496776 2.03889447e+00
0.98503380 2.11647463e+00
0.98509949 2.19346952e+00
0.98516485 2.26974782e+00
0.98522986 2.34519115e+00
0.98529454 2.41968141e+00
0.98535889 2.49310893e+00
0.98542291 2.56535417e+00
0.98548661 2.63628310e+00
0.98554998 2.70576938e+00
0.98561303 2.77371224e+00
0.98567576 2.84002141e+00
0.98573819 2.90461048e+00
0.98580030 2.96739987e+00
0.98586210 3.02830586e+00
0.98592359 3.08721890e+00
0.98598479 3.14402776e+00
0.98604568 3.19865651e+00
0.98610628 3.25104936e+00
0.98616659 3.30114898e+00
0.98622660 3.34890296e+00
0.98628633 3.39425884e+00
0.98634578 3.43714560e+00
0.98640494 3.47747027e+00
0.98646382 3.51515912e+00
0.98652242 3.55016141e+00
0.98658076 3.58243640e+00
0.98663882 3.61194572e+00
0.98669661 3.63865793e+00
0.98675414 3.66254048e+00
0.98681140 3.68354603e+00
0.98686840 3.70161178e+00
0.98692514 3.71671059e+00
0.98698163 3.72883613e+00
0.98703787 3.73798661e+00
0.98709385 3.74416463e+00
0.98714959 3.74737630e+00
0.98720507 3.74763293e+00
0.98726032 3.74492513e+00
0.98731532 3.73923225e+00
0.98737009 3.73057841e+00
0.98742461 3.71900897e+00
0.98747890 3.70454296e+00
0.98753296 3.68717115e+00
0.98758678 3.66690474e+00
0.98764038 3.64379715e+00
0.98769375 3.61791969e+00
0.98774690 3.58932134e+00
0.98779982 3.55804047e+00
0.98785253 3.52410976e+00
0.98790502 3.48755662e+00
0.98795729 3.44839918e+00
0.98800935 3.40666709e+00
0.98806119 3.36243469e+00
0.98811283 3.31579850e+00
0.98816425 3.26685402e+00
0.98821547 3.21567228e+00
0.98826649 3.16230579e+00
0.98831730 3.10682438e+00
0.98836791 3.04930175e+00
0.98841832 2.98980278e+00
0.98846854 2.92838958e+00
0.98851856 2.86516485e+00
0.98856838 2.80025717e+00
0.98861801 2.73379942e+00
0.98866745 2.66591092e+00
0.98871670 2.59667764e+00
0.98876577 2.52617736e+00
0.98881464 2.45449515e+00
0.98886333 2.38173082e+00
0.98891184 2.30799635e+00
0.98896016 2.23340970e+00
0.98900830 2.15810791e+00
0.98905626 2.08223131e+00
0.98910405 2.00591315e+00
0.98915165 1.92927576e+00
0.98919908 1.85242496e+00
0.98924633 1.77547541e+00
0.98929342 1.69855194e+00
0.98934033 1.62178345e+00
0.98938706 1.54529869e+00
0.98943363 1.46922108e+00
0.98948003 1.39367682e+00
0.98952626 1.31879765e+00
0.98957233 1.24471799e+00
0.98961823 1.17157028e+00
0.98966397 1.09948576e+00
0.98970954 1.02859353e+00
0.98975495 9.59021104e-01
0.98980020 8.90897004e-01
0.98984528 8.24348595e-01
0.98989021 7.59503366e-01
0.98993498 6.96488887e-01
0.98997959 6.35432576e-01
0.99002404 5.76462978e-01
0.99006834 5.19705894e-01
0.99011248 4.65286297e-01
0.99015647 4.13328288e-01
0.99020030 3.63950482e-01
0.99024398 3.17262596e-01
0.99028750 2.73371490e-01
0.99033087 2.32382669e-01
0.99037409 1.94399801e-01
0.99041716 1.59524027e-01
0.99046007 1.27853566e-01
0.99050283 9.94828452e-02
0.99054544 7.45016933e-02
0.99058791 5.29949089e-02
0.99063022 3.50418346e-02
0.99067238 2.07164207e-02
0.99071439 1.00870773e-02
0.99075625 3.21692225e-03
0.99079797 1.63811865e-04
0.99083954 9.80063847e-04
0.99088095 5.71242128e-03
0.99092222 1.44022299e-02
0.99096335 2.70853687e-02
0.99100432 4.37922683e-02
0.99104515 6.45477254e-02
0.99108584 8.93714030e-02
0.99112638 1.18278018e-01
0.99116677 1.51277360e-01
0.99120703 1.88374000e-01
0.99124713 2.29567296e-01
0.99128710 2.74851239e-01
0.99132692 3.24213453e-01
0.99136660 3.77635127e-01
0.99140614 4.35090985e-01
0.99144554 4.96549438e-01
0.99148480 5.61971269e-01
0.99152392 6.31313237e-01
0.99156290 7.04529528e-01
0.99160174 7.81569465e-01
0.99164044 8.62370775e-01
0.99167900 9.46862151e-01
0.99171743 1.03496366e+00
0.99175572 1.12658729e+00
0.99179388 1.22163583e+00
0.99183189 1.32001002e+00
0.99186978 1.42160886e+00
0.99190752 1.52632196e+00
0.99194513 1.63402639e+00
0.99198261 1.74459308e+00
0.99201995 1.85788416e+00
0.99205716 1.97375742e+00
0.99209423 2.09208091e+00
0.99213117 2.21274412e+00
0.99216797 2.33561922e+00
0.99220464 2.46054757e+00
0.99224118 2.58736239e+00
0.99227757 2.71589860e+00
0.99231384 2.84599507e+00
0.99234997 2.97748866e+00
0.99238597 3.11022682e+00
0.99242183 3.24405205e+00
0.99245756 3.37879792e+00
0.99249315 3.51430105e+00
0.99252862 3.65040278e+00
0.99256394 3.78694563e+00
0.99259914 3.92376888e+00
0.99263420 4.06070841e+00
0.99266914 4.19759923e+00
0.99270393 4.33426727e+00
0.99273860 4.47053505e+00
0.99277314 4.60621453e+00
0.99280755 4.74114019e+00
0.99284183 4.87515715e+00
0.99287598 5.00812540e+00
0.99291000 5.13996021e+00
0.99294390 5.27058683e+00
0.99297766 5.39988019e+00
0.99301130 5.52768546e+00
0.99304482 5.65384047e+00
0.99307821 5.77816617e+00
0.99311147 5.90048265e+00
0.99314460 6.02062415e+00
0.99317762 6.13842554e+00
0.99321051 6.25372226e+00
0.99324327 6.36635973e+00
0.99327591 6.47618538e+00
0.99330844 6.58305217e+00
0.99334083 6.68682449e+00
0.99337311 6.78734982e+00
0.99340527 6.88446926e+00
0.99343731 6.97804912e+00
0.99346923 7.06796900e+00
0.99350103 7.15411278e+00
0.99353272 7.23637164e+00
0.99356429 7.31464023e+00
0.99359574 7.38891155e+00
0.99362707 7.45925453e+00
0.99365829 7.52564778e+00
0.99368940 7.58798693e+00
0.99372039 7.64614242e+00
0.99375126 7.69998756e+00
0.99378202 7.74943181e+00
0.99381267 7.79439972e+00
0.99384320 7.83481436e+00
0.99387362 7.87061663e+00
0.99390393 7.90175994e+00
0.99393412 7.92820457e+00
0.99396421 7.94991850e+00
0.99399418 7.96688001e+00
0.99402404 7.97907820e+00
0.99405380 7.98648646e+00
0.99408344 7.98908247e+00
0.99411298 7.98682322e+00
0.99414240 7.97969147e+00
0.99417172 7.96766894e+00
0.99420094 7.95080787e+00
0.99423005 7.92929548e+00
0.99425905 7.90327760e+00
0.99428794 7.87277814e+00
0.99431673 7.83779100e+00
0.99434541 7.79833105e+00
0.99437399 7.75444501e+00
0.99440247 7.70618670e+00
0.99443084 7.65359878e+00
0.99445910 7.59670446e+00
0.99448726 7.53553326e+00
0.99451532 7.47011935e+00
0.99454328 7.40051140e+00
0.99457114 7.32676843e+00
0.99459889 7.24895707e+00
0.99462655 7.16715194e+00
0.99465410 7.08143422e+00
0.99468156 6.99189959e+00
0.99470892 6.89864736e+00
0.99473617 6.80181938e+00
0.99476333 6.70168559e+00
0.99479039 6.59855095e+00
0.99481736 6.49259219e+00
0.99484422 6.38386078e+00
0.99487099 6.27242105e+00
0.99489766 6.15834855e+00
0.99492424 6.04173021e+00
0.99495072 5.92266079e+00
0.99497711 5.80125265e+00
0.99500339 5.67761940e+00
0.99502959 5.55188564e+00
0.99505569 5.42418197e+00
0.99508169 5.29466617e+00
0.99510761 5.16353960e+00
0.99513342 5.03100217e+00
0.99515915 4.89720211e+00
0.99518478 4.76227193e+00
0.99521032 4.62634837e+00
0.99523577 4.48957304e+00
0.99526113 4.35216622e+00
0.99528640 4.21441681e+00
0.99531158 4.07653555e+00
0.99533666 3.93863953e+00
0.99536166 3.80084745e+00
0.99538657 3.66328679e+00
0.99541138 3.52608960e+00
0.99543611 3.38939491e+00
0.99546075 3.25336017e+00
0.99548530 3.11817645e+00
0.99550976 2.98402964e+00
0.99553413 2.85106802e+00
0.99555842 2.71942675e+00
0.99558261 2.58924959e+00
0.99560672 2.46067969e+00
0.99563074 2.33386445e+00
0.99565468 2.20895172e+00
0.99567853 2.08608651e+00
0.99570229 1.96543291e+00
0.99572597 1.84719460e+00
0.99574957 1.73156394e+00
0.99577308 1.61867439e+00
0.99579651 1.50863407e+00
0.99581985 1.40155729e+00
0.99584310 1.29756244e+00
0.99586627 1.19678262e+00
0.99588936 1.09935085e+00
0.99591236 1.00538287e+00
0.99593528 9.14983579e-01
0.99595812 8.28258800e-01
0.99598087 7.45313122e-01
0.99600354 6.66250110e-01
0.99602613 5.91171192e-01
0.99604864 5.20175184e-01
0.99607106 4.53358345e-01
0.99609341 3.90812183e-01
0.99611567 3.32627696e-01
0.99613786 2.78898032e-01
0.99615996 2.29706965e-01
0.99618199 1.85122215e-01
0.99620393 1.45204743e-01
0.99622579 1.10013987e-01
0.99624758 7.96072789e-02
0.99626929 5.40385049e-02
0.99629091 3.33567696e-02
0.99631246 1.76061091e-02
0.99633393 6.82632479e-03
0.99635532 1.05297918e-03
0.99637663 3.17398425e-04
0.99639786 4.64606750e-03
0.99641902 1.40607073e-02
0.99644009 2.85777548e-02
0.99646110 4.82085817e-02
0.99648202 7.29591063e-02
0.99650287 1.02831248e-01
0.99652365 1.37827012e-01
0.99654435 1.77946015e-01
0.99656497 2.23180695e-01
0.99658552 2.73517834e-01
0.99660599 3.28939361e-01
0.99662639 3.89420948e-01
0.99664671 4.54932661e-01
0.99666696 5.25440697e-01
0.99668714 6.00913944e-01
0.99670724 6.81310983e-01
0.99672726 7.66585636e-01
0.99674721 8.56683301e-01
0.99676709 9.51544685e-01
0.99678690 1.05110268e+00
0.99680663 1.15528821e+00
0.99682629 1.26402436e+00
0.99684588 1.37725117e+00
0.99686540 1.49494916e+00
0.99688485 1.61710799e+00
0.99690423 1.74367012e+00
0.99692353 1.87454610e+00
0.99694277 2.00964692e+00
0.99696193 2.14887559e+00
0.99698103 2.29213165e+00
0.99700005 2.43931289e+00
0.99701900 2.59032548e+00
0.99703788 2.74507522e+00
0.99705669 2.90344328e+00
0.99707544 3.06530677e+00
0.99709411 3.23054569e+00
0.99711271 3.39902597e+00
0.99713125 3.57061406e+00
0.99714972 3.74516705e+00
0.99716812 3.92257506e+00
0.99718645 4.10286623e+00
0.99720472 4.28611381e+00
0.99722292 4.47224767e+00
0.99724105 4.66110922e+00
0.99725911 4.85254367e+00
0.99727711 5.04640019e+00
0.99729504 5.24252358e+00
0.99731291 5.44076248e+00
0.99733070 5.64096051e+00
0.99734843 5.84298074e+00
0.99736610 6.04672036e+00
0.99738370 6.25203819e+00
0.99740123 6.45877654e+00
0.99741870 6.66676474e+00
0.99743610 6.87582509e+00
0.99745344 7.08577293e+00
0.99747072 7.29649650e+00
0.99748793 7.50808553e+00
0.99750508 7.72067097e+00
0.99752217 7.93418386e+00
0.99753919 8.14847974e+00
0.99755615 8.36340321e+00
0.99757304 8.57877178e+00
0.99758987 8.79442022e+00
0.99760664 9.01016843e+00
0.99762334 9.22583403e+00
0.99763998 9.44124714e+00
0.99765656 9.65622315e+00
0.99767308 9.87056749e+00
0.99768953 1.00841221e+01
0.99770592 1.02967865e+01
0.99772225 1.05084292e+01
0.99773852 1.07188941e+01
0.99775473 1.09281976e+01
0.99777088 1.11366748e+01
0.99778697 1.13445329e+01
0.99780300 1.15516187e+01
0.99781897 1.17576913e+01
0.99783488 1.19625404e+01
0.99785072 1.21659661e+01
0.99786651 1.23678102e+01
0.99788224 1.25679342e+01
0.99789790 1.27662025e+01
0.99791351 1.29624170e+01
0.99792905 1.31564185e+01
0.99794454 1.33480322e+01
0.99795997 1.35371248e+01
0.99797534 1.37235656e+01
0.99799064 1.39072058e+01
0.99800590 1.40879062e+01
0.99802109 1.42658846e+01
0.99803623 1.44416963e+01
0.99805131 1.46155420e+01
0.99806633 1.47872365e+01
0.99808129 1.49565400e+01
0.99809620 1.51232353e+01
0.99811104 1.52871461e+01
0.99812583 1.54480910e+01
0.99814056 1.56059163e+01
0.99815524 1.57604644e+01
0.99816985 1.59116283e+01
0.99818441 1.60592763e+01
0.99819891 1.62033309e+01
0.99821335 1.63437351e+01
0.99822774 1.64804973e+01
0.99824208 1.66135278e+01
0.99825635 1.67428488e+01
0.99827058 1.68689098e+01
0.99828474 1.69921989e+01
0.99829885 1.71126751e+01
0.99831291 1.72300602e+01
0.99832690 1.73441477e+01
0.99834085 1.74547532e+01
0.99835473 1.75617216e+01
0.99836856 1.76649000e+01
0.99838234 1.77642515e+01
0.99839606 1.78597478e+01
0.99840972 1.79513110e+01
0.99842333 1.80388711e+01
0.99843688 1.81223741e+01
0.99845038 1.82017706e+01
0.99846383 1.82770000e+01
0.99847721 1.83479877e+01
0.99849055 1.84149763e+01
0.99850383 1.84786214e+01
0.99851706 1.85392426e+01
0.99853024 1.85966989e+01
0.99854335 1.86508204e+01
0.99855642 1.87015302e+01
0.99856943 1.87487081e+01
0.99858239 1.87922552e+01
0.99859529 1.88320595e+01
0.99860814 1.88680297e+01
0.99862093 1.89000952e+01
0.99863367 1.89282065e+01
0.99864635 1.89523121e+01
0.99865898 1.89723813e+01
0.99867156 1.89883954e+01
0.99868409 1.90003434e+01
0.99869656 1.90082193e+01
0.99870898 1.90124664e+01
0.99872134 1.90137425e+01
0.99873365 1.90122584e+01
0.99874591 1.90078443e+01
0.99875812 1.90003671e+01
0.99877027 1.89897121e+01
0.99878237 1.89758050e+01
0.99879441 1.89585782e+01
0.99880640 1.89379658e+01
0.99881833 1.89139486e+01
0.99883022 1.88864841e+01
0.99884204 1.88555777e+01
0.99885382 1.88212044e+01
0.99886554 1.87834195e+01
0.99887721 1.87422661e+01
0.99888882 1.86977830e+01
0.99890039 1.86500548e+01
0.99891190 1.85994921e+01
0.99892335 1.85466122e+01
0.99893476 1.84915376e+01
0.99894611 1.84341481e+01
0.99895740 1.83743525e+01
0.99896864 1.83120868e+01
0.99897983 1.82472894e+01
0.99899097 1.81799105e+01
0.99900204 1.81099210e+01
0.99901307 1.80372955e+01
0.99902404 1.79620527e+01
0.99903496 1.78842252e+01
0.99904582 1.78038215e+01
0.99905663 1.77208774e+01
0.99906738 1.76354415e+01
0.99907808 1.75475729e+01
0.99908873 1.74573397e+01
0.99909932 1.73650262e+01
0.99910985 1.72710674e+01
0.99912034 1.71756120e+01
0.99913076 1.70785935e+01
0.99914114 1.69799619e+01
0.99915145 1.68796758e+01
0.99916171 1.67777148e+01
0.99917192 1.66740586e+01
0.99918207 1.65687201e+01
0.99919216 1.64617099e+01
0.99920220 1.63530622e+01
0.99921218 1.62428013e+01
0.99922210 1.61309637e+01
0.99923197 1.60176058e+01
0.99924178 1.59027862e+01
0.99925153 1.57865428e+01
0.99926122 1.56689434e+01
0.99927086 1.55500635e+01
0.99928044 1.54301404e+01
0.99928996 1.53094127e+01
0.99929943 1.51878792e+01
0.99930883 1.50655111e+01
0.99931818 1.49423305e+01
0.99932747 1.48183625e+01
0.99933669 1.46936453e+01
0.99934586 1.45682230e+01
0.99935497 1.44421148e+01
0.99936401 1.43153270e+01
0.99937300 1.41878777e+01
0.99938192 1.40597920e+01
0.99939078 1.39311082e+01
0.99939957 1.38018579e+01
0.99940831 1.36720777e+01
0.99941698 1.35417939e+01
0.99942559 1.34110750e+01
0.99943413 1.32799866e+01
0.99944261 1.31486272e+01
0.99945103 1.30171551e+01
0.99945938 1.28856462e+01
0.99946767 1.27540933e+01
0.99947589 1.26224976e+01
0.99948404 1.24908918e+01
0.99949212 1.23593371e+01
0.99950014 1.22278535e+01
0.99950808 1.20964630e+01
0.99951596 1.19651617e+01
0.99952376 1.18339360e+01
0.99953150 1.17028113e+01
0.99953916 1.15718255e+01
0.99954675 1.14410612e+01
0.99955427 1.13105868e+01
0.99956171 1.11804338e+01
0.99956908 1.10506109e+01
0.99957637 1.09211465e+01
0.99958359 1.07920890e+01
0.99959073 1.06634665e+01
0.99959779 1.05353123e+01
0.99960478 1.04076169e+01
0.99961169 1.02803493e+01
0.99961851 1.01535334e+01
0.99962526 1.00272243e+01
0.99963193 9.90148921e+00
0.99963851 9.77636702e+00
0.99964501 9.65182680e+00
0.99965143 9.52786079e+00
0.99965776 9.40454172e+00
0.99966400 9.28194570e+00
0.99967016 9.16014473e+00
0.99967623 9.03916635e+00
0.99968221 8.91897629e+00
0.99968810 8.79953053e+00
0.99969391 8.68084295e+00
0.99969962 8.56294468e+00
0.99970524 8.44586090e+00
0.99971077 8.32959441e+00
0.99971621 8.21413723e+00
0.99972155 8.09952239e+00
0.99972680 7.98580018e+00
0.99973196 7.87300319e+00
0.99973702 7.76114341e+00
0.99974199 7.65020334e+00
0.99974687 7.54016014e+00
0.99975165 7.43100801e+00
0.99975634 7.32275324e+00
0.99976093 7.21537856e+00
0.99976543 7.10882374e+00
0.99976984 7.00308068e+00
0.99977415 6.89821544e+00
0.99977836 6.79430913e+00
0.99978249 6.69142857e+00
0.99978652 6.58959144e+00
0.99979046 6.48878606e+00
0.99979431 6.38902087e+00
0.99979807 6.29033744e+00
0.99980174 6.19278374e+00
0.99980532 6.09640239e+00
0.99980882 6.00124757e+00
0.99981223 5.90732358e+00
0.99981555 5.81459477e+00
0.99981879 5.72303178e+00
0.99982196 5.63261720e+00
0.99982504 5.54339215e+00
0.99982804 5.45542952e+00
0.99983097 5.36876476e+00
0.99983383 5.28341968e+00
0.99983661 5.19942871e+00
0.99983933 5.11684622e+00
0.99984197 5.03571532e+00
0.99984456 4.95603334e+00
0.99984708 4.87776756e+00
0.99984954 4.80087489e+00
0.99985194 4.72537480e+00
0.99985429 4.65135414e+00
0.99985659 4.57883722e+00
0.99985884 4.50776035e+00
0.99986105 4.43804866e+00
0.99986321 4.36964513e+00
0.99986534 4.30259554e+00
0.99986743 4.23698469e+00
0.99986948 4.17278069e+00
0.99987151 4.10990315e+00
0.99987351 4.04827350e+00
0.99987549 3.98790558e+00
0.99987744 3.92895375e+00
0.99987937 3.87152900e+00
0.99988128 3.81564899e+00
0.99988317 3.76133626e+00
0.99988504 3.70865347e+00
0.99988687 3.65780083e+00
0.99988868 3.60905481e+00
0.99989045 3.56253321e+00
0.99989219 3.51821241e+00
0.99989388 3.47603765e+00
0.99989554 3.43591364e+00
0.99989716 3.39775043e+00
0.99989875 3.36148915e+00
0.99990032 3.32698573e+00
0.99990186 3.29400754e+00
0.99990339 3.26232048e+00
0.99990492 3.23169771e+00
0.99990645 3.20191935e+00
0.99990799 3.17278652e+00
0.99990954 3.14416220e+00
0.99991112 3.11595635e+00
0.99991273 3.08805518e+00
0.99991438 3.06032909e+00
0.99991607 3.03268163e+00
0.99991782 3.00503352e+00
0.99991962 2.97730855e+00
0.99992147 2.94942852e+00
0.99992339 2.92133994e+00
0.99992538 2.89304184e+00
0.99992743 2.86455910e+00
0.99992956 2.83588877e+00
0.99993176 2.80700986e+00
0.99993404 2.77791104e+00
0.99993638 2.74858799e+00
0.99993880 2.71903432e+00
0.99994129 2.68924422e+00
0.99994386 2.65923555e+00
0.99994649 2.62906429e+00
0.99994919 2.59877198e+00
0.99995196 2.56836026e+00
0.99995480 2.53782447e+00
0.99995770 2.50717229e+00
0.99996066 2.47641802e+00
0.99996367 2.44558789e+00
0.99996675 2.41472222e+00
0.99996988 2.38389445e+00
0.99997306 2.35321914e+00
0.99997629 2.32276982e+00
0.99997956 2.29251727e+00
0.99998288 2.26233467e+00
0.99998623 2.23205559e+00
0.99998963 2.20158178e+00
0.99999305 2.17092195e+00
0.99999651 2.14014957e+00
1.00000000 2.10933388e+00
1.00000925 2.02907409e+00
1.00001867 1.95016996e+00
1.00002824 1.87460400e+00
1.00003791 1.80304833e+00
1.00004767 1.73331063e+00
1.00005749 1.66405915e+00
1.00006734 1.59637786e+00
1.00007723 1.53123980e+00
1.00008712 1.46836308e+00
1.00009701 1.40742408e+00
1.00010689 1.34871041e+00
1.00011673 1.29231612e+00
1.00012652 1.23771610e+00
1.00013628 1.18460627e+00
1.00014600 1.13346806e+00
1.00015568 1.08509083e+00
1.00016534 1.03961860e+00
1.00017496 9.96366010e-01
1.00018452 9.54541316e-01
1.00019402 9.13601391e-01
1.00020346 8.73622578e-01
1.00021284 8.35183601e-01
1.00022216 7.98463428e-01
1.00023144 7.63303012e-01
1.00024066 7.29673343e-01
1.00024981 6.97577707e-01
1.00025890 6.66936088e-01
1.00026794 6.37640079e-01
1.00027693 6.09610146e-01
1.00028588 5.82771171e-01
1.00029480 5.57066897e-01
1.00030370 5.32459793e-01
1.00031256 5.08906916e-01
1.00032140 4.86357391e-01
1.00033022 4.64761983e-01
1.00033902 4.44083980e-01
1.00034780 4.24291435e-01
1.00035658 4.05352085e-01
1.00036534 3.87237623e-01
1.00037410 3.69916158e-01
1.00038285 3.53349185e-01
1.00039160 3.37496700e-01
1.00040033 3.22322755e-01
1.00040906 3.07799877e-01
1.00041778 2.93910970e-01
1.00042650 2.80636141e-01
1.00043520 2.67944009e-01
1.00044390 2.55801797e-01
1.00045259 2.44183659e-01
1.00046128 2.33065778e-01
1.00046995 2.22432243e-01
1.00047860 2.12280326e-01
1.00048725 2.02606830e-01
1.00049588 1.93401151e-01
1.00050450 1.84639505e-01
1.00051310 1.76291162e-01
1.00052168 1.68337187e-01
1.00053025 1.60765827e-01
1.00053881 1.53563155e-01
1.00054734 1.46711523e-01
1.00055586 1.40189494e-01
1.00056436 1.33976993e-01
1.00057285 1.28056912e-01
1.00058131 1.22413846e-01
1.00058975 1.17033412e-01
1.00059817 1.11902238e-01
1.00060657 1.07009493e-01
1.00061494 1.02345664e-01
1.00062328 9.79014328e-02
1.00063159 9.36665944e-02
1.00063988 8.96301865e-02
1.00064813 8.57827211e-02
1.00065634 8.21169312e-02
1.00066451 7.86260615e-02
1.00067265 7.53028245e-02
1.00068073 7.21388974e-02
1.00068877 6.91261200e-02
1.00069676 6.62583510e-02
1.00070468 6.35302908e-02
1.00071255 6.09363254e-02
