# ADIPLS gamma1,rho kernel K_(Gamma1,rho)(r) for Model S
# Code: ADIPLS (bundled with MESA 26.04.1), igm1kr=1, variational, istsbc=1, icow=0, mdintg=5
# Model: fgong.l5bi.d.15c (md5 8a076ec1810e9871cdf21f6ecdf72016), G=6.67430e-8 cgs
# Mode: l=0 n=15 nu=2229.1963 uHz
# ADIPLS convention: delta(omega)/omega = INTEGRAL[ K * delta(Gamma1) * dx ], x=r/R  (ABSOLUTE delta Gamma1; see README.md)
# columns: x=r/R    K_gamma1_rho
0.00000000 0.00000000e+00
0.00139108 2.63374958e-03
0.00140979 2.65797704e-03
0.00142875 2.68264713e-03
0.00144796 2.70776505e-03
0.00146744 2.73334080e-03
0.00148717 2.75938254e-03
0.00150717 2.78589894e-03
0.00152744 2.81290043e-03
0.00154798 2.84039740e-03
0.00156880 2.86840006e-03
0.00158990 2.89691892e-03
0.00161128 2.92596389e-03
0.00163295 2.95554584e-03
0.00165491 2.98567683e-03
0.00167716 3.01636886e-03
0.00169972 3.04763146e-03
0.00172258 3.07947948e-03
0.00174574 3.11192290e-03
0.00176922 3.14497425e-03
0.00179301 3.17864745e-03
0.00181713 3.21295516e-03
0.00184156 3.24791106e-03
0.00186633 3.28352920e-03
0.00189143 3.31982329e-03
0.00191686 3.35680839e-03
0.00194264 3.39449534e-03
0.00196877 3.43290133e-03
0.00199525 3.47204132e-03
0.00202208 3.51193306e-03
0.00204927 3.55259166e-03
0.00207683 3.59403549e-03
0.00210476 3.63628157e-03
0.00213306 3.67934602e-03
0.00216175 3.72324699e-03
0.00219082 3.76800195e-03
0.00222029 3.81362908e-03
0.00225014 3.86014867e-03
0.00228040 3.90757881e-03
0.00231107 3.95594028e-03
0.00234215 4.00525306e-03
0.00237365 4.05553583e-03
0.00240557 4.10681337e-03
0.00243792 4.15910623e-03
0.00247071 4.21243683e-03
0.00250394 4.26682743e-03
0.00253761 4.32230254e-03
0.00257174 4.37888597e-03
0.00260632 4.43660168e-03
0.00264137 4.49547563e-03
0.00267689 4.55553291e-03
0.00271289 4.61679921e-03
0.00274938 4.67930390e-03
0.00278635 4.74307297e-03
0.00282382 4.80813558e-03
0.00286180 4.87452057e-03
0.00290029 4.94225709e-03
0.00293929 5.01137688e-03
0.00297882 5.08190952e-03
0.00301888 5.15388867e-03
0.00305948 5.22734610e-03
0.00310062 5.30231541e-03
0.00314232 5.37882942e-03
0.00318458 5.45692560e-03
0.00322741 5.53664064e-03
0.00327081 5.61800896e-03
0.00331480 5.70106784e-03
0.00335938 5.78585867e-03
0.00340455 5.87242055e-03
0.00345034 5.96079186e-03
0.00349674 6.05101454e-03
0.00354377 6.14313311e-03
0.00359142 6.23719186e-03
0.00363972 6.33323280e-03
0.00368867 6.43130255e-03
0.00373828 6.53144656e-03
0.00378855 6.63371584e-03
0.00383950 6.73815917e-03
0.00389113 6.84482446e-03
0.00394346 6.95376448e-03
0.00399649 7.06503446e-03
0.00405024 7.17868537e-03
0.00410471 7.29477226e-03
0.00415991 7.41335378e-03
0.00421585 7.53448873e-03
0.00427255 7.65823518e-03
0.00433000 7.78465206e-03
0.00438823 7.91380908e-03
0.00444725 8.04576344e-03
0.00450705 8.18058304e-03
0.00456766 8.31833441e-03
0.00462909 8.45908869e-03
0.00469134 8.60291530e-03
0.00475443 8.74988570e-03
0.00481837 8.90007398e-03
0.00488316 9.05355726e-03
0.00494883 9.21041191e-03
0.00501538 9.37071630e-03
0.00508283 9.53455652e-03
0.00515118 9.70201110e-03
0.00522045 9.87316768e-03
0.00529065 1.00481121e-02
0.00536180 1.02269367e-02
0.00543390 1.04097317e-02
0.00550697 1.05965934e-02
0.00558102 1.07876141e-02
0.00565607 1.09828986e-02
0.00573213 1.11825426e-02
0.00580921 1.13866533e-02
0.00588732 1.15953298e-02
0.00596649 1.18086872e-02
0.00604672 1.20268345e-02
0.00612802 1.22498860e-02
0.00621042 1.24779620e-02
0.00629393 1.27111778e-02
0.00637856 1.29496564e-02
0.00646433 1.31935158e-02
0.00655124 1.34428911e-02
0.00663933 1.36979198e-02
0.00672860 1.39587279e-02
0.00681907 1.42254546e-02
0.00691075 1.44982434e-02
0.00700366 1.47772268e-02
0.00709783 1.50625680e-02
0.00719325 1.53544157e-02
0.00728996 1.56529088e-02
0.00738796 1.59582175e-02
0.00748729 1.62705082e-02
0.00758794 1.65899401e-02
0.00768994 1.69166775e-02
0.00779332 1.72509040e-02
0.00789808 1.75927864e-02
0.00800425 1.79425130e-02
0.00811184 1.83002707e-02
0.00822087 1.86662446e-02
0.00833136 1.90406291e-02
0.00844334 1.94236240e-02
0.00855682 1.98154365e-02
0.00867182 2.02162657e-02
0.00878835 2.06263254e-02
0.00890645 2.10458303e-02
0.00902614 2.14750075e-02
0.00914742 2.19140918e-02
0.00927033 2.23632970e-02
0.00939488 2.28228635e-02
0.00952110 2.32930353e-02
0.00964901 2.37740617e-02
0.00977863 2.42662011e-02
0.00990998 2.47696945e-02
0.01004309 2.52848143e-02
0.01017797 2.58118199e-02
0.01031466 2.63509948e-02
0.01045317 2.69026184e-02
0.01059352 2.74669637e-02
0.01073575 2.80443290e-02
0.01087988 2.86350239e-02
0.01102593 2.92393342e-02
0.01117392 2.98575745e-02
0.01132388 3.04900437e-02
0.01147584 3.11370743e-02
0.01162981 3.17989915e-02
0.01178583 3.24761295e-02
0.01194393 3.31688187e-02
0.01210412 3.38774190e-02
0.01226643 3.46022631e-02
0.01243090 3.53437170e-02
0.01259754 3.61021225e-02
0.01276639 3.68778606e-02
0.01293747 3.76713113e-02
0.01311080 3.84828672e-02
0.01328642 3.93128943e-02
0.01346436 4.01617706e-02
0.01364464 4.10299009e-02
0.01382728 4.19177037e-02
0.01401233 4.28255918e-02
0.01419980 4.37539527e-02
0.01438973 4.47031944e-02
0.01458213 4.56737754e-02
0.01477705 4.66661209e-02
0.01497452 4.76806433e-02
0.01517455 4.87177868e-02
0.01537717 4.97779821e-02
0.01558243 5.08616785e-02
0.01579034 5.19693425e-02
0.01600094 5.31014008e-02
0.01621425 5.42583234e-02
0.01643031 5.54405720e-02
0.01664913 5.66485832e-02
0.01687076 5.78828043e-02
0.01709522 5.91437362e-02
0.01732253 6.04317893e-02
0.01755273 6.17474394e-02
0.01778584 6.30911615e-02
0.01802189 6.44634192e-02
0.01826091 6.58646447e-02
0.01850292 6.72952856e-02
0.01874796 6.87558112e-02
0.01899604 7.02466484e-02
0.01924720 7.17682356e-02
0.01950146 7.33209845e-02
0.01975883 7.49053388e-02
0.02001936 7.65217372e-02
0.02028306 7.81705627e-02
0.02054995 7.98521519e-02
0.02082005 8.15669472e-02
0.02109339 8.33153192e-02
0.02136999 8.50975892e-02
0.02164986 8.69141263e-02
0.02193302 8.87652317e-02
0.02221950 9.06511965e-02
0.02250930 9.25723382e-02
0.02280244 9.45288894e-02
0.02309893 9.65210337e-02
0.02339879 9.85490559e-02
0.02370203 1.00613129e-01
0.02400865 1.02713387e-01
0.02431867 1.04850004e-01
0.02463209 1.07023005e-01
0.02494891 1.09232499e-01
0.02526915 1.11478561e-01
0.02559279 1.13761110e-01
0.02591984 1.16080114e-01
0.02625029 1.18435494e-01
0.02658415 1.20827162e-01
0.02692140 1.23254965e-01
0.02726205 1.25718566e-01
0.02760607 1.28217834e-01
0.02795345 1.30752508e-01
0.02830418 1.33322114e-01
0.02865825 1.35926308e-01
0.02901563 1.38564633e-01
0.02937632 1.41236707e-01
0.02974027 1.43941846e-01
0.03010748 1.46679523e-01
0.03047790 1.49449041e-01
0.03085151 1.52249781e-01
0.03122829 1.55080870e-01
0.03160820 1.57941581e-01
0.03199120 1.60831070e-01
0.03237725 1.63748434e-01
0.03276633 1.66692691e-01
0.03315839 1.69662819e-01
0.03355338 1.72657720e-01
0.03395126 1.75676296e-01
0.03435199 1.78717384e-01
0.03475552 1.81779764e-01
0.03516181 1.84862282e-01
0.03557080 1.87963632e-01
0.03598244 1.91082368e-01
0.03639668 1.94217082e-01
0.03681346 1.97366410e-01
0.03723274 2.00528909e-01
0.03765447 2.03703125e-01
0.03807858 2.06887464e-01
0.03850501 2.10080326e-01
0.03893373 2.13280233e-01
0.03936466 2.16485559e-01
0.03979775 2.19694692e-01
0.04023296 2.22905844e-01
0.04067021 2.26117401e-01
0.04110945 2.29327713e-01
0.04155064 2.32535183e-01
0.04199371 2.35738021e-01
0.04243860 2.38934359e-01
0.04288527 2.42122676e-01
0.04333367 2.45301131e-01
0.04378373 2.48468102e-01
0.04423540 2.51621782e-01
0.04468864 2.54760323e-01
0.04514339 2.57882254e-01
0.04559961 2.60985749e-01
0.04605724 2.64069099e-01
0.04651624 2.67130729e-01
0.04697655 2.70168739e-01
0.04743815 2.73181471e-01
0.04790097 2.76167560e-01
0.04836499 2.79125197e-01
0.04883015 2.82052794e-01
0.04929642 2.84948745e-01
0.04976375 2.87811502e-01
0.05023212 2.90639489e-01
0.05070148 2.93431232e-01
0.05117180 2.96185241e-01
0.05164305 2.98899988e-01
0.05211519 3.01574066e-01
0.05258819 3.04206135e-01
0.05306202 3.06794793e-01
0.05353666 3.09338586e-01
0.05401207 3.11836093e-01
0.05448824 3.14286283e-01
0.05496514 3.16687781e-01
0.05544273 3.19039320e-01
0.05592099 3.21339685e-01
0.05639992 3.23587668e-01
0.05687949 3.25782213e-01
0.05735968 3.27922189e-01
0.05784047 3.30006383e-01
0.05832184 3.32033793e-01
0.05880379 3.34003526e-01
0.05928628 3.35914592e-01
0.05976932 3.37765900e-01
0.06025288 3.39556441e-01
0.06073696 3.41285491e-01
0.06122155 3.42952264e-01
0.06170664 3.44555722e-01
0.06219220 3.46095134e-01
0.06267824 3.47569770e-01
0.06316476 3.48978915e-01
0.06365174 3.50321712e-01
0.06413917 3.51597586e-01
0.06462705 3.52805737e-01
0.06511539 3.53945661e-01
0.06560416 3.55016934e-01
0.06609337 3.56018695e-01
0.06658302 3.56950493e-01
0.06707311 3.57811926e-01
0.06756363 3.58602465e-01
0.06805458 3.59321819e-01
0.06854596 3.59969339e-01
0.06903777 3.60544641e-01
0.06953002 3.61047419e-01
0.07002271 3.61477373e-01
0.07051583 3.61834260e-01
0.07100938 3.62117625e-01
0.07150339 3.62327312e-01
0.07199783 3.62463105e-01
0.07249272 3.62524856e-01
0.07298807 3.62512450e-01
0.07348387 3.62425541e-01
0.07398014 3.62264041e-01
0.07447687 3.62028005e-01
0.07497408 3.61717310e-01
0.07547176 3.61331946e-01
0.07596993 3.60871971e-01
0.07646859 3.60337211e-01
0.07696776 3.59727903e-01
0.07746744 3.59044069e-01
0.07796764 3.58285609e-01
0.07846837 3.57452809e-01
0.07896963 3.56545996e-01
0.07947144 3.55565054e-01
0.07997381 3.54510296e-01
0.08047674 3.53381813e-01
0.08098024 3.52180057e-01
0.08148432 3.50905181e-01
0.08198902 3.49557544e-01
0.08249433 3.48137526e-01
0.08300025 3.46645291e-01
0.08350680 3.45081287e-01
0.08401400 3.43446059e-01
0.08452187 3.41739904e-01
0.08503040 3.39963215e-01
0.08553960 3.38116793e-01
0.08604950 3.36200916e-01
0.08656011 3.34216073e-01
0.08707143 3.32162903e-01
0.08758349 3.30041850e-01
0.08809629 3.27853716e-01
0.08860985 3.25599122e-01
0.08912419 3.23278649e-01
0.08963932 3.20892868e-01
0.09015524 3.18442616e-01
0.09067198 3.15928660e-01
0.09118955 3.13351847e-01
0.09170796 3.10712782e-01
0.09222723 3.08012391e-01
0.09274738 3.05251439e-01
0.09326842 3.02430847e-01
0.09379036 2.99551492e-01
0.09431322 2.96614275e-01
0.09483702 2.93620404e-01
0.09536178 2.90570426e-01
0.09588750 2.87465660e-01
0.09641421 2.84307099e-01
0.09694191 2.81095689e-01
0.09747064 2.77832660e-01
0.09800041 2.74518979e-01
0.09853124 2.71155989e-01
0.09906314 2.67744808e-01
0.09959612 2.64286573e-01
0.10013022 2.60782646e-01
0.10066545 2.57234112e-01
0.10120182 2.53642422e-01
0.10173936 2.50008959e-01
0.10227809 2.46335031e-01
0.10281802 2.42621945e-01
0.10335917 2.38871224e-01
0.10390157 2.35084259e-01
0.10444523 2.31262532e-01
0.10499018 2.27407548e-01
0.10553644 2.23521020e-01
0.10608402 2.19604390e-01
0.10663294 2.15659185e-01
0.10718324 2.11687247e-01
0.10773492 2.07690193e-01
0.10828802 2.03669692e-01
0.10884255 1.99627459e-01
0.10939854 1.95565327e-01
0.10995601 1.91485110e-01
0.11051498 1.87388643e-01
0.11107547 1.83277841e-01
0.11163750 1.79154555e-01
0.11220111 1.75020744e-01
0.11276631 1.70878359e-01
0.11333313 1.66729422e-01
0.11390159 1.62576040e-01
0.11447172 1.58420270e-01
0.11504354 1.54264199e-01
0.11561706 1.50110071e-01
0.11619233 1.45960011e-01
0.11676936 1.41816210e-01
0.11734817 1.37680975e-01
0.11792880 1.33556592e-01
0.11851127 1.29445374e-01
0.11909560 1.25349595e-01
0.11968183 1.21271753e-01
0.12026996 1.17214322e-01
0.12086003 1.13179675e-01
0.12145207 1.09170322e-01
0.12204610 1.05188780e-01
0.12264215 1.01237649e-01
0.12324024 9.73195063e-02
0.12384040 9.34369962e-02
0.12444266 8.95927353e-02
0.12504705 8.57893863e-02
0.12565359 8.20296925e-02
0.12626230 7.83164231e-02
0.12687321 7.46523223e-02
0.12748635 7.10401727e-02
0.12810174 6.74828384e-02
0.12871941 6.39831698e-02
0.12933939 6.05440161e-02
0.12996170 5.71682877e-02
0.13058637 5.38588972e-02
0.13121342 5.06187901e-02
0.13184288 4.74508957e-02
0.13247477 4.43581815e-02
0.13310912 4.13436312e-02
0.13374596 3.84102407e-02
0.13438529 3.55610142e-02
0.13502716 3.27989339e-02
0.13567159 3.01269861e-02
0.13631860 2.75481907e-02
0.13696820 2.50655498e-02
0.13762044 2.26820479e-02
0.13827532 2.04006866e-02
0.13893287 1.82244343e-02
0.13959311 1.61562274e-02
0.14025607 1.41990082e-02
0.14092176 1.23556899e-02
0.14159020 1.06291440e-02
0.14226141 9.02221848e-03
0.14293542 7.53772556e-03
0.14361223 6.17842724e-03
0.14429188 4.94703500e-03
0.14497437 3.84621405e-03
0.14565971 2.87857016e-03
0.14634794 2.04664190e-03
0.14703905 1.35290116e-03
0.14773307 7.99737582e-04
0.14843000 3.89462561e-04
0.14912986 1.24296900e-04
0.14983267 6.36723429e-06
0.15053843 3.77003352e-05
0.15124715 2.20214061e-04
0.15195884 5.55711996e-04
0.15267351 1.04587351e-03
0.15339115 1.69224797e-03
0.15411179 2.49625186e-03
0.15483541 3.45915507e-03
0.15556203 4.58206962e-03
0.15629164 5.86595463e-03
0.15702424 7.31160354e-03
0.15775982 8.91962886e-03
0.15849839 1.06904677e-02
0.15923995 1.26243653e-02
0.15998448 1.47213672e-02
0.16073197 1.69813172e-02
0.16148242 1.94038512e-02
0.16223583 2.19883935e-02
0.16299217 2.47341228e-02
0.16375143 2.76399927e-02
0.16451361 3.07047628e-02
0.16527867 3.39268919e-02
0.16604662 3.73046101e-02
0.16681743 4.08359243e-02
0.16759107 4.45185508e-02
0.16836754 4.83499443e-02
0.16914680 5.23273093e-02
0.16992884 5.64475971e-02
0.17071362 6.07074534e-02
0.17150113 6.51032744e-02
0.17229134 6.96311605e-02
0.17308421 7.42869655e-02
0.17387971 7.90662402e-02
0.17467783 8.39643348e-02
0.17547852 8.89761992e-02
0.17628175 9.40966176e-02
0.17708748 9.93200732e-02
0.17789570 1.04640786e-01
0.17870634 1.10052681e-01
0.17951939 1.15549515e-01
0.18033480 1.21124706e-01
0.18115254 1.26771445e-01
0.18197256 1.32482749e-01
0.18279485 1.38251496e-01
0.18361935 1.44070249e-01
0.18444604 1.49931311e-01
0.18527487 1.55826906e-01
0.18610582 1.61748954e-01
0.18693884 1.67689215e-01
0.18777389 1.73639327e-01
0.18861094 1.79590805e-01
0.18944994 1.85534927e-01
0.19029085 1.91462978e-01
0.19113364 1.97365943e-01
0.19197826 2.03234918e-01
0.19282467 2.09060785e-01
0.19367283 2.14834437e-01
0.19452269 2.20546499e-01
0.19537421 2.26187887e-01
0.19622735 2.31749449e-01
0.19708207 2.37221780e-01
0.19793831 2.42595702e-01
0.19879604 2.47862179e-01
0.19965521 2.53012139e-01
0.20051579 2.58036428e-01
0.20137771 2.62926205e-01
0.20224096 2.67672804e-01
0.20310548 2.72267558e-01
0.20397125 2.76702065e-01
0.20483820 2.80967779e-01
0.20570633 2.85056895e-01
0.20657557 2.88961481e-01
0.20744590 2.92673986e-01
0.20831728 2.96187095e-01
0.20918967 2.99493582e-01
0.21006305 3.02586698e-01
0.21093738 3.05459975e-01
0.21181261 3.08107347e-01
0.21268873 3.10523166e-01
0.21356570 3.12701746e-01
0.21444349 3.14638005e-01
0.21532207 3.16327304e-01
0.21620140 3.17765321e-01
0.21708147 3.18947959e-01
0.21796223 3.19871911e-01
0.21884367 3.20533898e-01
0.21972575 3.20931292e-01
0.22060845 3.21062020e-01
0.22149175 3.20924068e-01
0.22237561 3.20516406e-01
0.22326002 3.19838160e-01
0.22414495 3.18888973e-01
0.22503037 3.17669140e-01
0.22591627 3.16179222e-01
0.22680263 3.14420396e-01
0.22768942 3.12394219e-01
0.22857661 3.10102972e-01
0.22946420 3.07549293e-01
0.23035216 3.04736373e-01
0.23124047 3.01667808e-01
0.23212912 2.98347727e-01
0.23301808 2.94780844e-01
0.23390734 2.90972285e-01
0.23479688 2.86927641e-01
0.23568668 2.82653085e-01
0.23657674 2.78155023e-01
0.23746703 2.73440527e-01
0.23835755 2.68517155e-01
0.23924829 2.63392777e-01
0.24013923 2.58075718e-01
0.24103037 2.52574765e-01
0.24192170 2.46898798e-01
0.24281323 2.41057535e-01
0.24370496 2.35060628e-01
0.24459689 2.28918337e-01
0.24548904 2.22641181e-01
0.24638142 2.16239909e-01
0.24727407 2.09725346e-01
0.24816700 2.03108868e-01
0.24906027 1.96402098e-01
0.24995391 1.89616548e-01
0.25084798 1.82764010e-01
0.25174254 1.75856574e-01
0.25263767 1.68906275e-01
0.25353346 1.61925436e-01
0.25442999 1.54926253e-01
0.25532737 1.47921218e-01
0.25622573 1.40922853e-01
0.25712518 1.33943787e-01
0.25802585 1.26996760e-01
0.25892788 1.20094625e-01
0.25983142 1.13250297e-01
0.26073660 1.06476865e-01
0.26164356 9.97875670e-02
0.26255244 9.31958780e-02
0.26346335 8.67153639e-02
0.26437642 8.03598594e-02
0.26529174 7.41433272e-02
0.26620938 6.80799524e-02
0.26712939 6.21841306e-02
0.26805179 5.64703473e-02
0.26897658 5.09531662e-02
0.26990370 4.56472056e-02
0.27083309 4.05670329e-02
0.27176462 3.57271177e-02
0.27269815 3.11416649e-02
0.27363349 2.68245269e-02
0.27457045 2.27890856e-02
0.27550879 1.90481114e-02
0.27644826 1.56136714e-02
0.27738859 1.24970013e-02
0.27832952 9.70841352e-03
0.27927079 7.25720319e-03
0.28021212 5.15158052e-03
0.28115327 3.39864948e-03
0.28209400 2.00436959e-03
0.28303409 9.73549629e-04
0.28397337 3.09861081e-04
0.28491166 1.58680732e-05
0.28584883 9.30613280e-05
0.28678477 5.41902759e-04
0.28771938 1.36187413e-03
0.28865262 2.55152579e-03
0.28958445 4.10852819e-03
0.29051484 6.02971482e-03
0.29144381 8.31112907e-03
0.29237136 1.09480515e-02
0.29329753 1.39350475e-02
0.29422236 1.72659967e-02
0.29514590 2.09340891e-02
0.29606821 2.49318846e-02
0.29698935 2.92513018e-02
0.29790938 3.38836260e-02
0.29882839 3.88195739e-02
0.29974642 4.40492438e-02
0.30066357 4.95621580e-02
0.30157988 5.53472785e-02
0.30249544 6.13929189e-02
0.30341031 6.76869274e-02
0.30432454 7.42166341e-02
0.30523821 8.09687657e-02
0.30615136 8.79295092e-02
0.30706406 9.50846480e-02
0.30797636 1.02419440e-01
0.30888831 1.09918691e-01
0.30979995 1.17566729e-01
0.31071133 1.25347468e-01
0.31162249 1.33244495e-01
0.31253347 1.41240970e-01
0.31344430 1.49319693e-01
0.31435503 1.57463255e-01
0.31526567 1.65653829e-01
0.31617626 1.73873426e-01
0.31708683 1.82103885e-01
0.31799741 1.90327001e-01
0.31890801 1.98524216e-01
0.31981865 2.06677073e-01
0.32072937 2.14766795e-01
0.32164018 2.22774840e-01
0.32255109 2.30682429e-01
0.32346212 2.38470983e-01
0.32437329 2.46122225e-01
0.32528461 2.53617785e-01
0.32619609 2.60939538e-01
0.32710775 2.68069746e-01
0.32801960 2.74990926e-01
0.32893165 2.81685595e-01
0.32984390 2.88136885e-01
0.33075637 2.94328609e-01
0.33166907 3.00244672e-01
0.33258200 3.05869754e-01
0.33349517 3.11189076e-01
0.33440859 3.16188272e-01
0.33532226 3.20853627e-01
0.33623620 3.25172128e-01
0.33715040 3.29131841e-01
0.33806487 3.32721218e-01
0.33897962 3.35929614e-01
0.33989465 3.38747219e-01
0.34080996 3.41165037e-01
0.34172557 3.43175135e-01
0.34264147 3.44770256e-01
0.34355767 3.45944465e-01
0.34447418 3.46692720e-01
0.34539098 3.47010722e-01
0.34630810 3.46895309e-01
0.34722552 3.46344760e-01
0.34814327 3.45358099e-01
0.34906133 3.43935307e-01
0.34997971 3.42077957e-01
0.35089841 3.39788256e-01
0.35181744 3.37069892e-01
0.35273679 3.33927466e-01
0.35365648 3.30366789e-01
0.35457649 3.26394868e-01
0.35549684 3.22019748e-01
0.35641753 3.17250790e-01
0.35733856 3.12098141e-01
0.35825993 3.06573361e-01
0.35918164 3.00688908e-01
0.36010370 2.94458318e-01
0.36102610 2.87896297e-01
0.36194886 2.81018391e-01
0.36287197 2.73841301e-01
0.36379544 2.66382564e-01
0.36471927 2.58660687e-01
0.36564346 2.50695095e-01
0.36656801 2.42506022e-01
0.36749292 2.34114359e-01
0.36841820 2.25542056e-01
0.36934385 2.16811477e-01
0.37026988 2.07945684e-01
0.37119627 1.98968489e-01
0.37212304 1.89904161e-01
0.37305019 1.80777257e-01
0.37397772 1.71612810e-01
0.37490563 1.62436216e-01
0.37583392 1.53273160e-01
0.37676260 1.44149662e-01
0.37769167 1.35091640e-01
0.37862113 1.26125215e-01
0.37955098 1.17276458e-01
0.38048122 1.08571381e-01
0.38141187 1.00035836e-01
0.38234291 9.16954869e-02
0.38327435 8.35755544e-02
0.38420619 7.57009938e-02
0.38513845 6.80962860e-02
0.38607110 6.07852956e-02
0.38700417 5.37913267e-02
0.38793765 4.71369826e-02
0.38887155 4.08440956e-02
0.38980586 3.49336813e-02
0.39074059 2.94257964e-02
0.39167574 2.43395554e-02
0.39261132 1.96929849e-02
0.39354732 1.55030179e-02
0.39448375 1.17854010e-02
0.39542060 8.55462410e-03
0.39635790 5.82386698e-03
0.39729563 3.60495015e-03
0.39823379 1.90826863e-03
0.39917240 7.42759076e-04
0.40011145 1.15838745e-04
0.40105095 3.33671782e-05
0.40199089 4.99608869e-04
0.40293129 1.51719907e-03
0.40387215 3.08711716e-03
0.40481346 5.20863705e-03
0.40575520 7.87924564e-03
0.40669745 1.10950588e-02
0.40764055 1.48517357e-02
0.40858429 1.91412305e-02
0.40952611 2.39408034e-02
0.41046221 2.92130410e-02
0.41139307 3.49388163e-02
0.41232541 4.11418638e-02
0.41326485 4.78497140e-02
0.41421026 5.50455453e-02
0.41515758 6.26841083e-02
0.41610492 7.07298043e-02
0.41705244 7.91608793e-02
0.41800047 8.79562191e-02
0.41894904 9.70907816e-02
0.41989812 1.06537551e-01
0.42084771 1.16268683e-01
0.42179781 1.26255027e-01
0.42274844 1.36466293e-01
0.42369959 1.46871132e-01
0.42465127 1.57437170e-01
0.42560347 1.68131459e-01
0.42655621 1.78919942e-01
0.42750948 1.89768160e-01
0.42846330 2.00640851e-01
0.42941766 2.11502488e-01
0.43037256 2.22317091e-01
0.43132801 2.33048754e-01
0.43228402 2.43661108e-01
0.43324059 2.54118003e-01
0.43419771 2.64383335e-01
0.43515540 2.74421499e-01
0.43611365 2.84197051e-01
0.43707248 2.93675273e-01
0.43803188 3.02821997e-01
0.43899186 3.11603788e-01
0.43995242 3.19988167e-01
0.44091357 3.27943936e-01
0.44187530 3.35440706e-01
0.44283762 3.42449581e-01
0.44380054 3.48943181e-01
0.44476406 3.54895486e-01
0.44572818 3.60282062e-01
0.44669291 3.65080226e-01
0.44765824 3.69269639e-01
0.44862419 3.72831172e-01
0.44959075 3.75748388e-01
0.45055793 3.78006679e-01
0.45152574 3.79593937e-01
0.45249417 3.80499807e-01
0.45346322 3.80716884e-01
0.45443291 3.80239938e-01
0.45540324 3.79066478e-01
0.45637421 3.77196548e-01
0.45734581 3.74632434e-01
0.45831807 3.71379194e-01
0.45929097 3.67444639e-01
0.46026452 3.62839293e-01
0.46123873 3.57576020e-01
0.46221359 3.51670638e-01
0.46318912 3.45141250e-01
0.46416531 3.38008786e-01
0.46514216 3.30296782e-01
0.46611969 3.22031087e-01
0.46709788 3.13239792e-01
0.46807675 3.03953772e-01
0.46905630 2.94205882e-01
0.47003653 2.84031168e-01
0.47101743 2.73466716e-01
0.47199903 2.62551608e-01
0.47298130 2.51326893e-01
0.47396427 2.39835023e-01
0.47494793 2.28120387e-01
0.47593227 2.16228268e-01
0.47691731 2.04205626e-01
0.47790304 1.92100158e-01
0.47888947 1.79960361e-01
0.47987659 1.67835661e-01
0.48086440 1.55775891e-01
0.48185291 1.43831148e-01
0.48284211 1.32051628e-01
0.48383201 1.20487388e-01
0.48482260 1.09188249e-01
0.48581390 9.82034715e-02
0.48680589 8.75814780e-02
0.48779857 7.73697868e-02
0.48879196 6.76147758e-02
0.48978604 5.83613725e-02
0.49078082 4.96529050e-02
0.49177629 4.15308558e-02
0.49277246 3.40347361e-02
0.49376933 2.72017956e-02
0.49476690 2.10668895e-02
0.49576516 1.56622547e-02
0.49676411 1.10173478e-02
0.49776375 7.15865107e-03
0.49876409 4.10954425e-03
0.49976511 1.89013974e-03
0.50076683 5.17135560e-04
0.50176922 3.69598785e-06
0.50277230 3.59336437e-04
0.50377605 1.58982684e-03
0.50478048 3.69711050e-03
0.50578558 6.67923114e-03
0.50679134 1.05302969e-02
0.50779777 1.52404345e-02
0.50880486 2.07957833e-02
0.50981260 2.71784920e-02
0.51082099 3.43667506e-02
0.51183003 4.23348389e-02
0.51283971 5.10531617e-02
0.51385002 6.04883609e-02
0.51486096 7.06033621e-02
0.51587253 8.13575387e-02
0.51688472 9.27069276e-02
0.51789752 1.04604209e-01
0.51891093 1.16999030e-01
0.51992494 1.29838129e-01
0.52093955 1.43065651e-01
0.52195474 1.56623162e-01
0.52297052 1.70450026e-01
0.52398687 1.84483836e-01
0.52500380 1.98660337e-01
0.52602128 2.12914031e-01
0.52703932 2.27178469e-01
0.52805791 2.41386028e-01
0.52907704 2.55469072e-01
0.53009670 2.69359801e-01
0.53111689 2.82990399e-01
0.53213759 2.96293970e-01
0.53315881 3.09204291e-01
0.53418052 3.21656426e-01
0.53520273 3.33587165e-01
0.53622543 3.44934931e-01
0.53724860 3.55640659e-01
0.53827224 3.65647897e-01
0.53929634 3.74902818e-01
0.54032089 3.83355167e-01
0.54134589 3.90958194e-01
0.54237132 3.97668991e-01
0.54339718 4.03448567e-01
0.54442346 4.08262464e-01
0.54545014 4.12080673e-01
0.54647723 4.14878140e-01
0.54750471 4.16634714e-01
0.54853258 4.17335459e-01
0.54956082 4.16970897e-01
0.55058943 4.15536787e-01
0.55161840 4.13034417e-01
0.55264772 4.09470923e-01
0.55367739 4.04858788e-01
0.55470738 3.99215992e-01
0.55573770 3.92566361e-01
0.55676835 3.84939302e-01
0.55779930 3.76369690e-01
0.55883055 3.66897537e-01
0.55986210 3.56568356e-01
0.56089393 3.45432511e-01
0.56192605 3.33545043e-01
0.56295843 3.20965550e-01
0.56399108 3.07758319e-01
0.56502398 2.93991195e-01
0.56605713 2.79735983e-01
0.56709050 2.65067511e-01
0.56812411 2.50063818e-01
0.56915793 2.34805494e-01
0.57019196 2.19375139e-01
0.57122619 2.03857048e-01
0.57226061 1.88336837e-01
0.57329521 1.72901015e-01
0.57432999 1.57636329e-01
0.57536493 1.42629199e-01
0.57640003 1.27965638e-01
0.57743528 1.13730415e-01
0.57847067 1.00006619e-01
0.57950620 8.68752740e-02
0.58054184 7.44148597e-02
0.58157760 6.27006544e-02
0.58261347 5.18044391e-02
0.58364944 4.17940145e-02
0.58468550 3.27327344e-02
0.58572164 2.46790709e-02
0.58675785 1.76863015e-02
0.58779412 1.18020638e-02
0.58883045 7.06807357e-03
0.58986683 3.51977568e-03
0.59090325 1.18609396e-03
0.59193969 8.91727054e-05
0.59297616 2.44184079e-04
0.59401263 1.65916172e-03
0.59504911 4.33487367e-03
0.59608558 8.26473979e-03
0.59712203 1.34347872e-02
0.59815846 1.98236544e-02
0.59919484 2.74026408e-02
0.60023118 3.61357866e-02
0.60126747 4.59800319e-02
0.60230369 5.68853702e-02
0.60333983 6.87950575e-02
0.60437589 8.16459447e-02
0.60541185 9.53687716e-02
0.60644770 1.09888438e-01
0.60748343 1.25124592e-01
0.60851904 1.40991784e-01
0.60955450 1.57400044e-01
0.61058981 1.74255671e-01
0.61162496 1.91461230e-01
0.61265993 2.08916499e-01
0.61369471 2.26519152e-01
0.61472929 2.44164958e-01
0.61576365 2.61748552e-01
0.61679779 2.79164136e-01
0.61783169 2.96306392e-01
0.61886532 3.13070346e-01
0.61989868 3.29353175e-01
0.62093174 3.45053735e-01
0.62196449 3.60074002e-01
0.62299691 3.74319521e-01
0.62402898 3.87699877e-01
0.62506069 4.00129490e-01
0.62609201 4.11527683e-01
0.62712293 4.21820220e-01
0.62815344 4.30939115e-01
0.62918350 4.38823171e-01
0.63021311 4.45418475e-01
0.63124224 4.50679134e-01
0.63227088 4.54567059e-01
0.63329899 4.57052804e-01
0.63432658 4.58115456e-01
0.63535360 4.57743318e-01
0.63638005 4.55933623e-01
0.63740590 4.52692578e-01
0.63843113 4.48035468e-01
0.63945573 4.41986962e-01
0.64047966 4.34580859e-01
0.64150291 4.25859852e-01
0.64252546 4.15874866e-01
0.64354728 4.04685910e-01
0.64456836 3.92360671e-01
0.64558866 3.78974924e-01
0.64660816 3.64611482e-01
0.64762681 3.49360202e-01
0.64864460 3.33317129e-01
0.64966147 3.16583974e-01
0.65067741 2.99267536e-01
0.65169238 2.81478995e-01
0.65270633 2.63332926e-01
0.65371924 2.44947079e-01
0.65473107 2.26441217e-01
0.65574178 2.07936431e-01
0.65675132 1.89554333e-01
0.65775967 1.71416099e-01
0.65876679 1.53641881e-01
0.65977262 1.36349803e-01
0.66077714 1.19655284e-01
0.66178031 1.03670275e-01
0.66278208 8.85022711e-02
0.66378244 7.42537347e-02
0.66478133 6.10213795e-02
0.66577874 4.88955479e-02
0.66677463 3.79595197e-02
0.66776897 2.82890208e-02
0.66876175 1.99516712e-02
0.66975294 1.30065906e-02
0.67074252 7.50396885e-03
0.67173046 3.48474201e-03
0.67271674 9.80302102e-04
0.67370134 1.22821283e-05
0.67468423 5.92375392e-04
0.67566537 2.72223379e-03
0.67664475 6.39341704e-03
0.67762230 1.15874213e-02
0.67859801 1.82757579e-02
0.67957181 2.64201034e-02
0.68054366 3.59725236e-02
0.68151348 4.68756414e-02
0.68248120 5.90629070e-02
0.68344673 7.24591978e-02
0.68440999 8.69814827e-02
0.68537089 1.02539245e-01
0.68632935 1.19035268e-01
0.68728531 1.36366372e-01
0.68823866 1.54424050e-01
0.68918934 1.73095245e-01
0.69013724 1.92263000e-01
0.69108227 2.11807269e-01
0.69202432 2.31606047e-01
0.69296329 2.51536468e-01
0.69389909 2.71474743e-01
0.69483158 2.91297586e-01
0.69576066 3.10883699e-01
0.69668622 3.30114715e-01
0.69760816 3.48874439e-01
0.69852633 3.67049952e-01
0.69944061 3.84534262e-01
0.70035085 4.01226119e-01
0.70125690 4.17029389e-01
0.70215856 4.31853292e-01
0.70305566 4.45615925e-01
0.70394810 4.58246114e-01
0.70483582 4.69680456e-01
0.70571868 4.79861042e-01
0.70659634 4.88737868e-01
0.70746856 4.96272924e-01
0.70833511 5.02439021e-01
0.70919573 5.07217537e-01
0.71005364 5.10600283e-01
0.71091383 5.12578107e-01
0.71177606 5.13146158e-01
0.71263786 5.12286031e-01
0.71349863 5.09967018e-01
0.71435837 5.06196189e-01
0.71521709 5.00998118e-01
0.71607477 4.94394873e-01
0.71693141 4.86418021e-01
0.71778702 4.77106594e-01
0.71864157 4.66508387e-01
0.71949508 4.54678895e-01
0.72034752 4.41681073e-01
0.72119891 4.27585196e-01
0.72204924 4.12468250e-01
0.72289849 3.96414351e-01
0.72374667 3.79513253e-01
0.72459377 3.61860503e-01
0.72543979 3.43556815e-01
0.72628472 3.24707681e-01
0.72712856 3.05422533e-01
0.72797130 2.85814134e-01
0.72881294 2.65998479e-01
0.72965347 2.46093316e-01
0.73049289 2.26217827e-01
0.73133120 2.06492332e-01
0.73216838 1.87037116e-01
0.73300444 1.67971803e-01
0.73383937 1.49414588e-01
0.73467317 1.31481706e-01
0.73550583 1.14286818e-01
0.73633734 9.79398544e-02
0.73716771 8.25466147e-02
0.73799692 6.82080635e-02
0.73882498 5.50197220e-02
0.73965188 4.30708982e-02
0.74047761 3.24442245e-02
0.74130217 2.32150317e-02
0.74212555 1.54508604e-02
0.74294776 9.21096212e-03
0.74376878 4.54587517e-03
0.74458861 1.49704157e-03
0.74540725 9.64694661e-05
0.74622469 3.66457509e-04
0.74704093 2.31937216e-03
0.74785597 5.95748921e-03
0.74866979 1.12728811e-02
0.74948240 1.82473891e-02
0.75029379 2.68526388e-02
0.75110395 3.70501201e-02
0.75191288 4.87913584e-02
0.75272059 6.20180933e-02
0.75352705 7.66625618e-02
0.75433227 9.26478535e-02
0.75513624 1.09888259e-01
0.75593897 1.28289905e-01
0.75674044 1.47750958e-01
0.75754065 1.68162327e-01
0.75833959 1.89408342e-01
0.75913727 2.11367432e-01
0.75993367 2.33912514e-01
0.76072880 2.56912210e-01
0.76152265 2.80231382e-01
0.76231521 3.03731957e-01
0.76310648 3.27273859e-01
0.76389646 3.50715534e-01
0.76468514 3.73915382e-01
0.76547252 3.96732132e-01
0.76625859 4.19025830e-01
0.76704335 4.40659259e-01
0.76782680 4.61498004e-01
0.76860892 4.81411790e-01
0.76938973 5.00275289e-01
0.77016920 5.17968779e-01
0.77094735 5.34379414e-01
0.77172416 5.49401190e-01
0.77249962 5.62936538e-01
0.77327375 5.74896544e-01
0.77404652 5.85201027e-01
0.77481794 5.93780086e-01
0.77558801 6.00574526e-01
0.77635671 6.05535962e-01
0.77712404 6.08626610e-01
0.77789001 6.09820891e-01
0.77865460 6.09104795e-01
0.77941782 6.06476786e-01
0.78017965 6.01946371e-01
0.78094010 5.95536076e-01
0.78169915 5.87280145e-01
0.78245681 5.77225037e-01
0.78321307 5.65428339e-01
0.78396793 5.51959647e-01
0.78472138 5.36899006e-01
0.78547342 5.20337285e-01
0.78622404 5.02375912e-01
0.78697325 4.83125586e-01
0.78772104 4.62705680e-01
0.78846739 4.41243743e-01
0.78921232 4.18874737e-01
0.78995582 3.95740782e-01
0.79069788 3.71989258e-01
0.79143850 3.47772628e-01
0.79217767 3.23246924e-01
0.79291539 2.98571315e-01
0.79365166 2.73906647e-01
0.79438648 2.49415041e-01
0.79511983 2.25258038e-01
0.79585172 2.01596248e-01
0.79658214 1.78587895e-01
0.79731109 1.56388030e-01
0.79803856 1.35147384e-01
0.79876455 1.15011394e-01
0.79948906 9.61191527e-02
0.80021208 7.86027223e-02
0.80093360 6.25859735e-02
0.80165363 4.81838635e-02
0.80237216 3.55016119e-02
0.80308918 2.46339683e-02
0.80380470 1.56645144e-02
0.80451870 8.66508726e-03
0.80523119 3.69523190e-03
0.80594216 8.01750896e-04
0.80665161 1.83304129e-05
0.80735953 1.36524948e-03
0.80806592 4.84917878e-03
0.80877078 1.04630680e-02
0.80947410 1.81861182e-02
0.81017588 2.79838458e-02
0.81087612 3.98082084e-02
0.81157482 5.35979256e-02
0.81227196 6.92787360e-02
0.81296755 8.67638799e-02
0.81366159 1.05954461e-01
0.81435406 1.26740277e-01
0.81504497 1.49000214e-01
0.81573432 1.72603130e-01
0.81642210 1.97408549e-01
0.81710830 2.23267877e-01
0.81779293 2.50024890e-01
0.81847598 2.77516786e-01
0.81915745 3.05575500e-01
0.81983733 3.34028305e-01
0.82051563 3.62699350e-01
0.82119233 3.91410475e-01
0.82186745 4.19982318e-01
0.82254096 4.48236093e-01
0.82321287 4.75993988e-01
0.82388318 5.03081053e-01
0.82455189 5.29325918e-01
0.82521898 5.54561523e-01
0.82588447 5.78626448e-01
0.82654834 6.01367040e-01
0.82721059 6.22637260e-01
0.82787122 6.42299739e-01
0.82853023 6.60226387e-01
0.82918761 6.76300493e-01
0.82984337 6.90417321e-01
0.83049750 7.02483279e-01
0.83115000 7.12417629e-01
0.83180086 7.20153710e-01
0.83245008 7.25638286e-01
0.83309767 7.28831510e-01
0.83374362 7.29708643e-01
0.83438792 7.28260161e-01
0.83503058 7.24491819e-01
0.83567159 7.18424085e-01
0.83631095 7.10091790e-01
0.83694867 6.99544909e-01
0.83758473 6.86847803e-01
0.83821913 6.72078306e-01
0.83885188 6.55328840e-01
0.83948297 6.36702774e-01
0.84011240 6.16317853e-01
0.84074017 5.94302300e-01
0.84136627 5.70795303e-01
0.84199071 5.45946252e-01
0.84261348 5.19913000e-01
0.84323459 4.92861947e-01
0.84385402 4.64966034e-01
0.84447178 4.36404926e-01
0.84508787 4.07361657e-01
0.84570228 3.78023533e-01
0.84631501 3.48580258e-01
0.84692607 3.19222826e-01
0.84753545 2.90142679e-01
0.84814314 2.61529797e-01
0.84874916 2.33571940e-01
0.84935349 2.06452957e-01
0.84995613 1.80352135e-01
0.85055709 1.55442840e-01
0.85115636 1.31891370e-01
0.85175394 1.09855953e-01
0.85234982 8.94857428e-02
0.85294402 7.09198771e-02
0.85353652 5.42864382e-02
0.85412733 3.97018753e-02
0.85471645 2.72700564e-02
0.85530386 1.70816757e-02
0.85588958 9.21367918e-03
0.85647360 3.72872952e-03
0.85705593 6.74817038e-04
0.85763655 8.49340312e-05
0.85821547 1.97685240e-03
0.85879270 6.35299091e-03
0.85936822 1.32003755e-02
0.85994204 2.24906938e-02
0.86051416 3.41804583e-02
0.86108457 4.82112956e-02
0.86165329 6.45102420e-02
0.86222030 8.29902614e-02
0.86278560 1.03550718e-01
0.86334921 1.26077939e-01
0.86391111 1.50446076e-01
0.86447131 1.76517744e-01
0.86502980 2.04144937e-01
0.86558659 2.33169832e-01
0.86614167 2.63425769e-01
0.86669505 2.94738602e-01
0.86724672 3.26927315e-01
0.86779669 3.59805386e-01
0.86834495 3.93181575e-01
0.86889151 4.26861626e-01
0.86943636 4.60649204e-01
0.86997950 4.94347237e-01
0.87052094 5.27758730e-01
0.87106068 5.60687982e-01
0.87159870 5.92942029e-01
0.87213503 6.24331524e-01
0.87266964 6.54672021e-01
0.87320256 6.83784748e-01
0.87373376 7.11499268e-01
0.87426327 7.37652743e-01
0.87479107 7.62091956e-01
0.87531717 7.84673625e-01
0.87584157 8.05265089e-01
0.87636426 8.23746014e-01
0.87688526 8.40007853e-01
0.87740455 8.53955491e-01
0.87792215 8.65507909e-01
0.87843804 8.74597040e-01
0.87895224 8.81170028e-01
0.87946475 8.85188301e-01
0.87997555 8.86629797e-01
0.88048467 8.85485319e-01
0.88099209 8.81762455e-01
0.88149781 8.75482605e-01
0.88200185 8.66683021e-01
0.88250419 8.55415883e-01
0.88300485 8.41747324e-01
0.88350382 8.25756630e-01
0.88400110 8.07537625e-01
0.88449669 7.87196761e-01
0.88499060 7.64853283e-01
0.88548283 7.40637063e-01
0.88597337 7.14688293e-01
0.88646223 6.87158367e-01
0.88694942 6.58207009e-01
0.88743493 6.28003188e-01
0.88791876 5.96722665e-01
0.88840092 5.64547494e-01
0.88888141 5.31665069e-01
0.88936022 4.98266282e-01
0.88983737 4.64545710e-01
0.89031285 4.30699329e-01
0.89078666 3.96923691e-01
0.89125881 3.63414796e-01
0.89172930 3.30367431e-01
0.89219812 2.97973731e-01
0.89266529 2.66422157e-01
0.89313080 2.35896191e-01
0.89359465 2.06573925e-01
0.89405684 1.78626748e-01
0.89451739 1.52218223e-01
0.89497628 1.27503356e-01
0.89543352 1.04627897e-01
0.89588912 8.37273482e-02
0.89634307 6.49263763e-02
0.89679537 4.83380479e-02
0.89724603 3.40633854e-02
0.89769506 2.21907234e-02
0.89814244 1.27952578e-02
0.89858819 5.93876290e-03
0.89903230 1.66922389e-03
0.89947478 2.06422491e-05
0.89991563 1.01289247e-03
0.90035485 4.65164520e-03
0.90079244 1.09283530e-02
0.90122840 1.98203318e-02
0.90166275 3.12909466e-02
0.90209547 4.52898972e-02
0.90252658 6.17534984e-02
0.90295607 8.06051071e-02
0.90338394 1.01755585e-01
0.90381021 1.25103987e-01
0.90423486 1.50537872e-01
0.90465791 1.77934041e-01
0.90507936 2.07159413e-01
0.90549920 2.38071595e-01
0.90591745 2.70519807e-01
0.90633410 3.04345468e-01
0.90674916 3.39383319e-01
0.90716263 3.75462170e-01
0.90757452 4.12404970e-01
0.90798483 4.50030425e-01
0.90839355 4.88154169e-01
0.90880071 5.26590011e-01
0.90920629 5.65150215e-01
0.90961030 6.03647282e-01
0.91001274 6.41893803e-01
0.91041362 6.79704001e-01
0.91081294 7.16894806e-01
0.91121071 7.53286643e-01
0.91160692 7.88704643e-01
0.91200159 8.22978363e-01
0.91239470 8.55943144e-01
0.91278628 8.87441907e-01
0.91317631 9.17324987e-01
0.91356481 9.45451148e-01
0.91395178 9.71687200e-01
0.91433722 9.95909803e-01
0.91472114 1.01800608e+00
0.91510353 1.03787272e+00
0.91548440 1.05541825e+00
0.91586376 1.07056257e+00
0.91624162 1.08323669e+00
0.91661796 1.09338331e+00
0.91699281 1.10095914e+00
0.91736616 1.10593268e+00
0.91773801 1.10828424e+00
0.91810837 1.10800629e+00
0.91847725 1.10510500e+00
0.91884464 1.09959897e+00
0.91921056 1.09151885e+00
0.91957499 1.08090666e+00
0.91993795 1.06781689e+00
0.92029944 1.05231574e+00
0.92065947 1.03448200e+00
0.92101803 1.01440312e+00
0.92137512 9.92178162e-01
0.92173076 9.67914022e-01
0.92208494 9.41728502e-01
0.92243767 9.13745987e-01
0.92278894 8.84099346e-01
0.92313877 8.52929761e-01
0.92348716 8.20385448e-01
0.92383410 7.86620292e-01
0.92417961 7.51793909e-01
0.92452368 7.16069335e-01
0.92486633 6.79613915e-01
0.92520754 6.42597673e-01
0.92554734 6.05192157e-01
0.92588571 5.67570143e-01
0.92622267 5.29905401e-01
0.92655821 4.92370744e-01
0.92689235 4.55138782e-01
0.92722508 4.18379187e-01
0.92755641 3.82259501e-01
0.92788634 3.46944138e-01
0.92821487 3.12593247e-01
0.92854202 2.79362531e-01
0.92886778 2.47402200e-01
0.92919215 2.16856763e-01
0.92951515 1.87864096e-01
0.92983677 1.60555065e-01
0.93015702 1.35052653e-01
0.93047590 1.11471947e-01
0.93079342 8.99201473e-02
0.93110958 7.04958443e-02
0.93142438 5.32881582e-02
0.93173783 3.83766193e-02
0.93204993 2.58307463e-02
0.93236068 1.57099470e-02
0.93267009 8.06338086e-03
0.93297817 2.92979072e-03
0.93328491 3.37450460e-04
0.93359032 3.04156991e-04
0.93389441 2.83723678e-03
0.93419717 7.93361786e-03
0.93449862 1.55799293e-02
0.93479876 2.57526306e-02
0.93509759 3.84182297e-02
0.93539512 5.35334736e-02
0.93569135 7.10456094e-02
0.93598629 9.08926968e-02
0.93627994 1.13003842e-01
0.93657231 1.37299659e-01
0.93686339 1.63692630e-01
0.93715320 1.92087404e-01
0.93744174 2.22381432e-01
0.93772902 2.54465044e-01
0.93801504 2.88221402e-01
0.93829980 3.23527325e-01
0.93858332 3.60254439e-01
0.93886559 3.98269765e-01
0.93914662 4.37435821e-01
0.93942641 4.77611046e-01
0.93970498 5.18650845e-01
0.93998232 5.60407942e-01
0.94025844 6.02732383e-01
0.94053334 6.45473049e-01
0.94080703 6.88477976e-01
0.94107951 7.31594656e-01
0.94135078 7.74670455e-01
0.94162086 8.17553735e-01
0.94188975 8.60093641e-01
0.94215744 9.02141600e-01
0.94242394 9.43551433e-01
0.94268926 9.84179914e-01
0.94295341 1.02388701e+00
0.94321637 1.06253825e+00
0.94347817 1.10000222e+00
0.94373880 1.13615164e+00
0.94399826 1.17086516e+00
0.94425657 1.20402656e+00
0.94451372 1.23552481e+00
0.94476971 1.26525669e+00
0.94502456 1.29312451e+00
0.94527826 1.31903732e+00
0.94553082 1.34291328e+00
0.94578224 1.36467411e+00
0.94603253 1.38424610e+00
0.94628169 1.40156622e+00
0.94652972 1.41658268e+00
0.94677663 1.42925230e+00
0.94702242 1.43954159e+00
0.94726709 1.44742402e+00
0.94751065 1.45288225e+00
0.94775311 1.45590692e+00
0.94799446 1.45649763e+00
0.94823470 1.45466149e+00
0.94847386 1.45041400e+00
0.94871192 1.44377806e+00
0.94894889 1.43478451e+00
0.94918478 1.42347261e+00
0.94941959 1.40988869e+00
0.94965332 1.39408523e+00
0.94988599 1.37611670e+00
0.95011759 1.35604127e+00
0.95034812 1.33392709e+00
0.95057760 1.30985460e+00
0.95080603 1.28390876e+00
0.95103341 1.25618129e+00
0.95125974 1.22676906e+00
0.95148503 1.19577341e+00
0.95170928 1.16329889e+00
0.95193250 1.12945477e+00
0.95215469 1.09435467e+00
0.95237586 1.05811454e+00
0.95259601 1.02085307e+00
0.95281515 9.82691491e-01
0.95303328 9.43753638e-01
0.95325041 9.04164961e-01
0.95346654 8.64051909e-01
0.95368168 8.23541588e-01
0.95389583 7.82761017e-01
0.95410899 7.41836689e-01
0.95432118 7.00895062e-01
0.95453239 6.60063927e-01
0.95474264 6.19471123e-01
0.95495193 5.79242768e-01
0.95516025 5.39504003e-01
0.95536763 5.00377603e-01
0.95557405 4.61984288e-01
0.95577952 4.24442452e-01
0.95598405 3.87867284e-01
0.95618765 3.52370677e-01
0.95639030 3.18061403e-01
0.95659203 2.85044788e-01
0.95679283 2.53422233e-01
0.95699270 2.23290649e-01
0.95719166 1.94742428e-01
0.95738969 1.67864987e-01
0.95758682 1.42740883e-01
0.95778303 1.19447298e-01
0.95797835 9.80560114e-02
0.95817276 7.86331170e-02
0.95836627 6.12392106e-02
0.95855889 4.59292963e-02
0.95875061 3.27524302e-02
0.95894145 2.17516350e-02
0.95913141 1.29637808e-02
0.95932049 6.41955323e-03
0.95950869 2.14347258e-03
0.95969602 1.53955684e-04
0.95988248 4.63315779e-04
0.96006807 3.07780566e-03
0.96025281 7.99759012e-03
0.96043668 1.52166962e-02
0.96061970 2.47230665e-02
0.96080187 3.64987696e-02
0.96098319 5.05202214e-02
0.96116367 6.67582902e-02
0.96134331 8.51785620e-02
0.96152211 1.05741608e-01
0.96170008 1.28403051e-01
0.96187722 1.53113781e-01
0.96205354 1.79820568e-01
0.96222904 2.08464932e-01
0.96240373 2.38982198e-01
0.96257762 2.71303693e-01
0.96275070 3.05357499e-01
0.96292298 3.41067918e-01
0.96309447 3.78356097e-01
0.96326516 4.17139853e-01
0.96343507 4.57333869e-01
0.96360420 4.98850386e-01
0.96377255 5.41598327e-01
0.96394013 5.85485491e-01
0.96410694 6.30416680e-01
0.96427298 6.76294464e-01
0.96443827 7.23018196e-01
0.96460280 7.70484500e-01
0.96476659 8.18589014e-01
0.96492962 8.67227272e-01
0.96509192 9.16293317e-01
0.96525348 9.65680722e-01
0.96541431 1.01528302e+00
0.96557441 1.06499248e+00
0.96573379 1.11470276e+00
0.96589245 1.16430704e+00
0.96605039 1.21369975e+00
0.96620761 1.26277499e+00
0.96636413 1.31142863e+00
0.96651994 1.35955761e+00
0.96667505 1.40706018e+00
0.96682946 1.45383539e+00
0.96698318 1.49978382e+00
0.96713620 1.54480838e+00
0.96728854 1.58881303e+00
0.96744019 1.63170544e+00
0.96759117 1.67339512e+00
0.96774147 1.71379505e+00
0.96789109 1.75282142e+00
0.96804004 1.79039194e+00
0.96818833 1.82642873e+00
0.96833595 1.86085780e+00
0.96848291 1.89360891e+00
0.96862920 1.92461556e+00
0.96877484 1.95381427e+00
0.96891983 1.98114558e+00
0.96906416 2.00655470e+00
0.96920785 2.02999208e+00
0.96935089 2.05141171e+00
0.96949329 2.07077365e+00
0.96963505 2.08804071e+00
0.96977617 2.10318275e+00
0.96991666 2.11617233e+00
0.97005652 2.12699195e+00
0.97019575 2.13563374e+00
0.97033436 2.14209295e+00
0.97047234 2.14636102e+00
0.97060970 2.14843673e+00
0.97074644 2.14832133e+00
0.97088257 2.14601639e+00
0.97101808 2.14152656e+00
0.97115298 2.13486480e+00
0.97128728 2.12604911e+00
0.97142098 2.11510261e+00
0.97155407 2.10205506e+00
0.97168657 2.08693547e+00
0.97181848 2.06977939e+00
0.97194980 2.05062543e+00
0.97208053 2.02951702e+00
0.97221067 2.00650301e+00
0.97234023 1.98163616e+00
0.97246921 1.95496256e+00
0.97259762 1.92653151e+00
0.97272546 1.89639675e+00
0.97285272 1.86461494e+00
0.97297943 1.83124617e+00
0.97310556 1.79635468e+00
0.97323114 1.76000708e+00
0.97335616 1.72227623e+00
0.97348062 1.68324023e+00
0.97360452 1.64299109e+00
0.97372788 1.60161843e+00
0.97385068 1.55920072e+00
0.97397294 1.51581527e+00
0.97409466 1.47154431e+00
0.97421583 1.42647142e+00
0.97433647 1.38068310e+00
0.97445657 1.33426745e+00
0.97457613 1.28731547e+00
0.97469516 1.23991837e+00
0.97481366 1.19217313e+00
0.97493162 1.14418843e+00
0.97504905 1.09607349e+00
0.97516596 1.04792330e+00
0.97528233 9.99826911e-01
0.97539819 9.51875772e-01
0.97551352 9.04162799e-01
0.97562833 8.56781438e-01
0.97574262 8.09824733e-01
0.97585639 7.63385873e-01
0.97596965 7.17558314e-01
0.97608238 6.72434580e-01
0.97619460 6.28107906e-01
0.97630630 5.84675324e-01
0.97641748 5.42231393e-01
0.97652815 5.00861695e-01
0.97663830 4.60647372e-01
0.97674794 4.21668349e-01
0.97685706 3.84002899e-01
0.97696567 3.47726478e-01
0.97707377 3.12912288e-01
0.97718136 2.79632184e-01
0.97728844 2.47955571e-01
0.97739500 2.17947206e-01
0.97750105 1.89667080e-01
0.97760660 1.63171914e-01
0.97771163 1.38514842e-01
0.97781616 1.15745854e-01
0.97792018 9.49113851e-02
0.97802370 7.60537057e-02
0.97812671 5.92112449e-02
0.97822921 4.44187612e-02
0.97833121 3.17070216e-02
0.97843271 2.11030925e-02
0.97853371 1.26303931e-02
0.97863421 6.30865373e-03
0.97873421 2.15384601e-03
0.97883372 1.78148584e-04
0.97893272 3.89872583e-04
0.97903124 2.79343721e-03
0.97912925 7.38937539e-03
0.97922678 1.41743833e-02
0.97932381 2.31413661e-02
0.97942035 3.42795163e-02
0.97951640 4.75742668e-02
0.97961196 6.30073964e-02
0.97970703 8.05569712e-02
0.97980161 1.00197441e-01
0.97989570 1.21899503e-01
0.97998931 1.45630395e-01
0.98008243 1.71353986e-01
0.98017506 1.99031239e-01
0.98026721 2.28620528e-01
0.98035888 2.60077721e-01
0.98045006 2.93355462e-01
0.98054076 3.28403189e-01
0.98063097 3.65167387e-01
0.98072070 4.03592568e-01
0.98080995 4.43620482e-01
0.98089871 4.85189771e-01
0.98098700 5.28236394e-01
0.98107480 5.72697429e-01
0.98116213 6.18510305e-01
0.98124899 6.65613775e-01
0.98133537 7.13940580e-01
0.98142127 7.63415143e-01
0.98150671 8.13966090e-01
0.98159168 8.65531354e-01
0.98167618 9.18053943e-01
0.98176021 9.71477195e-01
0.98184378 1.02573856e+00
0.98192688 1.08076490e+00
0.98200953 1.13647841e+00
0.98209173 1.19280440e+00
0.98217347 1.24966651e+00
0.98225476 1.30698579e+00
0.98233560 1.36468154e+00
0.98241600 1.42268300e+00
0.98249595 1.48092762e+00
0.98257546 1.53935668e+00
0.98265452 1.59791550e+00
0.98273315 1.65653831e+00
0.98281135 1.71514548e+00
0.98288911 1.77366977e+00
0.98296645 1.83206022e+00
0.98304335 1.89027061e+00
0.98311983 1.94825306e+00
0.98319589 2.00594145e+00
0.98327153 2.06325287e+00
0.98334674 2.12012360e+00
0.98342155 2.17650825e+00
0.98349594 2.23237120e+00
0.98356992 2.28767969e+00
0.98364349 2.34238878e+00
0.98371666 2.39642342e+00
0.98378943 2.44972684e+00
0.98386179 2.50226478e+00
0.98393376 2.55400951e+00
0.98400534 2.60493964e+00
0.98407652 2.65502956e+00
0.98414732 2.70423410e+00
0.98421773 2.75250568e+00
0.98428777 2.79980896e+00
0.98435742 2.84610975e+00
0.98442669 2.89137463e+00
0.98449560 2.93556606e+00
0.98456413 2.97863352e+00
0.98463230 3.02052471e+00
0.98470010 3.06122138e+00
0.98476755 3.10072203e+00
0.98483464 3.13902562e+00
0.98490138 3.17613308e+00
0.98496776 3.21203444e+00
0.98503380 3.24668935e+00
0.98509949 3.28004997e+00
0.98516485 3.31209517e+00
0.98522986 3.34282023e+00
0.98529454 3.37221732e+00
0.98535889 3.40028632e+00
0.98542291 3.42701038e+00
0.98548661 3.45235100e+00
0.98554998 3.47627850e+00
0.98561303 3.49879417e+00
0.98567576 3.51990871e+00
0.98573819 3.53963215e+00
0.98580030 3.55797867e+00
0.98586210 3.57495273e+00
0.98592359 3.59052485e+00
0.98598479 3.60466183e+00
0.98604568 3.61736848e+00
0.98610628 3.62866854e+00
0.98616659 3.63857949e+00
0.98622660 3.64711954e+00
0.98628633 3.65430282e+00
0.98634578 3.66011983e+00
0.98640494 3.66453463e+00
0.98646382 3.66753019e+00
0.98652242 3.66911022e+00
0.98658076 3.66928535e+00
0.98663882 3.66806492e+00
0.98669661 3.66546171e+00
0.98675414 3.66148362e+00
0.98681140 3.65612056e+00
0.98686840 3.64934428e+00
0.98692514 3.64115904e+00
0.98698163 3.63158601e+00
0.98703787 3.62064709e+00
0.98709385 3.60836469e+00
0.98714959 3.59476106e+00
0.98720507 3.57985991e+00
0.98726032 3.56366182e+00
0.98731532 3.54615365e+00
0.98737009 3.52736174e+00
0.98742461 3.50732910e+00
0.98747890 3.48607046e+00
0.98753296 3.46357093e+00
0.98758678 3.43983189e+00
0.98764038 3.41489133e+00
0.98769375 3.38880083e+00
0.98774690 3.36158806e+00
0.98779982 3.33326792e+00
0.98785253 3.30384709e+00
0.98790502 3.27332453e+00
0.98795729 3.24168747e+00
0.98800935 3.20893095e+00
0.98806119 3.17508907e+00
0.98811283 3.14021421e+00
0.98816425 3.10435530e+00
0.98821547 3.06753573e+00
0.98826649 3.02975867e+00
0.98831730 2.99104084e+00
0.98836791 2.95140024e+00
0.98841832 2.91084342e+00
0.98846854 2.86937124e+00
0.98851856 2.82702154e+00
0.98856838 2.78385564e+00
0.98861801 2.73993765e+00
0.98866745 2.69531728e+00
0.98871670 2.65000884e+00
0.98876577 2.60401562e+00
0.98881464 2.55734544e+00
0.98886333 2.51001882e+00
0.98891184 2.46206646e+00
0.98896016 2.41352393e+00
0.98900830 2.36444564e+00
0.98905626 2.31488981e+00
0.98910405 2.26490617e+00
0.98915165 2.21453220e+00
0.98919908 2.16378486e+00
0.98924633 2.11268945e+00
0.98929342 2.06128169e+00
0.98934033 2.00960128e+00
0.98938706 1.95768745e+00
0.98943363 1.90557189e+00
0.98948003 1.85328890e+00
0.98952626 1.80087979e+00
0.98957233 1.74838948e+00
0.98961823 1.69586129e+00
0.98966397 1.64333686e+00
0.98970954 1.59085572e+00
0.98975495 1.53845592e+00
0.98980020 1.48617691e+00
0.98984528 1.43405781e+00
0.98989021 1.38213922e+00
0.98993498 1.33046331e+00
0.98997959 1.27907489e+00
0.99002404 1.22802467e+00
0.99006834 1.17736239e+00
0.99011248 1.12714155e+00
0.99015647 1.07742193e+00
0.99020030 1.02825784e+00
0.99024398 9.79689016e-01
0.99028750 9.31752870e-01
0.99033087 8.84489231e-01
0.99037409 8.37940638e-01
0.99041716 7.92152066e-01
0.99046007 7.47171145e-01
0.99050283 7.03048545e-01
0.99054544 6.59836678e-01
0.99058791 6.17587796e-01
0.99063022 5.76353527e-01
0.99067238 5.36183858e-01
0.99071439 4.97124905e-01
0.99075625 4.59219960e-01
0.99079797 4.22514703e-01
0.99083954 3.87055779e-01
0.99088095 3.52888477e-01
0.99092222 3.20056516e-01
0.99096335 2.88602249e-01
0.99100432 2.58565212e-01
0.99104515 2.29984636e-01
0.99108584 2.02899969e-01
0.99112638 1.77350194e-01
0.99116677 1.53372624e-01
0.99120703 1.31003521e-01
0.99124713 1.10278021e-01
0.99128710 9.12303584e-02
0.99132692 7.38938825e-02
0.99136660 5.83010487e-02
0.99140614 4.44840164e-02
0.99144554 3.24744423e-02
0.99148480 2.23033756e-02
0.99152392 1.40010532e-02
0.99156290 7.59692110e-03
0.99160174 3.11924108e-03
0.99164044 5.95354318e-04
0.99167900 5.16413561e-05
0.99171743 1.51344373e-03
0.99175572 5.00485803e-03
0.99179388 1.05485195e-02
0.99183189 1.81655745e-02
0.99186978 2.78755927e-02
0.99190752 3.96965946e-02
0.99194513 5.36448137e-02
0.99198261 6.97344437e-02
0.99201995 8.79776481e-02
0.99205716 1.08384563e-01
0.99209423 1.30964185e-01
0.99213117 1.55725575e-01
0.99216797 1.82675900e-01
0.99220464 2.11818824e-01
0.99224118 2.43155781e-01
0.99227757 2.76686234e-01
0.99231384 3.12408898e-01
0.99234997 3.50320320e-01
0.99238597 3.90417330e-01
0.99242183 4.32695098e-01
0.99245756 4.77146154e-01
0.99249315 5.23762714e-01
0.99252862 5.72536014e-01
0.99256394 6.23457170e-01
0.99259914 6.76515126e-01
0.99263420 7.31697893e-01
0.99266914 7.88991988e-01
0.99270393 8.48380854e-01
0.99273860 9.09846018e-01
0.99277314 9.73365367e-01
0.99280755 1.03891965e+00
0.99284183 1.10649033e+00
0.99287598 1.17606182e+00
0.99291000 1.24763140e+00
0.99294390 1.32119888e+00
0.99297766 1.39675284e+00
0.99301130 1.47427379e+00
0.99304482 1.55373854e+00
0.99307821 1.63511757e+00
0.99311147 1.71837889e+00
0.99314460 1.80349149e+00
0.99317762 1.89042290e+00
0.99321051 1.97913817e+00
0.99324327 2.06960252e+00
0.99327591 2.16178036e+00
0.99330844 2.25563469e+00
0.99334083 2.35113077e+00
0.99337311 2.44822427e+00
0.99340527 2.54686673e+00
0.99343731 2.64701446e+00
0.99346923 2.74862672e+00
0.99350103 2.85166118e+00
0.99353272 2.95607590e+00
0.99356429 3.06182652e+00
0.99359574 3.16890938e+00
0.99362707 3.27735273e+00
0.99365829 3.38714895e+00
0.99368940 3.49825161e+00
0.99372039 3.61059880e+00
0.99375126 3.72412590e+00
0.99378202 3.83877941e+00
0.99381267 3.95451029e+00
0.99384320 4.07126345e+00
0.99387362 4.18899016e+00
0.99390393 4.30764311e+00
0.99393412 4.42717645e+00
0.99396421 4.54754358e+00
0.99399418 4.66870109e+00
0.99402404 4.79060862e+00
0.99405380 4.91321165e+00
0.99408344 5.03645538e+00
0.99411298 5.16026633e+00
0.99414240 5.28458140e+00
0.99417172 5.40933168e+00
0.99420094 5.53449017e+00
0.99423005 5.66012496e+00
0.99425905 5.78627885e+00
0.99428794 5.91290737e+00
0.99431673 6.03994008e+00
0.99434541 6.16731734e+00
0.99437399 6.29499602e+00
0.99440247 6.42293873e+00
0.99443084 6.55109209e+00
0.99445910 6.67938193e+00
0.99448726 6.80773197e+00
0.99451532 6.93606313e+00
0.99454328 7.06429982e+00
0.99457114 7.19236972e+00
0.99459889 7.32019850e+00
0.99462655 7.44771565e+00
0.99465410 7.57484816e+00
0.99468156 7.70153141e+00
0.99470892 7.82769831e+00
0.99473617 7.95332470e+00
0.99476333 8.07853889e+00
0.99479039 8.20353218e+00
0.99481736 8.32835199e+00
0.99484422 8.45288739e+00
0.99487099 8.57703493e+00
0.99489766 8.70068896e+00
0.99492424 8.82375187e+00
0.99495072 8.94612400e+00
0.99497711 9.06771745e+00
0.99500339 9.18843930e+00
0.99502959 9.30820406e+00
0.99505569 9.42692480e+00
0.99508169 9.54455405e+00
0.99510761 9.66112249e+00
0.99513342 9.77666801e+00
0.99515915 9.89113399e+00
0.99518478 1.00044303e+01
0.99521032 1.01164628e+01
0.99523577 1.02271347e+01
0.99526113 1.03365315e+01
0.99528640 1.04449188e+01
0.99531158 1.05524080e+01
0.99533666 1.06588874e+01
0.99536166 1.07642330e+01
0.99538657 1.08683312e+01
0.99541138 1.09710638e+01
0.99543611 1.10723188e+01
0.99546075 1.11720414e+01
0.99548530 1.12702866e+01
0.99550976 1.13671192e+01
0.99553413 1.14624827e+01
0.99555842 1.15562603e+01
0.99558261 1.16483675e+01
0.99560672 1.17387108e+01
0.99563074 1.18272072e+01
0.99565468 1.19137692e+01
0.99567853 1.19983102e+01
0.99570229 1.20808365e+01
0.99572597 1.21616579e+01
0.99574957 1.22411090e+01
0.99577308 1.23191889e+01
0.99579651 1.23957426e+01
0.99581985 1.24706292e+01
0.99584310 1.25437452e+01
0.99586627 1.26151311e+01
0.99588936 1.26848994e+01
0.99591236 1.27530204e+01
0.99593528 1.28193804e+01
0.99595812 1.28838752e+01
0.99598087 1.29464086e+01
0.99600354 1.30068968e+01
0.99602613 1.30652593e+01
0.99604864 1.31214194e+01
0.99607106 1.31753169e+01
0.99609341 1.32268664e+01
0.99611567 1.32760916e+01
0.99613786 1.33233932e+01
0.99615996 1.33692017e+01
0.99618199 1.34135318e+01
0.99620393 1.34562087e+01
0.99622579 1.34970766e+01
0.99624758 1.35360422e+01
0.99626929 1.35731871e+01
0.99629091 1.36086009e+01
0.99631246 1.36422497e+01
0.99633393 1.36740244e+01
0.99635532 1.37038529e+01
0.99637663 1.37316544e+01
0.99639786 1.37573612e+01
0.99641902 1.37809167e+01
0.99644009 1.38022571e+01
0.99646110 1.38213444e+01
0.99648202 1.38381066e+01
0.99650287 1.38527367e+01
0.99652365 1.38657896e+01
0.99654435 1.38775928e+01
0.99656497 1.38880335e+01
0.99658552 1.38969532e+01
0.99660599 1.39042196e+01
0.99662639 1.39097231e+01
0.99664671 1.39133502e+01
0.99666696 1.39150686e+01
0.99668714 1.39149935e+01
0.99670724 1.39131385e+01
0.99672726 1.39094304e+01
0.99674721 1.39037838e+01
0.99676709 1.38961438e+01
0.99678690 1.38864231e+01
0.99680663 1.38745770e+01
0.99682629 1.38605666e+01
0.99684588 1.38445562e+01
0.99686540 1.38271033e+01
0.99688485 1.38087361e+01
0.99690423 1.37894753e+01
0.99692353 1.37691244e+01
0.99694277 1.37475497e+01
0.99696193 1.37246261e+01
0.99698103 1.37002469e+01
0.99700005 1.36743448e+01
0.99701900 1.36469309e+01
0.99703788 1.36180125e+01
0.99705669 1.35875176e+01
0.99707544 1.35553762e+01
0.99709411 1.35215428e+01
0.99711271 1.34859656e+01
0.99713125 1.34485925e+01
0.99714972 1.34093716e+01
0.99716812 1.33683787e+01
0.99718645 1.33261423e+01
0.99720472 1.32832643e+01
0.99722292 1.32398191e+01
0.99724105 1.31956287e+01
0.99725911 1.31505525e+01
0.99727711 1.31044847e+01
0.99729504 1.30573302e+01
0.99731291 1.30090236e+01
0.99733070 1.29594953e+01
0.99734843 1.29087411e+01
0.99736610 1.28568315e+01
0.99738370 1.28037534e+01
0.99740123 1.27494622e+01
0.99741870 1.26938991e+01
0.99743610 1.26370113e+01
0.99745344 1.25787344e+01
0.99747072 1.25191405e+01
0.99748793 1.24586388e+01
0.99750508 1.23976582e+01
0.99752217 1.23362709e+01
0.99753919 1.22744268e+01
0.99755615 1.22120682e+01
0.99757304 1.21491035e+01
0.99758987 1.20854710e+01
0.99760664 1.20211036e+01
0.99762334 1.19559369e+01
0.99763998 1.18899253e+01
0.99765656 1.18230138e+01
0.99767308 1.17551429e+01
0.99768953 1.16863027e+01
0.99770592 1.16165424e+01
0.99772225 1.15458837e+01
0.99773852 1.14743159e+01
0.99775473 1.14020113e+01
0.99777088 1.13294529e+01
0.99778697 1.12569541e+01
0.99780300 1.11844533e+01
0.99781897 1.11118062e+01
0.99783488 1.10389128e+01
0.99785072 1.09656872e+01
0.99786651 1.08920877e+01
0.99788224 1.08180932e+01
0.99789790 1.07436876e+01
0.99791351 1.06688039e+01
0.99792905 1.05934104e+01
0.99794454 1.05174679e+01
0.99795997 1.04409660e+01
0.99797534 1.03639013e+01
0.99799064 1.02862573e+01
0.99800590 1.02080220e+01
0.99802109 1.01294418e+01
0.99803623 1.00509763e+01
0.99805131 9.97281824e+00
0.99806633 9.89488270e+00
0.99808129 9.81705639e+00
0.99809620 9.73924512e+00
0.99811104 9.66138544e+00
0.99812583 9.58341814e+00
0.99814056 9.50529979e+00
0.99815524 9.42698893e+00
0.99816985 9.34847466e+00
0.99818441 9.26973377e+00
0.99819891 9.19076855e+00
0.99821335 9.11160155e+00
0.99822774 9.03227991e+00
0.99824208 8.95280067e+00
0.99825635 8.87321807e+00
0.99827058 8.79380606e+00
0.99828474 8.71484415e+00
0.99829885 8.63632627e+00
0.99831291 8.55812933e+00
0.99832690 8.48016965e+00
0.99834085 8.40237894e+00
0.99835473 8.32470766e+00
0.99836856 8.24710583e+00
0.99838234 8.16957935e+00
0.99839606 8.09213958e+00
0.99840972 8.01477343e+00
0.99842333 7.93747027e+00
0.99843688 7.86022772e+00
0.99845038 7.78304384e+00
0.99846383 7.70591265e+00
0.99847721 7.62882031e+00
0.99849055 7.55188371e+00
0.99850383 7.47538151e+00
0.99851706 7.39944664e+00
0.99853024 7.32402264e+00
0.99854335 7.24904099e+00
0.99855642 7.17447421e+00
0.99856943 7.10028026e+00
0.99858239 7.02642376e+00
0.99859529 6.95286769e+00
0.99860814 6.87958214e+00
0.99862093 6.80654557e+00
0.99863367 6.73374458e+00
0.99864635 6.66116539e+00
0.99865898 6.58880155e+00
0.99867156 6.51664975e+00
0.99868409 6.44470917e+00
0.99869656 6.37298021e+00
0.99870898 6.30161161e+00
0.99872134 6.23081882e+00
0.99873365 6.16066024e+00
0.99874591 6.09107380e+00
0.99875812 6.02200669e+00
0.99877027 5.95341774e+00
0.99878237 5.88527509e+00
0.99879441 5.81755295e+00
0.99880640 5.75022530e+00
0.99881833 5.68327953e+00
0.99883022 5.61669826e+00
0.99884204 5.55047735e+00
0.99885382 5.48460295e+00
0.99886554 5.41908461e+00
0.99887721 5.35392969e+00
0.99888882 5.28914189e+00
0.99890039 5.22473730e+00
0.99891190 5.16082387e+00
0.99892335 5.09753297e+00
0.99893476 5.03488570e+00
0.99894611 4.97283591e+00
0.99895740 4.91134667e+00
0.99896864 4.85038877e+00
0.99897983 4.78993454e+00
0.99899097 4.72995943e+00
0.99900204 4.67044557e+00
0.99901307 4.61137579e+00
0.99902404 4.55274401e+00
0.99903496 4.49454816e+00
0.99904582 4.43678056e+00
0.99905663 4.37943927e+00
0.99906738 4.32252642e+00
0.99907808 4.26604500e+00
0.99908873 4.21000177e+00
0.99909932 4.15445334e+00
0.99910985 4.09949073e+00
0.99912034 4.04513590e+00
0.99913076 3.99135963e+00
0.99914114 3.93813678e+00
0.99915145 3.88544411e+00
0.99916171 3.83326485e+00
0.99917192 3.78158188e+00
0.99918207 3.73038591e+00
0.99919216 3.67966805e+00
0.99920220 3.62942326e+00
0.99921218 3.57964551e+00
0.99922210 3.53033106e+00
0.99923197 3.48148018e+00
0.99924178 3.43309426e+00
0.99925153 3.38516972e+00
0.99926122 3.33770902e+00
0.99927086 3.29071618e+00
0.99928044 3.24422963e+00
0.99928996 3.19828676e+00
0.99929943 3.15287511e+00
0.99930883 3.10797642e+00
0.99931818 3.06358326e+00
0.99932747 3.01968919e+00
0.99933669 2.97629027e+00
0.99934586 2.93338346e+00
0.99935497 2.89096081e+00
0.99936401 2.84901220e+00
0.99937300 2.80752979e+00
0.99938192 2.76650723e+00
0.99939078 2.72594140e+00
0.99939957 2.68582713e+00
0.99940831 2.64616061e+00
0.99941698 2.60693607e+00
0.99942559 2.56815641e+00
0.99943413 2.52982321e+00
0.99944261 2.49194471e+00
0.99945103 2.45454020e+00
0.99945938 2.41761359e+00
0.99946767 2.38115277e+00
0.99947589 2.34514803e+00
0.99948404 2.30959542e+00
0.99949212 2.27449612e+00
0.99950014 2.23984417e+00
0.99950808 2.20563347e+00
0.99951596 2.17185371e+00
0.99952376 2.13849325e+00
0.99953150 2.10554695e+00
0.99953916 2.07301282e+00
0.99954675 2.04089629e+00
0.99955427 2.00920051e+00
0.99956171 1.97792194e+00
0.99956908 1.94705322e+00
0.99957637 1.91659062e+00
0.99958359 1.88653387e+00
0.99959073 1.85687963e+00
0.99959779 1.82762483e+00
0.99960478 1.79875981e+00
0.99961169 1.77027100e+00
0.99961851 1.74215483e+00
0.99962526 1.71441309e+00
0.99963193 1.68704984e+00
0.99963851 1.66006410e+00
0.99964501 1.63344323e+00
0.99965143 1.60717850e+00
0.99965776 1.58127497e+00
0.99966400 1.55573851e+00
0.99967016 1.53057384e+00
0.99967623 1.50577850e+00
0.99968221 1.48133977e+00
0.99968810 1.45724364e+00
0.99969391 1.43348562e+00
0.99969962 1.41006446e+00
0.99970524 1.38697785e+00
0.99971077 1.36421995e+00
0.99971621 1.34178319e+00
0.99972155 1.31966696e+00
0.99972680 1.29787346e+00
0.99973196 1.27640211e+00
0.99973702 1.25524903e+00
0.99974199 1.23440561e+00
0.99974687 1.21386270e+00
0.99975165 1.19361389e+00
0.99975634 1.17365487e+00
0.99976093 1.15397791e+00
0.99976543 1.13456819e+00
0.99976984 1.11541949e+00
0.99977415 1.09653774e+00
0.99977836 1.07793107e+00
0.99978249 1.05960548e+00
0.99978652 1.04155909e+00
0.99979046 1.02378565e+00
0.99979431 1.00628191e+00
0.99979807 9.89050265e-01
0.99980174 9.72094019e-01
0.99980532 9.55415745e-01
0.99980882 9.39019816e-01
0.99981223 9.22902859e-01
0.99981555 9.07055423e-01
0.99981879 8.91469280e-01
0.99982196 8.76138116e-01
0.99982504 8.61064749e-01
0.99982804 8.46257100e-01
0.99983097 8.31717144e-01
0.99983383 8.17445075e-01
0.99983661 8.03443100e-01
0.99983933 7.89716501e-01
0.99984197 7.76268759e-01
0.99984456 7.63096412e-01
0.99984708 7.50191604e-01
0.99984954 7.37544980e-01
0.99985194 7.25156872e-01
0.99985429 7.13037952e-01
0.99985659 7.01189323e-01
0.99985884 6.89598676e-01
0.99986105 6.78252227e-01
0.99986321 6.67139059e-01
0.99986534 6.56263966e-01
0.99986743 6.45637757e-01
0.99986948 6.35253343e-01
0.99987151 6.25096655e-01
0.99987351 6.15153979e-01
0.99987549 6.05425935e-01
0.99987744 5.95934629e-01
0.99987937 5.86695631e-01
0.99988128 5.77710675e-01
0.99988317 5.68982551e-01
0.99988504 5.60520498e-01
0.99988687 5.52354813e-01
0.99988868 5.44527185e-01
0.99989045 5.37055160e-01
0.99989219 5.29934657e-01
0.99989388 5.23156687e-01
0.99989554 5.16705923e-01
0.99989716 5.10567246e-01
0.99989875 5.04729877e-01
0.99990032 4.99170027e-01
0.99990186 4.93850690e-01
0.99990339 4.88734557e-01
0.99990492 4.83785505e-01
0.99990645 4.78968472e-01
0.99990799 4.74251750e-01
0.99990954 4.69612980e-01
0.99991112 4.65036858e-01
0.99991273 4.60504795e-01
0.99991438 4.55995948e-01
0.99991607 4.51494970e-01
0.99991782 4.46989220e-01
0.99991962 4.42466682e-01
0.99992147 4.37914968e-01
0.99992339 4.33325594e-01
0.99992538 4.28698151e-01
0.99992743 4.24036281e-01
0.99992956 4.19339642e-01
0.99993176 4.14605474e-01
0.99993404 4.09832497e-01
0.99993638 4.05020707e-01
0.99993880 4.00169805e-01
0.99994129 3.95279713e-01
0.99994386 3.90353893e-01
0.99994649 3.85401355e-01
0.99994919 3.80429100e-01
0.99995196 3.75438139e-01
0.99995480 3.70428758e-01
0.99995770 3.65403087e-01
0.99996066 3.60364196e-01
0.99996367 3.55316889e-01
0.99996675 3.50267972e-01
0.99996988 3.45229036e-01
0.99997306 3.40217477e-01
0.99997629 3.35244705e-01
0.99997956 3.30307228e-01
0.99998288 3.25387583e-01
0.99998623 3.20462646e-01
0.99998963 3.15519103e-01
0.99999305 3.10559075e-01
0.99999651 3.05593800e-01
1.00000000 3.00633787e-01
1.00000925 2.87768425e-01
1.00001867 2.75182982e-01
1.00002824 2.63160435e-01
1.00003791 2.51795346e-01
1.00004767 2.40780505e-01
1.00005749 2.29931441e-01
1.00006734 2.19398958e-01
1.00007723 2.09315318e-01
1.00008712 1.99638389e-01
1.00009701 1.90320763e-01
1.00010689 1.81397947e-01
1.00011673 1.72878133e-01
1.00012652 1.64686242e-01
1.00013628 1.56777277e-01
1.00014600 1.49210184e-01
1.00015568 1.42082544e-01
1.00016534 1.35405453e-01
1.00017496 1.29084346e-01
1.00018452 1.23013695e-01
1.00019402 1.17119844e-01
1.00020346 1.11409417e-01
1.00021284 1.05953225e-01
1.00022216 1.00769736e-01
1.00023144 9.58340283e-02
1.00024066 9.11392639e-02
1.00024981 8.66832053e-02
1.00025890 8.24520734e-02
1.00026794 7.84285428e-02
1.00027693 7.45995601e-02
1.00028588 7.09528452e-02
1.00029480 6.74788208e-02
1.00030370 6.41706509e-02
1.00031256 6.10208815e-02
1.00032140 5.80211630e-02
1.00033022 5.51635029e-02
1.00033902 5.24415255e-02
1.00034780 4.98495569e-02
1.00035658 4.73820438e-02
1.00036534 4.50340062e-02
1.00037410 4.28001589e-02
1.00038285 4.06745450e-02
1.00039160 3.86511481e-02
1.00040033 3.67245112e-02
1.00040906 3.48902457e-02
1.00041778 3.31451907e-02
1.00042650 3.14859239e-02
1.00043520 2.99077697e-02
1.00044390 2.84059776e-02
1.00045259 2.69766745e-02
1.00046128 2.56162958e-02
1.00046995 2.43221736e-02
1.00047860 2.30931097e-02
1.00048725 2.19278626e-02
1.00049588 2.08244048e-02
1.00050450 1.97793284e-02
1.00051310 1.87885420e-02
1.00052168 1.78492799e-02
1.00053025 1.69595822e-02
1.00053881 1.61172951e-02
1.00054734 1.53199113e-02
1.00055586 1.45645731e-02
1.00056436 1.38486173e-02
1.00057285 1.31697327e-02
1.00058131 1.25258262e-02
1.00058975 1.19149465e-02
1.00059817 1.13352828e-02
1.00060657 1.07853105e-02
1.00061494 1.02636640e-02
1.00062328 9.76902265e-03
1.00063159 9.29999802e-03
1.00063988 8.85515383e-03
1.00064813 8.43322306e-03
1.00065634 8.03317892e-03
1.00066451 7.65406205e-03
1.00067265 7.29487838e-03
1.00068073 6.95455249e-03
1.00068877 6.63204225e-03
1.00069676 6.32651811e-03
1.00070468 6.03724394e-03
1.00071255 5.76346841e-03
