# ADIPLS gamma1,rho kernel K_(Gamma1,rho)(r) for Model S
# Code: ADIPLS (bundled with MESA 26.04.1), igm1kr=1, variational, istsbc=1, icow=0, mdintg=5
# Model: fgong.l5bi.d.15c (md5 8a076ec1810e9871cdf21f6ecdf72016), G=6.67430e-8 cgs
# Mode: l=1 n=16 nu=2426.7052 uHz
# ADIPLS convention: delta(omega)/omega = INTEGRAL[ K * delta(Gamma1) * dx ], x=r/R  (ABSOLUTE delta Gamma1; see README.md)
# columns: x=r/R    K_gamma1_rho
0.00000000 0.00000000e+00
0.00139108 3.53461232e-08
0.00140979 3.72277163e-08
0.00142875 3.92883056e-08
0.00144796 4.14430153e-08
0.00146744 4.37157303e-08
0.00148717 4.61148626e-08
0.00150717 4.86455818e-08
0.00152744 5.13152424e-08
0.00154798 5.41314928e-08
0.00156880 5.71022262e-08
0.00158990 6.02358714e-08
0.00161128 6.35414959e-08
0.00163295 6.70286078e-08
0.00165491 7.07070560e-08
0.00167716 7.45872833e-08
0.00169972 7.86804515e-08
0.00172258 8.29984087e-08
0.00174574 8.75532733e-08
0.00176922 9.23579213e-08
0.00179301 9.74260556e-08
0.00181713 1.02772037e-07
0.00184156 1.08411276e-07
0.00186633 1.14360435e-07
0.00189143 1.20637036e-07
0.00191686 1.27258615e-07
0.00194264 1.34242346e-07
0.00196877 1.41607287e-07
0.00199525 1.49375728e-07
0.00202208 1.57571949e-07
0.00204927 1.66219475e-07
0.00207683 1.75341572e-07
0.00210476 1.84963309e-07
0.00213306 1.95112412e-07
0.00216175 2.05818377e-07
0.00219082 2.17111769e-07
0.00222029 2.29024743e-07
0.00225014 2.41591362e-07
0.00228040 2.54847423e-07
0.00231107 2.68830819e-07
0.00234215 2.83581296e-07
0.00237365 2.99140757e-07
0.00240557 3.15553955e-07
0.00243792 3.32867610e-07
0.00247071 3.51131056e-07
0.00250394 3.70396289e-07
0.00253761 3.90718377e-07
0.00257174 4.12155273e-07
0.00260632 4.34768019e-07
0.00264137 4.58621149e-07
0.00267689 4.83782609e-07
0.00271289 5.10324078e-07
0.00274938 5.38321455e-07
0.00278635 5.67854427e-07
0.00282382 5.99007239e-07
0.00286180 6.31868659e-07
0.00290029 6.66532240e-07
0.00293929 7.03097059e-07
0.00297882 7.41667113e-07
0.00301888 7.82352449e-07
0.00305948 8.25269067e-07
0.00310062 8.70539182e-07
0.00314232 9.18291447e-07
0.00318458 9.68662340e-07
0.00322741 1.02179569e-06
0.00327081 1.07784252e-06
0.00331480 1.13696198e-06
0.00335938 1.19932329e-06
0.00340455 1.26510413e-06
0.00345034 1.33449086e-06
0.00349674 1.40768150e-06
0.00354377 1.48488509e-06
0.00359142 1.56632157e-06
0.00363972 1.65222228e-06
0.00368867 1.74283159e-06
0.00373828 1.83840696e-06
0.00378855 1.93922189e-06
0.00383950 2.04556326e-06
0.00389113 2.15773231e-06
0.00394346 2.27604894e-06
0.00399649 2.40085119e-06
0.00405024 2.53249261e-06
0.00410471 2.67134706e-06
0.00415991 2.81781051e-06
0.00421585 2.97229985e-06
0.00427255 3.13525365e-06
0.00433000 3.30713516e-06
0.00438823 3.48843570e-06
0.00444725 3.67966692e-06
0.00450705 3.88137387e-06
0.00456766 4.09412947e-06
0.00462909 4.31853960e-06
0.00469134 4.55524171e-06
0.00475443 4.80490720e-06
0.00481837 5.06824546e-06
0.00488316 5.34600511e-06
0.00494883 5.63897322e-06
0.00501538 5.94798169e-06
0.00508283 6.27391126e-06
0.00515118 6.61768219e-06
0.00522045 6.98027135e-06
0.00529065 7.36270665e-06
0.00536180 7.76607477e-06
0.00543390 8.19151855e-06
0.00550697 8.64024546e-06
0.00558102 9.11352442e-06
0.00565607 9.61270116e-06
0.00573213 1.01391871e-05
0.00580921 1.06944757e-05
0.00588732 1.12801306e-05
0.00596649 1.18978189e-05
0.00604672 1.25492862e-05
0.00612802 1.32363745e-05
0.00621042 1.39610350e-05
0.00629393 1.47253127e-05
0.00637856 1.55313652e-05
0.00646433 1.63814607e-05
0.00655124 1.72780127e-05
0.00663933 1.82235636e-05
0.00672860 1.92207693e-05
0.00681907 2.02724482e-05
0.00691075 2.13815707e-05
0.00700366 2.25512446e-05
0.00709783 2.37847954e-05
0.00719325 2.50856972e-05
0.00728996 2.64575823e-05
0.00738796 2.79043369e-05
0.00748729 2.94300478e-05
0.00758794 3.10389870e-05
0.00768994 3.27356665e-05
0.00779332 3.45248819e-05
0.00789808 3.64116342e-05
0.00800425 3.84012329e-05
0.00811184 4.04992663e-05
0.00822087 4.27116077e-05
0.00833136 4.50444559e-05
0.00844334 4.75043458e-05
0.00855682 5.00981769e-05
0.00867182 5.28331816e-05
0.00878835 5.57170069e-05
0.00890645 5.87576996e-05
0.00902614 6.19637666e-05
0.00914742 6.53441810e-05
0.00927033 6.89082964e-05
0.00939488 7.26660509e-05
0.00952110 7.66279127e-05
0.00964901 8.08048995e-05
0.00977863 8.52086372e-05
0.00990998 8.98512780e-05
0.01004309 9.47457270e-05
0.01017797 9.99055028e-05
0.01031466 1.05344911e-04
0.01045317 1.11078989e-04
0.01059352 1.17123500e-04
0.01073575 1.23495131e-04
0.01087988 1.30211501e-04
0.01102593 1.37290994e-04
0.01117392 1.44753071e-04
0.01132388 1.52618117e-04
0.01147584 1.60907713e-04
0.01162981 1.69644529e-04
0.01178583 1.78852417e-04
0.01194393 1.88556430e-04
0.01210412 1.98783060e-04
0.01226643 2.09559969e-04
0.01243090 2.20916427e-04
0.01259754 2.32883005e-04
0.01276639 2.45492095e-04
0.01293747 2.58777740e-04
0.01311080 2.72775752e-04
0.01328642 2.87523534e-04
0.01346436 3.03060404e-04
0.01364464 3.19427902e-04
0.01382728 3.36669811e-04
0.01401233 3.54831958e-04
0.01419980 3.73962160e-04
0.01438973 3.94110841e-04
0.01458213 4.15331417e-04
0.01477705 4.37679585e-04
0.01497452 4.61213603e-04
0.01517455 4.85994908e-04
0.01537717 5.12087788e-04
0.01558243 5.39559844e-04
0.01579034 5.68482169e-04
0.01600094 5.98928765e-04
0.01621425 6.30977753e-04
0.01643031 6.64710901e-04
0.01664913 7.00213432e-04
0.01687076 7.37574866e-04
0.01709522 7.76889599e-04
0.01732253 8.18255134e-04
0.01755273 8.61774548e-04
0.01778584 9.07555747e-04
0.01802189 9.55711385e-04
0.01826091 1.00635881e-03
0.01850292 1.05962101e-03
0.01874796 1.11562692e-03
0.01899604 1.17451037e-03
0.01924720 1.23641148e-03
0.01950146 1.30147625e-03
0.01975883 1.36985768e-03
0.02001936 1.44171547e-03
0.02028306 1.51721479e-03
0.02054995 1.59652711e-03
0.02082005 1.67983371e-03
0.02109339 1.76732165e-03
0.02136999 1.85918480e-03
0.02164986 1.95562621e-03
0.02193302 2.05685550e-03
0.02221950 2.16309067e-03
0.02250930 2.27455897e-03
0.02280244 2.39149446e-03
0.02309893 2.51413920e-03
0.02339879 2.64274685e-03
0.02370203 2.77757747e-03
0.02400865 2.91889973e-03
0.02431867 3.06699387e-03
0.02463209 3.22214581e-03
0.02494891 3.38465318e-03
0.02526915 3.55482315e-03
0.02559279 3.73296795e-03
0.02591984 3.91941171e-03
0.02625029 4.11448813e-03
0.02658415 4.31854066e-03
0.02692140 4.53192080e-03
0.02726205 4.75498373e-03
0.02760607 4.98810266e-03
0.02795345 5.23165594e-03
0.02830418 5.48602318e-03
0.02865825 5.75160027e-03
0.02901563 6.02878896e-03
0.02937632 6.31800309e-03
0.02974027 6.61965173e-03
0.03010748 6.93415929e-03
0.03047790 7.26195230e-03
0.03085151 7.60347024e-03
0.03122829 7.95914773e-03
0.03160820 8.32943421e-03
0.03199120 8.71477965e-03
0.03237725 9.11563805e-03
0.03276633 9.53246671e-03
0.03315839 9.96572468e-03
0.03355338 1.04158686e-02
0.03395126 1.08833612e-02
0.03435199 1.13686683e-02
0.03475552 1.18722554e-02
0.03516181 1.23945937e-02
0.03557080 1.29361429e-02
0.03598244 1.34973532e-02
0.03639668 1.40786808e-02
0.03681346 1.46805840e-02
0.03723274 1.53035156e-02
0.03765447 1.59479256e-02
0.03807858 1.66142455e-02
0.03850501 1.73029042e-02
0.03893373 1.80143396e-02
0.03936466 1.87489713e-02
0.03979775 1.95072131e-02
0.04023296 2.02894546e-02
0.04067021 2.10960916e-02
0.04110945 2.19275136e-02
0.04155064 2.27841093e-02
0.04199371 2.36662287e-02
0.04243860 2.45742061e-02
0.04288527 2.55084089e-02
0.04333367 2.64691509e-02
0.04378373 2.74567543e-02
0.04423540 2.84715110e-02
0.04468864 2.95136975e-02
0.04514339 3.05836230e-02
0.04559961 3.16815315e-02
0.04605724 3.28076651e-02
0.04651624 3.39622694e-02
0.04697655 3.51455316e-02
0.04743815 3.63576533e-02
0.04790097 3.75988614e-02
0.04836499 3.88693046e-02
0.04883015 4.01691357e-02
0.04929642 4.14984895e-02
0.04976375 4.28575002e-02
0.05023212 4.42462797e-02
0.05070148 4.56649099e-02
0.05117180 4.71134662e-02
0.05164305 4.85920195e-02
0.05211519 5.01006051e-02
0.05258819 5.16392665e-02
0.05306202 5.32080252e-02
0.05353666 5.48068415e-02
0.05401207 5.64356866e-02
0.05448824 5.80945919e-02
0.05496514 5.97834697e-02
0.05544273 6.15022354e-02
0.05592099 6.32508132e-02
0.05639992 6.50291024e-02
0.05687949 6.68370132e-02
0.05735968 6.86744058e-02
0.05784047 7.05410978e-02
0.05832184 7.24369509e-02
0.05880379 7.43618138e-02
0.05928628 7.63154776e-02
0.05976932 7.82977164e-02
0.06025288 8.03082872e-02
0.06073696 8.23469874e-02
0.06122155 8.44135981e-02
0.06170664 8.65077807e-02
0.06219220 8.86292521e-02
0.06267824 9.07777497e-02
0.06316476 9.29529715e-02
0.06365174 9.51545247e-02
0.06413917 9.73820922e-02
0.06462705 9.96352882e-02
0.06511539 1.01913772e-01
0.06560416 1.04217189e-01
0.06609337 1.06545025e-01
0.06658302 1.08896901e-01
0.06707311 1.11272441e-01
0.06756363 1.13671164e-01
0.06805458 1.16092630e-01
0.06854596 1.18536301e-01
0.06903777 1.21001691e-01
0.06953002 1.23488306e-01
0.07002271 1.25995639e-01
0.07051583 1.28523163e-01
0.07100938 1.31070280e-01
0.07150339 1.33636455e-01
0.07199783 1.36221087e-01
0.07249272 1.38823621e-01
0.07298807 1.41443482e-01
0.07348387 1.44079946e-01
0.07398014 1.46732382e-01
0.07447687 1.49400218e-01
0.07497408 1.52082752e-01
0.07547176 1.54779299e-01
0.07596993 1.57489225e-01
0.07646859 1.60211749e-01
0.07696776 1.62946241e-01
0.07746744 1.65691945e-01
0.07796764 1.68448025e-01
0.07846837 1.71213800e-01
0.07896963 1.73988570e-01
0.07947144 1.76771436e-01
0.07997381 1.79561673e-01
0.08047674 1.82358359e-01
0.08098024 1.85160730e-01
0.08148432 1.87967953e-01
0.08198902 1.90779267e-01
0.08249433 1.93593777e-01
0.08300025 1.96410466e-01
0.08350680 1.99228503e-01
0.08401400 2.02047095e-01
0.08452187 2.04865259e-01
0.08503040 2.07681987e-01
0.08553960 2.10496506e-01
0.08604950 2.13307731e-01
0.08656011 2.16114666e-01
0.08707143 2.18916380e-01
0.08758349 2.21711789e-01
0.08809629 2.24499993e-01
0.08860985 2.27279947e-01
0.08912419 2.30050609e-01
0.08963932 2.32810831e-01
0.09015524 2.35559569e-01
0.09067198 2.38295815e-01
0.09118955 2.41018540e-01
0.09170796 2.43726445e-01
0.09222723 2.46418561e-01
0.09274738 2.49093665e-01
0.09326842 2.51750598e-01
0.09379036 2.54388220e-01
0.09431322 2.57005361e-01
0.09483702 2.59601036e-01
0.09536178 2.62173653e-01
0.09588750 2.64722291e-01
0.09641421 2.67245688e-01
0.09694191 2.69742481e-01
0.09747064 2.72211576e-01
0.09800041 2.74651600e-01
0.09853124 2.77061432e-01
0.09906314 2.79439741e-01
0.09959612 2.81785175e-01
0.10013022 2.84096532e-01
0.10066545 2.86372361e-01
0.10120182 2.88611519e-01
0.10173936 2.90812701e-01
0.10227809 2.92974511e-01
0.10281802 2.95095478e-01
0.10335917 2.97174419e-01
0.10390157 2.99209925e-01
0.10444523 3.01200559e-01
0.10499018 3.03144955e-01
0.10553644 3.05041968e-01
0.10608402 3.06889988e-01
0.10663294 3.08687493e-01
0.10718324 3.10433416e-01
0.10773492 3.12126237e-01
0.10828802 3.13764441e-01
0.10884255 3.15346655e-01
0.10939854 3.16871542e-01
0.10995601 3.18337639e-01
0.11051498 3.19743514e-01
0.11107547 3.21087798e-01
0.11163750 3.22368977e-01
0.11220111 3.23585657e-01
0.11276631 3.24736371e-01
0.11333313 3.25819721e-01
0.11390159 3.26834373e-01
0.11447172 3.27778845e-01
0.11504354 3.28651659e-01
0.11561706 3.29451576e-01
0.11619233 3.30177104e-01
0.11676936 3.30826812e-01
0.11734817 3.31399372e-01
0.11792880 3.31893378e-01
0.11851127 3.32307523e-01
0.11909560 3.32640255e-01
0.11968183 3.32890400e-01
0.12026996 3.33056753e-01
0.12086003 3.33137793e-01
0.12145207 3.33132272e-01
0.12204610 3.33038910e-01
0.12264215 3.32856564e-01
0.12324024 3.32583940e-01
0.12384040 3.32219932e-01
0.12444266 3.31763284e-01
0.12504705 3.31212853e-01
0.12565359 3.30567581e-01
0.12626230 3.29826357e-01
0.12687321 3.28988054e-01
0.12748635 3.28051700e-01
0.12810174 3.27016444e-01
0.12871941 3.25881368e-01
0.12933939 3.24645577e-01
0.12996170 3.23308282e-01
0.13058637 3.21868675e-01
0.13121342 3.20326188e-01
0.13184288 3.18680062e-01
0.13247477 3.16929644e-01
0.13310912 3.15074501e-01
0.13374596 3.13114300e-01
0.13438529 3.11048632e-01
0.13502716 3.08877146e-01
0.13567159 3.06599511e-01
0.13631860 3.04215626e-01
0.13696820 3.01725545e-01
0.13762044 2.99129238e-01
0.13827532 2.96426903e-01
0.13893287 2.93618806e-01
0.13959311 2.90705225e-01
0.14025607 2.87686612e-01
0.14092176 2.84563528e-01
0.14159020 2.81336611e-01
0.14226141 2.78006557e-01
0.14293542 2.74574369e-01
0.14361223 2.71041200e-01
0.14429188 2.67408150e-01
0.14497437 2.63676476e-01
0.14565971 2.59847559e-01
0.14634794 2.55923065e-01
0.14703905 2.51904933e-01
0.14773307 2.47794706e-01
0.14843000 2.43594704e-01
0.14912986 2.39307037e-01
0.14983267 2.34933957e-01
0.15053843 2.30478157e-01
0.15124715 2.25942335e-01
0.15195884 2.21329380e-01
0.15267351 2.16642200e-01
0.15339115 2.11884135e-01
0.15411179 2.07058665e-01
0.15483541 2.02169320e-01
0.15556203 1.97219819e-01
0.15629164 1.92214103e-01
0.15702424 1.87156282e-01
0.15775982 1.82050734e-01
0.15849839 1.76901978e-01
0.15923995 1.71714612e-01
0.15998448 1.66493548e-01
0.16073197 1.61243855e-01
0.16148242 1.55970747e-01
0.16223583 1.50679629e-01
0.16299217 1.45376046e-01
0.16375143 1.40065767e-01
0.16451361 1.34754843e-01
0.16527867 1.29449248e-01
0.16604662 1.24155178e-01
0.16681743 1.18879073e-01
0.16759107 1.13627455e-01
0.16836754 1.08407000e-01
0.16914680 1.03224497e-01
0.16992884 9.80868640e-02
0.17071362 9.30010932e-02
0.17150113 8.79743170e-02
0.17229134 8.30137167e-02
0.17308421 7.81265803e-02
0.17387971 7.33202229e-02
0.17467783 6.86020817e-02
0.17547852 6.39795162e-02
0.17628175 5.94599955e-02
0.17708748 5.50509624e-02
0.17789570 5.07598535e-02
0.17870634 4.65940673e-02
0.17951939 4.25609910e-02
0.18033480 3.86679237e-02
0.18115254 3.49220939e-02
0.18197256 3.13306351e-02
0.18279485 2.79005814e-02
0.18361935 2.46388225e-02
0.18444604 2.15520957e-02
0.18527487 1.86470016e-02
0.18610582 1.59299602e-02
0.18693884 1.34071952e-02
0.18777389 1.10847222e-02
0.18861094 8.96833009e-03
0.18944994 7.06355009e-03
0.19029085 5.37565197e-03
0.19113364 3.90961380e-03
0.19197826 2.67012211e-03
0.19282467 1.66153701e-03
0.19367283 8.87883573e-04
0.19452269 3.52832987e-04
0.19537421 5.96890791e-05
0.19622735 1.13702184e-05
0.19708207 2.10395314e-04
0.19793831 6.58869408e-04
0.19879604 1.35847073e-03
0.19965521 2.31043993e-03
0.20051579 3.51556818e-03
0.20137771 4.97419073e-03
0.20224096 6.68617857e-03
0.20310548 8.65092622e-03
0.20397125 1.08673504e-02
0.20483820 1.33338679e-02
0.20570633 1.60484266e-02
0.20657557 1.90084649e-02
0.20744590 2.22109338e-02
0.20831728 2.56522857e-02
0.20918967 2.93284562e-02
0.21006305 3.32349037e-02
0.21093738 3.73665876e-02
0.21181261 4.17179866e-02
0.21268873 4.62831078e-02
0.21356570 5.10554205e-02
0.21444349 5.60279537e-02
0.21532207 6.11932784e-02
0.21620140 6.65434992e-02
0.21708147 7.20702300e-02
0.21796223 7.77647294e-02
0.21884367 8.36177420e-02
0.21972575 8.96196481e-02
0.22060845 9.57604617e-02
0.22149175 1.02029698e-01
0.22237561 1.08416668e-01
0.22326002 1.14910237e-01
0.22414495 1.21498951e-01
0.22503037 1.28171119e-01
0.22591627 1.34914676e-01
0.22680263 1.41717333e-01
0.22768942 1.48566516e-01
0.22857661 1.55449528e-01
0.22946420 1.62353422e-01
0.23035216 1.69265109e-01
0.23124047 1.76171303e-01
0.23212912 1.83058630e-01
0.23301808 1.89913673e-01
0.23390734 1.96722917e-01
0.23479688 2.03472808e-01
0.23568668 2.10149858e-01
0.23657674 2.16740439e-01
0.23746703 2.23231133e-01
0.23835755 2.29608646e-01
0.23924829 2.35859712e-01
0.24013923 2.41971245e-01
0.24103037 2.47930383e-01
0.24192170 2.53724202e-01
0.24281323 2.59340474e-01
0.24370496 2.64766808e-01
0.24459689 2.69991412e-01
0.24548904 2.75002779e-01
0.24638142 2.79789690e-01
0.24727407 2.84341045e-01
0.24816700 2.88646538e-01
0.24906027 2.92696321e-01
0.24995391 2.96480515e-01
0.25084798 2.99989834e-01
0.25174254 3.03215664e-01
0.25263767 3.06149550e-01
0.25353346 3.08783795e-01
0.25442999 3.11110724e-01
0.25532737 3.13123484e-01
0.25622573 3.14815556e-01
0.25712518 3.16180903e-01
0.25802585 3.17213971e-01
0.25892788 3.17909687e-01
0.25983142 3.18263277e-01
0.26073660 3.18270538e-01
0.26164356 3.17927757e-01
0.26255244 3.17231952e-01
0.26346335 3.16180453e-01
0.26437642 3.14771460e-01
0.26529174 3.13003621e-01
0.26620938 3.10876486e-01
0.26712939 3.08390612e-01
0.26805179 3.05547302e-01
0.26897658 3.02348727e-01
0.26990370 2.98798185e-01
0.27083309 2.94900050e-01
0.27176462 2.90660198e-01
0.27269815 2.86085682e-01
0.27363349 2.81184913e-01
0.27457045 2.75967720e-01
0.27550879 2.70445173e-01
0.27644826 2.64629810e-01
0.27738859 2.58535474e-01
0.27832952 2.52177344e-01
0.27927079 2.45571680e-01
0.28021212 2.38735384e-01
0.28115327 2.31686624e-01
0.28209400 2.24444400e-01
0.28303409 2.17028246e-01
0.28397337 2.09457977e-01
0.28491166 2.01754026e-01
0.28584883 1.93937175e-01
0.28678477 1.86028145e-01
0.28771938 1.78047955e-01
0.28865262 1.70017469e-01
0.28958445 1.61957743e-01
0.29051484 1.53889584e-01
0.29144381 1.45833768e-01
0.29237136 1.37810782e-01
0.29329753 1.29841070e-01
0.29422236 1.21944901e-01
0.29514590 1.14142149e-01
0.29606821 1.06452563e-01
0.29698935 9.88955723e-02
0.29790938 9.14902717e-02
0.29882839 8.42555480e-02
0.29974642 7.72098647e-02
0.30066357 7.03713269e-02
0.30157988 6.37576556e-02
0.30249544 5.73860361e-02
0.30341031 5.12733040e-02
0.30432454 4.54357921e-02
0.30523821 3.98892312e-02
0.30615136 3.46487778e-02
0.30706406 2.97290202e-02
0.30797636 2.51438722e-02
0.30888831 2.09065517e-02
0.30979995 1.70295437e-02
0.31071133 1.35245617e-02
0.31162249 1.04025213e-02
0.31253347 7.67348307e-03
0.31344430 5.34662210e-03
0.31435503 3.43020103e-03
0.31526567 1.93152223e-03
0.31617626 8.56907969e-04
0.31708683 2.11662779e-04
0.31799741 4.61592039e-08
0.31890801 2.25246697e-04
0.31981865 8.89360437e-04
0.32072937 1.99336856e-03
0.32164018 3.53712036e-03
0.32255109 5.51931229e-03
0.32346212 7.93747976e-03
0.32437329 1.07879917e-02
0.32528461 1.40660295e-02
0.32619609 1.77655934e-02
0.32710775 2.18795075e-02
0.32801960 2.63994183e-02
0.32893165 3.13157633e-02
0.32984390 3.66178350e-02
0.33075637 4.22938029e-02
0.33166907 4.83306585e-02
0.33258200 5.47143147e-02
0.33349517 6.14296004e-02
0.33440859 6.84602447e-02
0.33532226 7.57889455e-02
0.33623620 8.33973984e-02
0.33715040 9.12664338e-02
0.33806487 9.93758762e-02
0.33897962 1.07704703e-01
0.33989465 1.16231071e-01
0.34080996 1.24932342e-01
0.34172557 1.33785218e-01
0.34264147 1.42765640e-01
0.34355767 1.51849094e-01
0.34447418 1.61010497e-01
0.34539098 1.70224174e-01
0.34630810 1.79464092e-01
0.34722552 1.88704088e-01
0.34814327 1.97917577e-01
0.34906133 2.07077692e-01
0.34997971 2.16157741e-01
0.35089841 2.25130724e-01
0.35181744 2.33969911e-01
0.35273679 2.42648582e-01
0.35365648 2.51140278e-01
0.35457649 2.59418891e-01
0.35549684 2.67458630e-01
0.35641753 2.75234338e-01
0.35733856 2.82721133e-01
0.35825993 2.89895045e-01
0.35918164 2.96732647e-01
0.36010370 3.03211331e-01
0.36102610 3.09309497e-01
0.36194886 3.15006322e-01
0.36287197 3.20282198e-01
0.36379544 3.25118498e-01
0.36471927 3.29497850e-01
0.36564346 3.33404176e-01
0.36656801 3.36822697e-01
0.36749292 3.39739829e-01
0.36841820 3.42143881e-01
0.36934385 3.44024256e-01
0.37026988 3.45372001e-01
0.37119627 3.46180041e-01
0.37212304 3.46442845e-01
0.37305019 3.46156276e-01
0.37397772 3.45318015e-01
0.37490563 3.43927524e-01
0.37583392 3.41986086e-01
0.37676260 3.39497052e-01
0.37769167 3.36465080e-01
0.37862113 3.32896955e-01
0.37955098 3.28801171e-01
0.38048122 3.24188100e-01
0.38141187 3.19069932e-01
0.38234291 3.13460788e-01
0.38327435 3.07376132e-01
0.38420619 3.00833566e-01
0.38513845 2.93852381e-01
0.38607110 2.86453225e-01
0.38700417 2.78658591e-01
0.38793765 2.70492458e-01
0.38887155 2.61980317e-01
0.38980586 2.53149223e-01
0.39074059 2.44027306e-01
0.39167574 2.34644268e-01
0.39261132 2.25030675e-01
0.39354732 2.15218461e-01
0.39448375 2.05240600e-01
0.39542060 1.95130882e-01
0.39635790 1.84923854e-01
0.39729563 1.74654870e-01
0.39823379 1.64359555e-01
0.39917240 1.54074392e-01
0.40011145 1.43836079e-01
0.40105095 1.33681395e-01
0.40199089 1.23647340e-01
0.40293129 1.13770824e-01
0.40387215 1.04088438e-01
0.40481346 9.46367449e-02
0.40575520 8.54519978e-02
0.40669745 7.65687571e-02
0.40764055 6.80186657e-02
0.40858429 5.98379526e-02
0.40952611 5.20799495e-02
0.41046221 4.48017517e-02
0.41139307 3.80206967e-02
0.41232541 3.17123339e-02
0.41326485 2.58712979e-02
0.41421026 2.05402538e-02
0.41515758 1.57721776e-02
0.41610492 1.15997223e-02
0.41705244 8.04177510e-03
0.41800047 5.11496095e-03
0.41894904 2.83522059e-03
0.41989812 1.21638003e-03
0.42084771 2.69794441e-04
0.42179781 4.36751088e-06
0.42274844 4.26502146e-04
0.42369959 1.54003588e-03
0.42465127 3.34618762e-03
0.42560347 5.84352400e-03
0.42655621 9.02791369e-03
0.42750948 1.28925235e-02
0.42846330 1.74277822e-02
0.42941766 2.26214038e-02
0.43037256 2.84583753e-02
0.43132801 3.49210262e-02
0.43228402 4.19889743e-02
0.43324059 4.96392446e-02
0.43419771 5.78462778e-02
0.43515540 6.65820599e-02
0.43611365 7.58161025e-02
0.43707248 8.55156305e-02
0.43803188 9.56456091e-02
0.43899186 1.06168857e-01
0.43995242 1.17046200e-01
0.44091357 1.28236674e-01
0.44187530 1.39697462e-01
0.44283762 1.51384242e-01
0.44380054 1.63251323e-01
0.44476406 1.75251695e-01
0.44572818 1.87337249e-01
0.44669291 1.99458981e-01
0.44765824 2.11567455e-01
0.44862419 2.23612337e-01
0.44959075 2.35543360e-01
0.45055793 2.47310003e-01
0.45152574 2.58862055e-01
0.45249417 2.70149284e-01
0.45346322 2.81122422e-01
0.45443291 2.91732809e-01
0.45540324 3.01932994e-01
0.45637421 3.11676781e-01
0.45734581 3.20919155e-01
0.45831807 3.29616918e-01
0.45929097 3.37728870e-01
0.46026452 3.45216002e-01
0.46123873 3.52041353e-01
0.46221359 3.58170776e-01
0.46318912 3.63572516e-01
0.46416531 3.68217964e-01
0.46514216 3.72081655e-01
0.46611969 3.75141180e-01
0.46709788 3.77377292e-01
0.46807675 3.78774771e-01
0.46905630 3.79321712e-01
0.47003653 3.79009983e-01
0.47101743 3.77835273e-01
0.47199903 3.75797257e-01
0.47298130 3.72899805e-01
0.47396427 3.69150431e-01
0.47494793 3.64561303e-01
0.47593227 3.59147892e-01
0.47691731 3.52930453e-01
0.47790304 3.45932759e-01
0.47888947 3.38182391e-01
0.47987659 3.29711271e-01
0.48086440 3.20554956e-01
0.48185291 3.10752644e-01
0.48284211 3.00347088e-01
0.48383201 2.89384363e-01
0.48482260 2.77913990e-01
0.48581390 2.65988472e-01
0.48680589 2.53662906e-01
0.48779857 2.40995132e-01
0.48879196 2.28045472e-01
0.48978604 2.14876174e-01
0.49078082 2.01551320e-01
0.49177629 1.88136376e-01
0.49277246 1.74698225e-01
0.49376933 1.61304469e-01
0.49476690 1.48023377e-01
0.49576516 1.34923398e-01
0.49676411 1.22072876e-01
0.49776375 1.09539539e-01
0.49876409 9.73903712e-02
0.49976511 8.56912158e-02
0.50076683 7.45062858e-02
0.50176922 6.38979005e-02
0.50277230 5.39260791e-02
0.50377605 4.46482372e-02
0.50478048 3.61188303e-02
0.50578558 2.83889615e-02
0.50679134 2.15061587e-02
0.50779777 1.55139911e-02
0.50880486 1.04518002e-02
0.50981260 6.35441973e-03
0.51082099 3.25192794e-03
0.51183003 1.16940533e-03
0.51283971 1.26722073e-04
0.51385002 1.38355905e-04
0.51486096 1.21322890e-03
0.51587253 3.35457464e-03
0.51688472 6.55984031e-03
0.51789752 1.08206073e-02
0.51891093 1.61225571e-02
0.51992494 2.24454644e-02
0.52093955 2.97632327e-02
0.52195474 3.80439248e-02
0.52297052 4.72498681e-02
0.52398687 5.73378356e-02
0.52500380 6.82591214e-02
0.52602128 7.99598198e-02
0.52703932 9.23810883e-02
0.52805791 1.05459183e-01
0.52907704 1.19126109e-01
0.53009670 1.33309752e-01
0.53111689 1.47934154e-01
0.53213759 1.62920184e-01
0.53315881 1.78185664e-01
0.53418052 1.93645952e-01
0.53520273 2.09214455e-01
0.53622543 2.24802857e-01
0.53724860 2.40321949e-01
0.53827224 2.55682003e-01
0.53929634 2.70793092e-01
0.54032089 2.85566057e-01
0.54134589 2.99912806e-01
0.54237132 3.13746896e-01
0.54339718 3.26983913e-01
0.54442346 3.39542304e-01
0.54545014 3.51343641e-01
0.54647723 3.62313396e-01
0.54750471 3.72381232e-01
0.54853258 3.81481609e-01
0.54956082 3.89554355e-01
0.55058943 3.96544788e-01
0.55161840 4.02404305e-01
0.55264772 4.07091021e-01
0.55367739 4.10569585e-01
0.55470738 4.12811623e-01
0.55573770 4.13796384e-01
0.55676835 4.13510762e-01
0.55779930 4.11949454e-01
0.55883055 4.09114856e-01
0.55986210 4.05017707e-01
0.56089393 3.99676613e-01
0.56192605 3.93118063e-01
0.56295843 3.85376468e-01
0.56399108 3.76494547e-01
0.56502398 3.66522157e-01
0.56605713 3.55516933e-01
0.56709050 3.43543291e-01
0.56812411 3.30672797e-01
0.56915793 3.16983452e-01
0.57019196 3.02559105e-01
0.57122619 2.87489120e-01
0.57226061 2.71867965e-01
0.57329521 2.55794709e-01
0.57432999 2.39372173e-01
0.57536493 2.22706159e-01
0.57640003 2.05905397e-01
0.57743528 1.89080350e-01
0.57847067 1.72342562e-01
0.57950620 1.55804114e-01
0.58054184 1.39576896e-01
0.58157760 1.23771533e-01
0.58261347 1.08496926e-01
0.58364944 9.38594605e-02
0.58468550 7.99621782e-02
0.58572164 6.69040050e-02
0.58675785 5.47792088e-02
0.58779412 4.36765113e-02
0.58883045 3.36785856e-02
0.58986683 2.48612823e-02
0.59090325 1.72931532e-02
0.59193969 1.10347929e-02
0.59297616 6.13839191e-03
0.59401263 2.64727710e-03
0.59504911 5.95516634e-04
0.59608558 7.57253087e-06
0.59712203 8.98028565e-04
0.59815846 3.27137944e-03
0.59919484 7.12188851e-03
0.60023118 1.24335131e-02
0.60126747 1.91799121e-02
0.60230369 2.73245084e-02
0.60333983 3.68206270e-02
0.60437589 4.76117450e-02
0.60541185 5.96317801e-02
0.60644770 7.28054114e-02
0.60748343 8.70486412e-02
0.60851904 1.02269113e-01
0.60955450 1.18366757e-01
0.61058981 1.35234644e-01
0.61162496 1.52759272e-01
0.61265993 1.70821622e-01
0.61369471 1.89298040e-01
0.61472929 2.08060748e-01
0.61576365 2.26978857e-01
0.61679779 2.45919319e-01
0.61783169 2.64748116e-01
0.61886532 2.83330526e-01
0.61989868 3.01533128e-01
0.62093174 3.19223781e-01
0.62196449 3.36273332e-01
0.62299691 3.52556410e-01
0.62402898 3.67952261e-01
0.62506069 3.82345845e-01
0.62609201 3.95628265e-01
0.62712293 4.07698566e-01
0.62815344 4.18463876e-01
0.62918350 4.27840222e-01
0.63021311 4.35753280e-01
0.63124224 4.42139338e-01
0.63227088 4.46945306e-01
0.63329899 4.50129723e-01
0.63432658 4.51662802e-01
0.63535360 4.51527233e-01
0.63638005 4.49717977e-01
0.63740590 4.46242365e-01
0.63843113 4.41120213e-01
0.63945573 4.34384099e-01
0.64047966 4.26079050e-01
0.64150291 4.16262209e-01
0.64252546 4.05002048e-01
0.64354728 3.92379027e-01
0.64456836 3.78484016e-01
0.64558866 3.63418453e-01
0.64660816 3.47293049e-01
0.64762681 3.30227473e-01
0.64864460 3.12349176e-01
0.64966147 2.93792535e-01
0.65067741 2.74697894e-01
0.65169238 2.55210483e-01
0.65270633 2.35479067e-01
0.65371924 2.15655270e-01
0.65473107 1.95892049e-01
0.65574178 1.76342588e-01
0.65675132 1.57159095e-01
0.65775967 1.38491473e-01
0.65876679 1.20486320e-01
0.65977262 1.03285602e-01
0.66077714 8.70256053e-02
0.66178031 7.18358582e-02
0.66278208 5.78379147e-02
0.66378244 4.51444987e-02
0.66478133 3.38585829e-02
0.66577874 2.40725759e-02
0.66677463 1.58675444e-02
0.66776897 9.31259885e-03
0.66876175 4.46433094e-03
0.66975294 1.36638221e-03
0.67074252 4.90789585e-05
0.67173046 5.29185633e-04
0.67271674 2.80974422e-03
0.67370134 6.88002456e-03
0.67468423 1.27155633e-02
0.67566537 2.02783181e-02
0.67664475 2.95168981e-02
0.67762230 4.03669702e-02
0.67859801 5.27516699e-02
0.67957181 6.65821667e-02
0.68054366 8.17583560e-02
0.68151348 9.81694219e-02
0.68248120 1.15694588e-01
0.68344673 1.34204351e-01
0.68440999 1.53561773e-01
0.68537089 1.73623284e-01
0.68632935 1.94240073e-01
0.68728531 2.15259395e-01
0.68823866 2.36525685e-01
0.68918934 2.57881845e-01
0.69013724 2.79170284e-01
0.69108227 3.00234227e-01
0.69202432 3.20919405e-01
0.69296329 3.41075559e-01
0.69389909 3.60556359e-01
0.69483158 3.79221448e-01
0.69576066 3.96938302e-01
0.69668622 4.13583182e-01
0.69760816 4.29040152e-01
0.69852633 4.43202631e-01
0.69944061 4.55976454e-01
0.70035085 4.67279194e-01
0.70125690 4.77039315e-01
0.70215856 4.85196554e-01
0.70305566 4.91705352e-01
0.70394810 4.96535505e-01
0.70483582 4.99668550e-01
0.70571868 5.01096835e-01
0.70659634 5.00826418e-01
0.70746856 4.98878694e-01
0.70833511 4.95288132e-01
0.70919573 4.90101011e-01
0.71005364 4.83334667e-01
0.71091383 4.74983113e-01
0.71177606 4.65105484e-01
0.71263786 4.53778975e-01
0.71349863 4.41052942e-01
0.71435837 4.27007770e-01
0.71521709 4.11741309e-01
0.71607477 3.95350867e-01
0.71693141 3.77943285e-01
0.71778702 3.59632677e-01
0.71864157 3.40540855e-01
0.71949508 3.20795883e-01
0.72034752 3.00531271e-01
0.72119891 2.79885229e-01
0.72204924 2.58999587e-01
0.72289849 2.38019372e-01
0.72374667 2.17091142e-01
0.72459377 1.96362410e-01
0.72543979 1.75980533e-01
0.72628472 1.56091787e-01
0.72712856 1.36840182e-01
0.72797130 1.18366465e-01
0.72881294 1.00807326e-01
0.72965347 8.42940553e-02
0.73049289 6.89517510e-02
0.73133120 5.48985030e-02
0.73216838 4.22443273e-02
0.73300444 3.10903563e-02
0.73383937 2.15280383e-02
0.73467317 1.36384401e-02
0.73550583 7.49156135e-03
0.73633734 3.14568331e-03
0.73716771 6.46890855e-04
0.73799692 2.86227798e-05
0.73882498 1.31131482e-03
0.73965188 4.50213309e-03
0.74047761 9.59480404e-03
0.74130217 1.65695281e-02
0.74212555 2.53930156e-02
0.74294776 3.60185789e-02
0.74376878 4.83863634e-02
0.74458861 6.24236324e-02
0.74540725 7.80452099e-02
0.74622469 9.51539552e-02
0.74704093 1.13641306e-01
0.74785597 1.33388156e-01
0.74866979 1.54265294e-01
0.74948240 1.76134571e-01
0.75029379 1.98849613e-01
0.75110395 2.22256872e-01
0.75191288 2.46196762e-01
0.75272059 2.70504569e-01
0.75352705 2.95011716e-01
0.75433227 3.19546994e-01
0.75513624 3.43937633e-01
0.75593897 3.68011113e-01
0.75674044 3.91595446e-01
0.75754065 4.14520954e-01
0.75833959 4.36621659e-01
0.75913727 4.57736579e-01
0.75993367 4.77710200e-01
0.76072880 4.96394764e-01
0.76152265 5.13650835e-01
0.76231521 5.29348410e-01
0.76310648 5.43368151e-01
0.76389646 5.55601778e-01
0.76468514 5.65953895e-01
0.76547252 5.74341957e-01
0.76625859 5.80697192e-01
0.76704335 5.84965949e-01
0.76782680 5.87109064e-01
0.76860892 5.87102944e-01
0.76938973 5.84939773e-01
0.77016920 5.80627528e-01
0.77094735 5.74190536e-01
0.77172416 5.65668575e-01
0.77249962 5.55117600e-01
0.77327375 5.42608961e-01
0.77404652 5.28228494e-01
0.77481794 5.12076934e-01
0.77558801 4.94269137e-01
0.77635671 4.74932973e-01
0.77712404 4.54208065e-01
0.77789001 4.32245828e-01
0.77865460 4.09207712e-01
0.77941782 3.85264604e-01
0.78017965 3.60594556e-01
0.78094010 3.35382830e-01
0.78169915 3.09819726e-01
0.78245681 2.84099549e-01
0.78321307 2.58418716e-01
0.78396793 2.32974887e-01
0.78472138 2.07964936e-01
0.78547342 1.83583810e-01
0.78622404 1.60023118e-01
0.78697325 1.37469374e-01
0.78772104 1.16102605e-01
0.78846739 9.60950336e-02
0.78921232 7.76097059e-02
0.78995582 6.07993047e-02
0.79069788 4.58046929e-02
0.79143850 3.27539150e-02
0.79217767 2.17610667e-02
0.79291539 1.29253984e-02
0.79365166 6.33043005e-03
0.79438648 2.04324112e-03
0.79511983 1.13824578e-04
0.79585172 5.74619542e-04
0.79658214 3.44014384e-03
0.79731109 8.70677378e-03
0.79803856 1.63526591e-02
0.79876455 2.63377801e-02
0.79948906 3.86041011e-02
0.80021208 5.30759853e-02
0.80093360 6.96605681e-02
0.80165363 8.82484264e-02
0.80237216 1.08714294e-01
0.80308918 1.30917967e-01
0.80380470 1.54705204e-01
0.80451870 1.79908953e-01
0.80523119 2.06350428e-01
0.80594216 2.33840541e-01
0.80665161 2.62181140e-01
0.80735953 2.91166726e-01
0.80806592 3.20585743e-01
0.80877078 3.50222329e-01
0.80947410 3.79857819e-01
0.81017588 4.09272493e-01
0.81087612 4.38246872e-01
0.81157482 4.66564521e-01
0.81227196 4.94012502e-01
0.81296755 5.20383781e-01
0.81366159 5.45477942e-01
0.81435406 5.69104175e-01
0.81504497 5.91081403e-01
0.81573432 6.11240437e-01
0.81642210 6.29424958e-01
0.81710830 6.45493899e-01
0.81779293 6.59321086e-01
0.81847598 6.70796641e-01
0.81915745 6.79828691e-01
0.81983733 6.86342971e-01
0.82051563 6.90284558e-01
0.82119233 6.91617663e-01
0.82186745 6.90326059e-01
0.82254096 6.86414276e-01
0.82321287 6.79906354e-01
0.82388318 6.70846826e-01
0.82455189 6.59299817e-01
0.82521898 6.45348159e-01
0.82588447 6.29093222e-01
0.82654834 6.10655368e-01
0.82721059 5.90171720e-01
0.82787122 5.67795298e-01
0.82853023 5.43693747e-01
0.82918761 5.18049223e-01
0.82984337 4.91056669e-01
0.83049750 4.62921273e-01
0.83115000 4.33857804e-01
0.83180086 4.04089367e-01
0.83245008 3.73845040e-01
0.83309767 3.43357982e-01
0.83374362 3.12864498e-01
0.83438792 2.82602056e-01
0.83503058 2.52807401e-01
0.83567159 2.23714473e-01
0.83631095 1.95552575e-01
0.83694867 1.68544922e-01
0.83758473 1.42906770e-01
0.83821913 1.18843617e-01
0.83885188 9.65499464e-02
0.83948297 7.62071961e-02
0.84011240 5.79829832e-02
0.84074017 4.20293437e-02
0.84136627 2.84817110e-02
0.84199071 1.74578425e-02
0.84261348 9.05686152e-03
0.84323459 3.35849372e-03
0.84385402 4.22408404e-04
0.84447178 2.87720891e-04
0.84508787 2.97265410e-03
0.84570228 8.47434884e-03
0.84631501 1.67688209e-02
0.84692607 2.78110788e-02
0.84753545 4.15354395e-02
0.84814314 5.78559670e-02
0.84874916 7.66671171e-02
0.84935349 9.78443783e-02
0.84995613 1.21245282e-01
0.85055709 1.46710444e-01
0.85115636 1.74064592e-01
0.85175394 2.03118004e-01
0.85234982 2.33667844e-01
0.85294402 2.65499696e-01
0.85353652 2.98388866e-01
0.85412733 3.32102601e-01
0.85471645 3.66401292e-01
0.85530386 4.01040381e-01
0.85588958 4.35772314e-01
0.85647360 4.70348387e-01
0.85705593 5.04520458e-01
0.85763655 5.38042536e-01
0.85821547 5.70673011e-01
0.85879270 6.02176224e-01
0.85936822 6.32323940e-01
0.85994204 6.60897732e-01
0.86051416 6.87690337e-01
0.86108457 7.12507714e-01
0.86165329 7.35169171e-01
0.86222030 7.55510203e-01
0.86278560 7.73382556e-01
0.86334921 7.88655298e-01
0.86391111 8.01216963e-01
0.86447131 8.10975363e-01
0.86502980 8.17858772e-01
0.86558659 8.21815820e-01
0.86614167 8.22816209e-01
0.86669505 8.20851918e-01
0.86724672 8.15935728e-01
0.86779669 8.08101893e-01
0.86834495 7.97405227e-01
0.86889151 7.83921896e-01
0.86943636 7.67748159e-01
0.86997950 7.49000029e-01
0.87052094 7.27811683e-01
0.87106068 7.04334688e-01
0.87159870 6.78737410e-01
0.87213503 6.51203383e-01
0.87266964 6.21930195e-01
0.87320256 5.91127845e-01
0.87373376 5.59018625e-01
0.87426327 5.25833827e-01
0.87479107 4.91812931e-01
0.87531717 4.57201467e-01
0.87584157 4.22249218e-01
0.87636426 3.87208946e-01
0.87688526 3.52333945e-01
0.87740455 3.17876822e-01
0.87792215 2.84087613e-01
0.87843804 2.51211466e-01
0.87895224 2.19487685e-01
0.87946475 1.89147598e-01
0.87997555 1.60413404e-01
0.88048467 1.33495852e-01
0.88099209 1.08593561e-01
0.88149781 8.58911711e-02
0.88200185 6.55583659e-02
0.88250419 4.77485972e-02
0.88300485 3.25979885e-02
0.88350382 2.02244508e-02
0.88400110 1.07269624e-02
0.88449669 4.18484186e-03
0.88499060 6.57262125e-04
0.88548283 1.82845977e-04
0.88597337 2.77945001e-03
0.88646223 8.44405525e-03
0.88694942 1.71528035e-02
0.88743493 2.88611994e-02
0.88791876 4.35044522e-02
0.88840092 6.09979383e-02
0.88888141 8.12378747e-02
0.88936022 1.04101934e-01
0.88983737 1.29450316e-01
0.89031285 1.57126586e-01
0.89078666 1.86958724e-01
0.89125881 2.18760308e-01
0.89172930 2.52331902e-01
0.89219812 2.87462437e-01
0.89266529 3.23930492e-01
0.89313080 3.61505628e-01
0.89359465 3.99950461e-01
0.89405684 4.39022148e-01
0.89451739 4.78473422e-01
0.89497628 5.18054702e-01
0.89543352 5.57515929e-01
0.89588912 5.96607629e-01
0.89634307 6.35083108e-01
0.89679537 6.72699380e-01
0.89724603 7.09219801e-01
0.89769506 7.44415055e-01
0.89814244 7.78063571e-01
0.89858819 8.09954947e-01
0.89903230 8.39889697e-01
0.89947478 8.67681108e-01
0.89991563 8.93156331e-01
0.90035485 9.16155064e-01
0.90079244 9.36534705e-01
0.90122840 9.54170014e-01
0.90166275 9.68953691e-01
0.90209547 9.80797115e-01
0.90252658 9.89629759e-01
0.90295607 9.95400197e-01
0.90338394 9.98076316e-01
0.90381021 9.97646762e-01
0.90423486 9.94118134e-01
0.90465791 9.87516028e-01
0.90507936 9.77886167e-01
0.90549920 9.65292494e-01
0.90591745 9.49817433e-01
0.90633410 9.31560424e-01
0.90674916 9.10638198e-01
0.90716263 8.87183526e-01
0.90757452 8.61342483e-01
0.90798483 8.33275959e-01
0.90839355 8.03158905e-01
0.90880071 7.71179205e-01
0.90920629 7.37535432e-01
0.90961030 7.02436539e-01
0.91001274 6.66099182e-01
0.91041362 6.28747210e-01
0.91081294 5.90610421e-01
0.91121071 5.51922971e-01
0.91160692 5.12922143e-01
0.91200159 4.73846127e-01
0.91239470 4.34933133e-01
0.91278628 3.96420533e-01
0.91317631 3.58542820e-01
0.91356481 3.21530461e-01
0.91395178 2.85608119e-01
0.91433722 2.50993934e-01
0.91472114 2.17898237e-01
0.91510353 1.86521953e-01
0.91548440 1.57055951e-01
0.91586376 1.29679786e-01
0.91624162 1.04560660e-01
0.91661796 8.18526098e-02
0.91699281 6.16958539e-02
0.91736616 4.42157435e-02
0.91773801 2.95222044e-02
0.91810837 1.77092149e-02
0.91847725 8.85437984e-03
0.91884464 3.01847800e-03
0.91921056 2.45239830e-04
0.91957499 5.61158618e-04
0.91993795 3.97543287e-03
0.92029944 1.04799868e-02
0.92065947 2.00496341e-02
0.92101803 3.26422534e-02
0.92137512 4.81992050e-02
0.92173076 6.66455849e-02
0.92208494 8.78908922e-02
0.92243767 1.11829368e-01
0.92278894 1.38340770e-01
0.92313877 1.67291177e-01
0.92348716 1.98533884e-01
0.92383410 2.31910180e-01
0.92417961 2.67250480e-01
0.92452368 3.04374937e-01
0.92486633 3.43094919e-01
0.92520754 3.83213923e-01
0.92554734 4.24528393e-01
0.92588571 4.66828977e-01
0.92622267 5.09902190e-01
0.92655821 5.53530664e-01
0.92689235 5.97495709e-01
0.92722508 6.41576503e-01
0.92755641 6.85552638e-01
0.92788634 7.29205419e-01
0.92821487 7.72317763e-01
0.92854202 8.14676756e-01
0.92886778 8.56073403e-01
0.92919215 8.96304848e-01
0.92951515 9.35174484e-01
0.92983677 9.72493259e-01
0.93015702 1.00807775e+00
0.93047590 1.04175211e+00
0.93079342 1.07335301e+00
0.93110958 1.10273088e+00
0.93142438 1.12974706e+00
0.93173783 1.15427666e+00
0.93204993 1.17620602e+00
0.93236068 1.19543501e+00
0.93267009 1.21187780e+00
0.93297817 1.22546377e+00
0.93328491 1.23613383e+00
0.93359032 1.24384493e+00
0.93389441 1.24856839e+00
0.93419717 1.25029062e+00
0.93449862 1.24901199e+00
0.93479876 1.24474645e+00
0.93509759 1.23752337e+00
0.93539512 1.22738536e+00
0.93569135 1.21438906e+00
0.93598629 1.19860427e+00
0.93627994 1.18011266e+00
0.93657231 1.15900954e+00
0.93686339 1.13540133e+00
0.93715320 1.10940565e+00
0.93744174 1.08115116e+00
0.93772902 1.05077545e+00
0.93801504 1.01842270e+00
0.93829980 9.84245957e-01
0.93858332 9.48408526e-01
0.93886559 9.11081979e-01
0.93914662 8.72443744e-01
0.93942641 8.32676314e-01
0.93970498 7.91967146e-01
0.93998232 7.50507305e-01
0.94025844 7.08490071e-01
0.94053334 6.66110898e-01
0.94080703 6.23566572e-01
0.94107951 5.81053671e-01
0.94135078 5.38767674e-01
0.94162086 4.96902721e-01
0.94188975 4.55650226e-01
0.94215744 4.15198442e-01
0.94242394 3.75731591e-01
0.94268926 3.37428959e-01
0.94295341 3.00464074e-01
0.94321637 2.65004570e-01
0.94347817 2.31210478e-01
0.94373880 1.99234042e-01
0.94399826 1.69219374e-01
0.94425657 1.41301652e-01
0.94451372 1.15606680e-01
0.94476971 9.22506482e-02
0.94502456 7.13394287e-02
0.94527826 5.29682733e-02
0.94553082 3.72216765e-02
0.94578224 2.41727962e-02
0.94603253 1.38834292e-02
0.94628169 6.40390947e-03
0.94652972 1.77282833e-03
0.94677663 1.68835167e-05
0.94702242 1.15087069e-03
0.94726709 5.17774982e-03
0.94751065 1.20887612e-02
0.94775311 2.18635942e-02
0.94799446 3.44706063e-02
0.94823470 4.98670619e-02
0.94847386 6.79994597e-02
0.94871192 8.88038011e-02
0.94894889 1.12206038e-01
0.94918478 1.38122513e-01
0.94941959 1.66460379e-01
0.94965332 1.97117901e-01
0.94988599 2.29984279e-01
0.95011759 2.64939729e-01
0.95034812 3.01856992e-01
0.95057760 3.40602738e-01
0.95080603 3.81037189e-01
0.95103341 4.23015245e-01
0.95125974 4.66386842e-01
0.95148503 5.10997586e-01
0.95170928 5.56688819e-01
0.95193250 6.03298972e-01
0.95215469 6.50664410e-01
0.95237586 6.98619138e-01
0.95259601 7.46995815e-01
0.95281515 7.95626362e-01
0.95303328 8.44343172e-01
0.95325041 8.92978988e-01
0.95346654 9.41367520e-01
0.95368168 9.89343906e-01
0.95389583 1.03674435e+00
0.95410899 1.08340630e+00
0.95432118 1.12916953e+00
0.95453239 1.17387937e+00
0.95474264 1.21738670e+00
0.95495193 1.25954635e+00
0.95516025 1.30021904e+00
0.95536763 1.33927052e+00
0.95557405 1.37657245e+00
0.95577952 1.41200361e+00
0.95598405 1.44544830e+00
0.95618765 1.47679742e+00
0.95639030 1.50594987e+00
0.95659203 1.53281397e+00
0.95679283 1.55730687e+00
0.95699270 1.57935405e+00
0.95719166 1.59888959e+00
0.95738969 1.61585596e+00
0.95758682 1.63020545e+00
0.95778303 1.64189914e+00
0.95797835 1.65090549e+00
0.95817276 1.65719962e+00
0.95836627 1.66076556e+00
0.95855889 1.66160050e+00
0.95875061 1.65971089e+00
0.95894145 1.65511414e+00
0.95913141 1.64783835e+00
0.95932049 1.63791715e+00
0.95950869 1.62539023e+00
0.95969602 1.61030691e+00
0.95988248 1.59272576e+00
0.96006807 1.57270810e+00
0.96025281 1.55031542e+00
0.96043668 1.52561927e+00
0.96061970 1.49870834e+00
0.96080187 1.46967977e+00
0.96098319 1.43863841e+00
0.96116367 1.40569198e+00
0.96134331 1.37095467e+00
0.96152211 1.33454545e+00
0.96170008 1.29658566e+00
0.96187722 1.25720040e+00
0.96205354 1.21652005e+00
0.96222904 1.17467139e+00
0.96240373 1.13177629e+00
0.96257762 1.08796545e+00
0.96275070 1.04337816e+00
0.96292298 9.98155356e-01
0.96309447 9.52439678e-01
0.96326516 9.06374555e-01
0.96343507 8.60103135e-01
0.96360420 8.13768949e-01
0.96377255 7.67513733e-01
0.96394013 7.21480266e-01
0.96410694 6.75808451e-01
0.96427298 6.30636511e-01
0.96443827 5.86099506e-01
0.96460280 5.42330286e-01
0.96476659 4.99460239e-01
0.96492962 4.57619254e-01
0.96509192 4.16933801e-01
0.96525348 3.77527315e-01
0.96541431 3.39519689e-01
0.96557441 3.03026471e-01
0.96573379 2.68159329e-01
0.96589245 2.35025171e-01
0.96605039 2.03726190e-01
0.96620761 1.74359216e-01
0.96636413 1.47015925e-01
0.96651994 1.21782322e-01
0.96667505 9.87385442e-02
0.96682946 7.79587251e-02
0.96698318 5.95109745e-02
0.96713620 4.34571860e-02
0.96728854 2.98529604e-02
0.96744019 1.87473902e-02
0.96759117 1.01829988e-02
0.96774147 4.19556162e-03
0.96789109 8.14075951e-04
0.96804004 6.06629810e-05
0.96818833 1.95053941e-03
0.96833595 6.49199952e-03
0.96848291 1.36864000e-02
0.96862920 2.35281978e-02
0.96877484 3.60049775e-02
0.96891983 5.10975862e-02
0.96906416 6.87801991e-02
0.96920785 8.90204069e-02
0.96935089 1.11779336e-01
0.96949329 1.37011857e-01
0.96963505 1.64666569e-01
0.96977617 1.94686191e-01
0.96991666 2.27007602e-01
0.97005652 2.61562600e-01
0.97019575 2.98278612e-01
0.97033436 3.37078237e-01
0.97047234 3.77878366e-01
0.97060970 4.20591937e-01
0.97074644 4.65127401e-01
0.97088257 5.11388135e-01
0.97101808 5.59273322e-01
0.97115298 6.08679350e-01
0.97128728 6.59499435e-01
0.97142098 7.11624021e-01
0.97155407 7.64941950e-01
0.97168657 8.19337761e-01
0.97181848 8.74694892e-01
0.97194980 9.30894589e-01
0.97208053 9.87816948e-01
0.97221067 1.04534188e+00
0.97234023 1.10334900e+00
0.97246921 1.16171203e+00
0.97259762 1.22030325e+00
0.97272546 1.27899448e+00
0.97285272 1.33765627e+00
0.97297943 1.39615876e+00
0.97310556 1.45437260e+00
0.97323114 1.51216759e+00
0.97335616 1.56941695e+00
0.97348062 1.62599727e+00
0.97360452 1.68179857e+00
0.97372788 1.73671146e+00
0.97385068 1.79061602e+00
0.97397294 1.84338966e+00
0.97409466 1.89491449e+00
0.97421583 1.94507351e+00
0.97433647 1.99375288e+00
0.97445657 2.04084078e+00
0.97457613 2.08623025e+00
0.97469516 2.12981510e+00
0.97481366 2.17150021e+00
0.97493162 2.21121637e+00
0.97504905 2.24890533e+00
0.97516596 2.28448862e+00
0.97528233 2.31787997e+00
0.97539819 2.34899913e+00
0.97551352 2.37777341e+00
0.97562833 2.40413462e+00
0.97574262 2.42801850e+00
0.97585639 2.44936735e+00
0.97596965 2.46813020e+00
0.97608238 2.48426155e+00
0.97619460 2.49772808e+00
0.97630630 2.50852601e+00
0.97641748 2.51666354e+00
0.97652815 2.52213086e+00
0.97663830 2.52491281e+00
0.97674794 2.52500335e+00
0.97685706 2.52240359e+00
0.97696567 2.51711897e+00
0.97707377 2.50916103e+00
0.97718136 2.49855997e+00
0.97728844 2.48536141e+00
0.97739500 2.46961075e+00
0.97750105 2.45134816e+00
0.97760660 2.43061915e+00
0.97771163 2.40747357e+00
0.97781616 2.38197214e+00
0.97792018 2.35418701e+00
0.97802370 2.32418612e+00
0.97812671 2.29204132e+00
0.97822921 2.25783235e+00
0.97833121 2.22163582e+00
0.97843271 2.18352740e+00
0.97853371 2.14358503e+00
0.97863421 2.10189150e+00
0.97873421 2.05853302e+00
0.97883372 2.01359923e+00
0.97893272 1.96718378e+00
0.97903124 1.91938548e+00
0.97912925 1.87031091e+00
0.97922678 1.82006930e+00
0.97932381 1.76876827e+00
0.97942035 1.71651699e+00
0.97951640 1.66342381e+00
0.97961196 1.60959838e+00
0.97970703 1.55515069e+00
0.97980161 1.50018994e+00
0.97989570 1.44482619e+00
0.97998931 1.38917019e+00
0.98008243 1.33333432e+00
0.98017506 1.27743333e+00
0.98026721 1.22158318e+00
0.98035888 1.16589880e+00
0.98045006 1.11049144e+00
0.98054076 1.05546793e+00
0.98063097 1.00093363e+00
0.98072070 9.46993217e-01
0.98080995 8.93747890e-01
0.98089871 8.41293950e-01
0.98098700 7.89725817e-01
0.98107480 7.39141160e-01
0.98116213 6.89636366e-01
0.98124899 6.41305015e-01
0.98133537 5.94231699e-01
0.98142127 5.48492616e-01
0.98150671 5.04166549e-01
0.98159168 4.61335486e-01
0.98167618 4.20076549e-01
0.98176021 3.80459785e-01
0.98184378 3.42547127e-01
0.98192688 3.06393004e-01
0.98200953 2.72049102e-01
0.98209173 2.39566025e-01
0.98217347 2.08991262e-01
0.98225476 1.80369014e-01
0.98233560 1.53740496e-01
0.98241600 1.29144821e-01
0.98249595 1.06617574e-01
0.98257546 8.61902049e-02
0.98265452 6.78896736e-02
0.98273315 5.17384602e-02
0.98281135 3.77551452e-02
0.98288911 2.59555535e-02
0.98296645 1.63522152e-02
0.98304335 8.95392520e-03
0.98311983 3.76595618e-03
0.98319589 7.90365218e-04
0.98327153 2.62715793e-05
0.98334674 1.46979193e-03
0.98342155 5.11395548e-03
0.98349594 1.09489229e-02
0.98356992 1.89622738e-02
0.98364349 2.91390928e-02
0.98371666 4.14615372e-02
0.98378943 5.59092101e-02
0.98386179 7.24595721e-02
0.98393376 9.10883315e-02
0.98400534 1.11769656e-01
0.98407652 1.34476166e-01
0.98414732 1.59177784e-01
0.98421773 1.85842327e-01
0.98428777 2.14436232e-01
0.98435742 2.44924213e-01
0.98442669 2.77269474e-01
0.98449560 3.11433197e-01
0.98456413 3.47373423e-01
0.98463230 3.85045377e-01
0.98470010 4.24406643e-01
0.98476755 4.65416085e-01
0.98483464 5.08032597e-01
0.98490138 5.52215059e-01
0.98496776 5.97920441e-01
0.98503380 6.45099446e-01
0.98509949 6.93698811e-01
0.98516485 7.43668861e-01
0.98522986 7.94962617e-01
0.98529454 8.47531943e-01
0.98535889 9.01330617e-01
0.98542291 9.56307461e-01
0.98548661 1.01240410e+00
0.98554998 1.06956270e+00
0.98561303 1.12773325e+00
0.98567576 1.18686853e+00
0.98573819 1.24692223e+00
0.98580030 1.30784972e+00
0.98586210 1.36960369e+00
0.98592359 1.43212349e+00
0.98598479 1.49534485e+00
0.98604568 1.55921774e+00
0.98610628 1.62370028e+00
0.98616659 1.68874876e+00
0.98622660 1.75432112e+00
0.98628633 1.82037398e+00
0.98634578 1.88685234e+00
0.98640494 1.95368684e+00
0.98646382 2.02081457e+00
0.98652242 2.08818330e+00
0.98658076 2.15574427e+00
0.98663882 2.22344817e+00
0.98669661 2.29124794e+00
0.98675414 2.35909390e+00
0.98681140 2.42692426e+00
0.98686840 2.49466322e+00
0.98692514 2.56225465e+00
0.98698163 2.62965396e+00
0.98703787 2.69681770e+00
0.98709385 2.76370379e+00
0.98714959 2.83027068e+00
0.98720507 2.89647884e+00
0.98726032 2.96227027e+00
0.98731532 3.02757445e+00
0.98737009 3.09235225e+00
0.98742461 3.15658052e+00
0.98747890 3.22021301e+00
0.98753296 3.28317555e+00
0.98758678 3.34540671e+00
0.98764038 3.40687992e+00
0.98769375 3.46758450e+00
0.98774690 3.52748741e+00
0.98779982 3.58654391e+00
0.98785253 3.64469917e+00
0.98790502 3.70188823e+00
0.98795729 3.75802988e+00
0.98800935 3.81304845e+00
0.98806119 3.86691284e+00
0.98811283 3.91961539e+00
0.98816425 3.97114756e+00
0.98821547 4.02147094e+00
0.98826649 4.07052036e+00
0.98831730 4.11824526e+00
0.98836791 4.16459697e+00
0.98841832 4.20950794e+00
0.98846854 4.25289934e+00
0.98851856 4.29474486e+00
0.98856838 4.33505577e+00
0.98861801 4.37385152e+00
0.98866745 4.41113487e+00
0.98871670 4.44685212e+00
0.98876577 4.48092792e+00
0.98881464 4.51329028e+00
0.98886333 4.54388631e+00
0.98891184 4.57267816e+00
0.98896016 4.59963810e+00
0.98900830 4.62477361e+00
0.98905626 4.64810580e+00
0.98910405 4.66964151e+00
0.98915165 4.68936681e+00
0.98919908 4.70722281e+00
0.98924633 4.72316574e+00
0.98929342 4.73717250e+00
0.98934033 4.74922881e+00
0.98938706 4.75932011e+00
0.98943363 4.76741290e+00
0.98948003 4.77347811e+00
0.98952626 4.77750411e+00
0.98957233 4.77948849e+00
0.98961823 4.77942723e+00
0.98966397 4.77731049e+00
0.98970954 4.77312317e+00
0.98975495 4.76684585e+00
0.98980020 4.75845950e+00
0.98984528 4.74794403e+00
0.98989021 4.73528242e+00
0.98993498 4.72046041e+00
0.98997959 4.70347312e+00
0.99002404 4.68433793e+00
0.99006834 4.66307044e+00
0.99011248 4.63970322e+00
0.99015647 4.61430159e+00
0.99020030 4.58691306e+00
0.99024398 4.55752752e+00
0.99028750 4.52612066e+00
0.99033087 4.49267437e+00
0.99037409 4.45717987e+00
0.99041716 4.41963850e+00
0.99046007 4.38006391e+00
0.99050283 4.33849009e+00
0.99054544 4.29496817e+00
0.99058791 4.24955526e+00
0.99063022 4.20231534e+00
0.99067238 4.15331005e+00
0.99071439 4.10258162e+00
0.99075625 4.05015544e+00
0.99079797 3.99608152e+00
0.99083954 3.94042784e+00
0.99088095 3.88326436e+00
0.99092222 3.82466057e+00
0.99096335 3.76468156e+00
0.99100432 3.70337282e+00
0.99104515 3.64078330e+00
0.99108584 3.57698004e+00
0.99112638 3.51204078e+00
0.99116677 3.44603638e+00
0.99120703 3.37903455e+00
0.99124713 3.31109829e+00
0.99128710 3.24228757e+00
0.99132692 3.17265366e+00
0.99136660 3.10223920e+00
0.99140614 3.03109116e+00
0.99144554 2.95926074e+00
0.99148480 2.88679921e+00
0.99152392 2.81376951e+00
0.99156290 2.74025322e+00
0.99160174 2.66632498e+00
0.99164044 2.59204168e+00
0.99167900 2.51745428e+00
0.99171743 2.44261720e+00
0.99175572 2.36758807e+00
0.99179388 2.29242761e+00
0.99183189 2.21720805e+00
0.99186978 2.14201341e+00
0.99190752 2.06691937e+00
0.99194513 1.99199381e+00
0.99198261 1.91731150e+00
0.99201995 1.84294564e+00
0.99205716 1.76897394e+00
0.99209423 1.69548908e+00
0.99213117 1.62260132e+00
0.99216797 1.55040272e+00
0.99220464 1.47896442e+00
0.99224118 1.40835596e+00
0.99227757 1.33865447e+00
0.99231384 1.26993800e+00
0.99234997 1.20228745e+00
0.99238597 1.13578533e+00
0.99242183 1.07051065e+00
0.99245756 1.00653941e+00
0.99249315 9.43945384e-01
0.99252862 8.82804253e-01
0.99256394 8.23187474e-01
0.99259914 7.65165992e-01
0.99263420 7.08806129e-01
0.99266914 6.54173217e-01
0.99270393 6.01330063e-01
0.99273860 5.50337445e-01
0.99277314 5.01253743e-01
0.99280755 4.54139224e-01
0.99284183 4.09053744e-01
0.99287598 3.66055122e-01
0.99291000 3.25201915e-01
0.99294390 2.86549932e-01
0.99297766 2.50147779e-01
0.99301130 2.16040659e-01
0.99304482 1.84272767e-01
0.99307821 1.54886790e-01
0.99311147 1.27924668e-01
0.99314460 1.03428211e-01
0.99317762 8.14376497e-02
0.99321051 6.19920723e-02
0.99324327 4.51293762e-02
0.99327591 3.08855437e-02
0.99330844 1.92951427e-02
0.99334083 1.03908386e-02
0.99337311 4.20362221e-03
0.99340527 7.62475983e-04
0.99343731 9.45622351e-05
0.99346923 2.22496317e-03
0.99350103 7.17668906e-03
0.99353272 1.49706591e-02
0.99356429 2.56255307e-02
0.99359574 3.91584997e-02
0.99362707 5.55855242e-02
0.99365829 7.49213121e-02
0.99368940 9.71783193e-02
0.99372039 1.22366665e-01
0.99375126 1.50494419e-01
0.99378202 1.81567445e-01
0.99381267 2.15590028e-01
0.99384320 2.52563656e-01
0.99387362 2.92488443e-01
0.99390393 3.35362127e-01
0.99393412 3.81181067e-01
0.99396421 4.29939143e-01
0.99399418 4.81628989e-01
0.99402404 5.36241820e-01
0.99405380 5.93765096e-01
0.99408344 6.54184720e-01
0.99411298 7.17481729e-01
0.99414240 7.83635932e-01
0.99417172 8.52624030e-01
0.99420094 9.24426800e-01
0.99423005 9.99041063e-01
0.99425905 1.07646061e+00
0.99428794 1.15666364e+00
0.99431673 1.23962203e+00
0.99434541 1.32530797e+00
0.99437399 1.41369407e+00
0.99440247 1.50475428e+00
0.99443084 1.59845650e+00
0.99445910 1.69476220e+00
0.99448726 1.79362970e+00
0.99451532 1.89501424e+00
0.99454328 1.99886864e+00
0.99457114 2.10514441e+00
0.99459889 2.21378928e+00
0.99462655 2.32475075e+00
0.99465410 2.43797247e+00
0.99468156 2.55339842e+00
0.99470892 2.67096966e+00
0.99473617 2.79064020e+00
0.99476333 2.91241832e+00
0.99479039 3.03634160e+00
0.99481736 3.16239933e+00
0.99484422 3.29052160e+00
0.99487099 3.42063884e+00
0.99489766 3.55267574e+00
0.99492424 3.68655803e+00
0.99495072 3.82220694e+00
0.99497711 3.95954460e+00
0.99500339 4.09848897e+00
0.99502959 4.23895842e+00
0.99505569 4.38086752e+00
0.99508169 4.52414685e+00
0.99510761 4.66876361e+00
0.99513342 4.81469058e+00
0.99515915 4.96185505e+00
0.99518478 5.11016679e+00
0.99521032 5.25953026e+00
0.99523577 5.40984492e+00
0.99526113 5.56110706e+00
0.99528640 5.71341260e+00
0.99531158 5.86678101e+00
0.99533666 6.02111093e+00
0.99536166 6.17629038e+00
0.99538657 6.33220995e+00
0.99541138 6.48875337e+00
0.99543611 6.64580453e+00
0.99546075 6.80327974e+00
0.99548530 6.96116031e+00
0.99550976 7.11943685e+00
0.99553413 7.27802656e+00
0.99555842 7.43680577e+00
0.99558261 7.59566947e+00
0.99560672 7.75450457e+00
0.99563074 7.91320156e+00
0.99565468 8.07164534e+00
0.99567853 8.22972115e+00
0.99570229 8.38737376e+00
0.99572597 8.54476339e+00
0.99574957 8.70207690e+00
0.99577308 8.85926971e+00
0.99579651 9.01618818e+00
0.99581985 9.17268294e+00
0.99584310 9.32862944e+00
0.99586627 9.48400762e+00
0.99588936 9.63885475e+00
0.99591236 9.79310161e+00
0.99593528 9.94661550e+00
0.99595812 1.00992671e+01
0.99598087 1.02509315e+01
0.99600354 1.04014907e+01
0.99602613 1.05508276e+01
0.99604864 1.06988263e+01
0.99607106 1.08453822e+01
0.99609341 1.09903693e+01
0.99611567 1.11337505e+01
0.99613786 1.12758093e+01
0.99615996 1.14168650e+01
0.99618199 1.15568911e+01
0.99620393 1.16956993e+01
0.99622579 1.18331125e+01
0.99624758 1.19690042e+01
0.99626929 1.21034025e+01
0.99629091 1.22363449e+01
0.99631246 1.23677599e+01
0.99633393 1.24975068e+01
0.99635532 1.26254780e+01
0.99637663 1.27515541e+01
0.99639786 1.28756268e+01
0.99641902 1.29975986e+01
0.99644009 1.31173615e+01
0.99646110 1.32348324e+01
0.99648202 1.33498951e+01
0.99650287 1.34626882e+01
0.99652365 1.35737104e+01
0.99654435 1.36832504e+01
0.99656497 1.37911686e+01
0.99658552 1.38972778e+01
0.99660599 1.40014141e+01
0.99662639 1.41034318e+01
0.99664671 1.42031799e+01
0.99666696 1.43005876e+01
0.99668714 1.43957378e+01
0.99670724 1.44886070e+01
0.99672726 1.45790865e+01
0.99674721 1.46670508e+01
0.99676709 1.47524048e+01
0.99678690 1.48350186e+01
0.99680663 1.49148070e+01
0.99682629 1.49916887e+01
0.99684588 1.50658045e+01
0.99686540 1.51377285e+01
0.99688485 1.52080152e+01
0.99690423 1.52766714e+01
0.99692353 1.53434627e+01
0.99694277 1.54082206e+01
0.99696193 1.54707830e+01
0.99698103 1.55310064e+01
0.99700005 1.55887893e+01
0.99701900 1.56441188e+01
0.99703788 1.56969796e+01
0.99705669 1.57472628e+01
0.99707544 1.57948611e+01
0.99709411 1.58396967e+01
0.99711271 1.58816802e+01
0.99713125 1.59207240e+01
0.99714972 1.59567383e+01
0.99716812 1.59897861e+01
0.99718645 1.60204756e+01
0.99720472 1.60495143e+01
0.99722292 1.60769843e+01
0.99724105 1.61026609e+01
0.99725911 1.61263624e+01
0.99727711 1.61479466e+01
0.99729504 1.61672829e+01
0.99731291 1.61842751e+01
0.99733070 1.61988215e+01
0.99734843 1.62109003e+01
0.99736610 1.62205844e+01
0.99738370 1.62278423e+01
0.99740123 1.62326031e+01
0.99741870 1.62347768e+01
0.99743610 1.62342789e+01
0.99745344 1.62310105e+01
0.99747072 1.62250483e+01
0.99748793 1.62169083e+01
0.99750508 1.62071412e+01
0.99752217 1.61958378e+01
0.99753919 1.61829295e+01
0.99755615 1.61683365e+01
0.99757304 1.61519335e+01
0.99758987 1.61336343e+01
0.99760664 1.61133424e+01
0.99762334 1.60909651e+01
0.99763998 1.60664341e+01
0.99765656 1.60396673e+01
0.99767308 1.60105754e+01
0.99768953 1.59791356e+01
0.99770592 1.59454079e+01
0.99772225 1.59094134e+01
0.99773852 1.58711299e+01
0.99775473 1.58307889e+01
0.99777088 1.57890581e+01
0.99778697 1.57463771e+01
0.99780300 1.57026645e+01
0.99781897 1.56577224e+01
0.99783488 1.56114123e+01
0.99785072 1.55636139e+01
0.99786651 1.55142689e+01
0.99788224 1.54633473e+01
0.99789790 1.54108257e+01
0.99791351 1.53566075e+01
0.99792905 1.53006463e+01
0.99794454 1.52428834e+01
0.99795997 1.51833032e+01
0.99797534 1.51218989e+01
0.99799064 1.50586444e+01
0.99800590 1.49935211e+01
0.99802109 1.49268900e+01
0.99803623 1.48594322e+01
0.99805131 1.47914397e+01
0.99806633 1.47227954e+01
0.99808129 1.46533381e+01
0.99809620 1.45829339e+01
0.99811104 1.45114935e+01
0.99812583 1.44389323e+01
0.99814056 1.43651893e+01
0.99815524 1.42902057e+01
0.99816985 1.42139686e+01
0.99818441 1.41364456e+01
0.99819891 1.40576449e+01
0.99821335 1.39776031e+01
0.99822774 1.38963975e+01
0.99824208 1.38140276e+01
0.99825635 1.37305813e+01
0.99827058 1.36464886e+01
0.99828474 1.35621916e+01
0.99829885 1.34776920e+01
0.99831291 1.33928075e+01
0.99832690 1.33074165e+01
0.99834085 1.32214200e+01
0.99835473 1.31347469e+01
0.99836856 1.30473260e+01
0.99838234 1.29591735e+01
0.99839606 1.28703138e+01
0.99840972 1.27807328e+01
0.99842333 1.26904206e+01
0.99843688 1.25993797e+01
0.99845038 1.25076139e+01
0.99846383 1.24151198e+01
0.99847721 1.23218821e+01
0.99849055 1.22280965e+01
0.99850383 1.21342229e+01
0.99851706 1.20404873e+01
0.99853024 1.19468089e+01
0.99854335 1.18530874e+01
0.99855642 1.17592878e+01
0.99856943 1.16653503e+01
0.99858239 1.15712264e+01
0.99859529 1.14768638e+01
0.99860814 1.13822218e+01
0.99862093 1.12872731e+01
0.99863367 1.11920036e+01
0.99864635 1.10963983e+01
0.99865898 1.10004542e+01
0.99867156 1.09041738e+01
0.99868409 1.08075634e+01
0.99869656 1.07106317e+01
0.99870898 1.06136370e+01
0.99872134 1.05169512e+01
0.99873365 1.04206844e+01
0.99874591 1.03247417e+01
0.99875812 1.02290447e+01
0.99877027 1.01335326e+01
0.99878237 1.00381613e+01
0.99879441 9.94289566e+00
0.99880640 9.84770022e+00
0.99881833 9.75256256e+00
0.99883022 9.65746117e+00
0.99884204 9.56239750e+00
0.99885382 9.46735633e+00
0.99886554 9.37236273e+00
0.99887721 9.27743731e+00
0.99888882 9.18259510e+00
0.99890039 9.08787259e+00
0.99891190 8.99346576e+00
0.99892335 8.89961337e+00
0.99893476 8.80636210e+00
0.99894611 8.71364122e+00
0.99895740 8.62139556e+00
0.99896864 8.52958318e+00
0.99897983 8.43816438e+00
0.99899097 8.34710483e+00
0.99900204 8.25638139e+00
0.99901307 8.16597208e+00
0.99902404 8.07587452e+00
0.99903496 7.98609316e+00
0.99904582 7.89662215e+00
0.99905663 7.80746613e+00
0.99906738 7.71863657e+00
0.99907808 7.63014692e+00
0.99908873 7.54201675e+00
0.99909932 7.45435554e+00
0.99910985 7.36733508e+00
0.99912034 7.28100329e+00
0.99913076 7.19531601e+00
0.99914114 7.11023625e+00
0.99915145 7.02573038e+00
0.99916171 6.94177576e+00
0.99917192 6.85834914e+00
0.99918207 6.77544125e+00
0.99919216 6.69304314e+00
0.99920220 6.61115321e+00
0.99921218 6.52976761e+00
0.99922210 6.44888663e+00
0.99923197 6.36851800e+00
0.99924178 6.28867109e+00
0.99925153 6.20934629e+00
0.99926122 6.13055515e+00
0.99927086 6.05231197e+00
0.99928044 5.97469424e+00
0.99928996 5.89777789e+00
0.99929943 5.82154676e+00
0.99930883 5.74597397e+00
0.99931818 5.67105241e+00
0.99932747 5.59677657e+00
0.99933669 5.52314561e+00
0.99934586 5.45016037e+00
0.99935497 5.37781245e+00
0.99936401 5.30608921e+00
0.99937300 5.23498218e+00
0.99938192 5.16448555e+00
0.99939078 5.09459926e+00
0.99939957 5.02531964e+00
0.99940831 4.95664532e+00
0.99941698 4.88857117e+00
0.99942559 4.82110814e+00
0.99943413 4.75426481e+00
0.99944261 4.68806215e+00
0.99945103 4.62254195e+00
0.99945938 4.55771690e+00
0.99946767 4.49356961e+00
0.99947589 4.43008687e+00
0.99948404 4.36726627e+00
0.99949212 4.30511520e+00
0.99950014 4.24362721e+00
0.99950808 4.18279583e+00
0.99951596 4.12260626e+00
0.99952376 4.06304105e+00
0.99953150 4.00409522e+00
0.99953916 3.94576940e+00
0.99954675 3.88807849e+00
0.99955427 3.83103299e+00
0.99956171 3.77463057e+00
0.99956908 3.71886155e+00
0.99957637 3.66372305e+00
0.99958359 3.60921878e+00
0.99959073 3.55534637e+00
0.99959779 3.50210416e+00
0.99960478 3.44947755e+00
0.99961169 3.39744441e+00
0.99961851 3.34600158e+00
0.99962526 3.29515620e+00
0.99963193 3.24491964e+00
0.99963851 3.19529358e+00
0.99964501 3.14625724e+00
0.99965143 3.09779726e+00
0.99965776 3.04992684e+00
0.99966400 3.00266054e+00
0.99967016 2.95601090e+00
0.99967623 2.90997646e+00
0.99968221 2.86453589e+00
0.99968810 2.81966523e+00
0.99969391 2.77535889e+00
0.99969962 2.73161744e+00
0.99970524 2.68843938e+00
0.99971077 2.64581626e+00
0.99971621 2.60373629e+00
0.99972155 2.56220103e+00
0.99972680 2.52121749e+00
0.99973196 2.48078722e+00
0.99973702 2.44090529e+00
0.99974199 2.40155762e+00
0.99974687 2.36272885e+00
0.99975165 2.32440896e+00
0.99975634 2.28659200e+00
0.99976093 2.24926511e+00
0.99976543 2.21240171e+00
0.99976984 2.17599192e+00
0.99977415 2.14004933e+00
0.99977836 2.10459195e+00
0.99978249 2.06963354e+00
0.99978652 2.03517249e+00
0.99979046 2.00119854e+00
0.99979431 1.96770736e+00
0.99979807 1.93470547e+00
0.99980174 1.90220118e+00
0.99980532 1.87020134e+00
0.99980882 1.83871630e+00
0.99981223 1.80774124e+00
0.99981555 1.77725932e+00
0.99981879 1.74725601e+00
0.99982196 1.71772051e+00
0.99982504 1.68865988e+00
0.99982804 1.66009114e+00
0.99983097 1.63201968e+00
0.99983383 1.60444725e+00
0.99983661 1.57737954e+00
0.99983933 1.55082824e+00
0.99984197 1.52480157e+00
0.99984456 1.49929401e+00
0.99984708 1.47429134e+00
0.99984954 1.44977635e+00
0.99985194 1.42575082e+00
0.99985429 1.40223685e+00
0.99985659 1.37923775e+00
0.99985884 1.35673038e+00
0.99986105 1.33468860e+00
0.99986321 1.31309188e+00
0.99986534 1.29195057e+00
0.99986743 1.27128686e+00
0.99986948 1.25108772e+00
0.99987151 1.23132623e+00
0.99987351 1.21197611e+00
0.99987549 1.19303920e+00
0.99987744 1.17455965e+00
0.99987937 1.15656866e+00
0.99988128 1.13907005e+00
0.99988317 1.12206961e+00
0.99988504 1.10558565e+00
0.99988687 1.08967794e+00
0.99988868 1.07442875e+00
0.99989045 1.05987280e+00
0.99989219 1.04600228e+00
0.99989388 1.03279976e+00
0.99989554 1.02023539e+00
0.99989716 1.00828001e+00
0.99989875 9.96913119e-01
0.99990032 9.86088650e-01
0.99990186 9.75734371e-01
0.99990339 9.65777492e-01
0.99990492 9.56147520e-01
0.99990645 9.46776052e-01
0.99990799 9.37601224e-01
0.99990954 9.28579613e-01
0.99991112 9.19681722e-01
0.99991273 9.10871456e-01
0.99991438 9.02108207e-01
0.99991607 8.93362021e-01
0.99991782 8.84608221e-01
0.99991962 8.75823304e-01
0.99992147 8.66983059e-01
0.99992339 8.58070905e-01
0.99992538 8.49086132e-01
0.99992743 8.40035961e-01
0.99992956 8.30919661e-01
0.99993176 8.21731613e-01
0.99993404 8.12469101e-01
0.99993638 8.03131842e-01
0.99993880 7.93718961e-01
0.99994129 7.84229971e-01
0.99994386 7.74671378e-01
0.99994649 7.65060720e-01
0.99994919 7.55411507e-01
0.99995196 7.45725410e-01
0.99995480 7.36002587e-01
0.99995770 7.26246840e-01
0.99996066 7.16463848e-01
0.99996367 7.06662746e-01
0.99996675 6.96856665e-01
0.99996988 6.87068271e-01
0.99997306 6.77331842e-01
0.99997629 6.67669765e-01
0.99997956 6.58074781e-01
0.99998288 6.48511759e-01
0.99998623 6.38934272e-01
0.99998963 6.29315444e-01
0.99999305 6.19659143e-01
0.99999651 6.09987494e-01
1.00000000 6.00321198e-01
1.00000925 5.75227301e-01
1.00001867 5.50653915e-01
1.00002824 5.27165987e-01
1.00003791 5.04953054e-01
1.00004767 4.83399692e-01
1.00005749 4.62135541e-01
1.00006734 4.41463493e-01
1.00007723 4.21650554e-01
1.00008712 4.02613629e-01
1.00009701 3.84258807e-01
1.00010689 3.66659469e-01
1.00011673 3.49834323e-01
1.00012652 3.33633745e-01
1.00013628 3.17968752e-01
1.00014600 3.02961154e-01
1.00015568 2.88812005e-01
1.00016534 2.75547381e-01
1.00017496 2.62977306e-01
1.00018452 2.50888240e-01
1.00019402 2.39131717e-01
1.00020346 2.27722787e-01
1.00021284 2.16807642e-01
1.00022216 2.06426051e-01
1.00023144 1.96529201e-01
1.00024066 1.87104584e-01
1.00024981 1.78148884e-01
1.00025890 1.69635567e-01
1.00026794 1.61530806e-01
1.00027693 1.53809241e-01
1.00028588 1.46446996e-01
1.00029480 1.39425581e-01
1.00030370 1.32731959e-01
1.00031256 1.26351789e-01
1.00032140 1.20268842e-01
1.00033022 1.14467555e-01
1.00033902 1.08935649e-01
1.00034780 1.03662240e-01
1.00035658 9.86366168e-02
1.00036534 9.38492061e-02
1.00037410 8.92897450e-02
1.00038285 8.49465221e-02
1.00039160 8.08076477e-02
1.00040033 7.68623541e-02
1.00040906 7.31020602e-02
1.00041778 6.95207303e-02
1.00042650 6.61117521e-02
1.00043520 6.28658617e-02
1.00044390 5.97735982e-02
1.00045259 5.68272953e-02
1.00046128 5.40198956e-02
1.00046995 5.13462173e-02
1.00047860 4.88041653e-02
1.00048725 4.63915463e-02
1.00049588 4.41044940e-02
1.00050450 4.19361978e-02
1.00051310 3.98783681e-02
1.00052168 3.79254957e-02
1.00053025 3.60737604e-02
1.00053881 3.43189115e-02
1.00054734 3.26559266e-02
1.00055586 3.10790134e-02
1.00056436 2.95827688e-02
1.00057285 2.81625191e-02
1.00058131 2.68140355e-02
1.00058975 2.55333744e-02
1.00059817 2.43168744e-02
1.00060657 2.31614737e-02
1.00061494 2.20644381e-02
1.00062328 2.10231175e-02
1.00063159 2.00347049e-02
1.00063988 1.90962767e-02
1.00064813 1.82052621e-02
1.00065634 1.73595978e-02
1.00066451 1.65573572e-02
1.00067265 1.57965298e-02
1.00068073 1.50749193e-02
1.00068877 1.43903923e-02
1.00069676 1.37412675e-02
1.00070468 1.31260592e-02
1.00071255 1.25432416e-02
