# ADIPLS gamma1,rho kernel K_(Gamma1,rho)(r) for Model S
# Code: ADIPLS (bundled with MESA 26.04.1), igm1kr=1, variational, istsbc=1, icow=0, mdintg=5
# Model: fgong.l5bi.d.15c (md5 8a076ec1810e9871cdf21f6ecdf72016), G=6.67430e-8 cgs
# Mode: l=2 n=17 nu=2621.7518 uHz
# ADIPLS convention: delta(omega)/omega = INTEGRAL[ K * delta(Gamma1) * dx ], x=r/R  (ABSOLUTE delta Gamma1; see README.md)
# columns: x=r/R    K_gamma1_rho
0.00000000 0.00000000e+00
0.00139108 1.81461223e-12
0.00140979 1.95823963e-12
0.00142875 2.12402489e-12
0.00144796 2.30107380e-12
0.00146744 2.49284266e-12
0.00148717 2.70085658e-12
0.00150717 2.92621919e-12
0.00152744 3.17039765e-12
0.00154798 3.43496475e-12
0.00156880 3.72159711e-12
0.00158990 4.03212729e-12
0.00161128 4.36857339e-12
0.00163295 4.73311193e-12
0.00165491 5.12806473e-12
0.00167716 5.55595586e-12
0.00169972 6.01955846e-12
0.00172258 6.52187629e-12
0.00174574 7.06610610e-12
0.00176922 7.65572042e-12
0.00179301 8.29449627e-12
0.00181713 8.98651157e-12
0.00184156 9.73623919e-12
0.00186633 1.05486339e-11
0.00189143 1.14290659e-11
0.00191686 1.23831170e-11
0.00194264 1.34165094e-11
0.00196877 1.45356003e-11
0.00199525 1.57478679e-11
0.00202208 1.70616754e-11
0.00204927 1.84855737e-11
0.00207683 2.00283320e-11
0.00210476 2.16995706e-11
0.00213306 2.35100875e-11
0.00216175 2.54716652e-11
0.00219082 2.75969306e-11
0.00222029 2.98995164e-11
0.00225014 3.23942204e-11
0.00228040 3.50970652e-11
0.00231107 3.80254270e-11
0.00234215 4.11980992e-11
0.00237365 4.46354364e-11
0.00240557 4.83595760e-11
0.00243792 5.23944292e-11
0.00247071 5.67659072e-11
0.00250394 6.15020780e-11
0.00253761 6.66333856e-11
0.00257174 7.21927897e-11
0.00260632 7.82159879e-11
0.00264137 8.47416775e-11
0.00267689 9.18117602e-11
0.00271289 9.94716359e-11
0.00274938 1.07770545e-10
0.00278635 1.16761769e-10
0.00282382 1.26503059e-10
0.00286180 1.37056973e-10
0.00290029 1.48491266e-10
0.00293929 1.60879429e-10
0.00297882 1.74300968e-10
0.00301888 1.88842105e-10
0.00305948 2.04596231e-10
0.00310062 2.21664487e-10
0.00314232 2.40156390e-10
0.00318458 2.60190775e-10
0.00322741 2.81896372e-10
0.00327081 3.05412461e-10
0.00331480 3.30889870e-10
0.00335938 3.58492410e-10
0.00340455 3.88397311e-10
0.00345034 4.20796244e-10
0.00349674 4.55897339e-10
0.00354377 4.93926112e-10
0.00359142 5.35126720e-10
0.00363972 5.79763452e-10
0.00368867 6.28122745e-10
0.00373828 6.80514806e-10
0.00378855 7.37276423e-10
0.00383950 7.98771884e-10
0.00389113 8.65395287e-10
0.00394346 9.37574446e-10
0.00399649 1.01577309e-09
0.00405024 1.10049241e-09
0.00410471 1.19227567e-09
0.00415991 1.29171218e-09
0.00421585 1.39944010e-09
0.00427255 1.51615010e-09
0.00433000 1.64259080e-09
0.00438823 1.77957467e-09
0.00444725 1.92797843e-09
0.00450705 2.08875459e-09
0.00456766 2.26293410e-09
0.00462909 2.45163471e-09
0.00469134 2.65606637e-09
0.00475443 2.87753933e-09
0.00481837 3.11747377e-09
0.00488316 3.37740818e-09
0.00494883 3.65900808e-09
0.00501538 3.96407860e-09
0.00508283 4.29457743e-09
0.00515118 4.65261956e-09
0.00522045 5.04050024e-09
0.00529065 5.46070457e-09
0.00536180 5.91592627e-09
0.00543390 6.40908072e-09
0.00550697 6.94332809e-09
0.00558102 7.52208799e-09
0.00565607 8.14907049e-09
0.00573213 8.82828844e-09
0.00580921 9.56409248e-09
0.00588732 1.03611855e-08
0.00596649 1.12246782e-08
0.00604672 1.21600942e-08
0.00612802 1.31734183e-08
0.00621042 1.42711425e-08
0.00629393 1.54602856e-08
0.00637856 1.67484506e-08
0.00646433 1.81438649e-08
0.00655124 1.96554648e-08
0.00663933 2.12929263e-08
0.00672860 2.30667008e-08
0.00681907 2.49881298e-08
0.00691075 2.70694958e-08
0.00700366 2.93240692e-08
0.00709783 3.17662874e-08
0.00719325 3.44117448e-08
0.00728996 3.72772884e-08
0.00738796 4.03812414e-08
0.00748729 4.37434358e-08
0.00758794 4.73852932e-08
0.00768994 5.13300229e-08
0.00779332 5.56028255e-08
0.00789808 6.02309006e-08
0.00800425 6.52437664e-08
0.00811184 7.06733711e-08
0.00822087 7.65542809e-08
0.00833136 8.29239406e-08
0.00844334 8.98228967e-08
0.00855682 9.72950763e-08
0.00867182 1.05387965e-07
0.00878835 1.14153028e-07
0.00890645 1.23645954e-07
0.00902614 1.33927095e-07
0.00914742 1.45061818e-07
0.00927033 1.57120661e-07
0.00939488 1.70180169e-07
0.00952110 1.84323194e-07
0.00964901 1.99639404e-07
0.00977863 2.16225902e-07
0.00990998 2.34187558e-07
0.01004309 2.53638143e-07
0.01017797 2.74700594e-07
0.01031466 2.97508154e-07
0.01045317 3.22204943e-07
0.01059352 3.48946691e-07
0.01073575 3.77902196e-07
0.01087988 4.09254256e-07
0.01102593 4.43200119e-07
0.01117392 4.79953577e-07
0.01132388 5.19745578e-07
0.01147584 5.62826317e-07
0.01162981 6.09466357e-07
0.01178583 6.59958326e-07
0.01194393 7.14618550e-07
0.01210412 7.73789648e-07
0.01226643 8.37841289e-07
0.01243090 9.07173966e-07
0.01259754 9.82219732e-07
0.01276639 1.06344673e-06
0.01293747 1.15136105e-06
0.01311080 1.24650981e-06
0.01328642 1.34948329e-06
0.01346436 1.46091921e-06
0.01364464 1.58150791e-06
0.01382728 1.71199621e-06
0.01401233 1.85318982e-06
0.01419980 2.00595728e-06
0.01438973 2.17123796e-06
0.01458213 2.35004896e-06
0.01477705 2.54348644e-06
0.01497452 2.75273262e-06
0.01517455 2.97906542e-06
0.01537717 3.22386317e-06
0.01558243 3.48861425e-06
0.01579034 3.77492592e-06
0.01600094 4.08452844e-06
0.01621425 4.41929188e-06
0.01643031 4.78123236e-06
0.01664913 5.17252008e-06
0.01687076 5.59549656e-06
0.01709522 6.05268986e-06
0.01732253 6.54681348e-06
0.01755273 7.08079940e-06
0.01778584 7.65780568e-06
0.01802189 8.28123098e-06
0.01826091 8.95473020e-06
0.01850292 9.68223960e-06
0.01874796 1.04679981e-05
0.01899604 1.13165555e-05
0.01924720 1.22328081e-05
0.01950146 1.32220179e-05
0.01975883 1.42898463e-05
0.02001936 1.54423762e-05
0.02028306 1.66861230e-05
0.02054995 1.80280762e-05
0.02082005 1.94757669e-05
0.02109339 2.10372520e-05
0.02136999 2.27211627e-05
0.02164986 2.45367662e-05
0.02193302 2.64939730e-05
0.02221950 2.86034001e-05
0.02250930 3.08764204e-05
0.02280244 3.33251806e-05
0.02309893 3.59626623e-05
0.02339879 3.88027728e-05
0.02370203 4.18603298e-05
0.02400865 4.51511470e-05
0.02431867 4.86921429e-05
0.02463209 5.25013050e-05
0.02494891 5.65978290e-05
0.02526915 6.10021629e-05
0.02559279 6.57360006e-05
0.02591984 7.08224612e-05
0.02625029 7.62861329e-05
0.02658415 8.21531353e-05
0.02692140 8.84511756e-05
0.02726205 9.52095409e-05
0.02760607 1.02459450e-04
0.02795345 1.10233893e-04
0.02830418 1.18567624e-04
0.02865825 1.27497590e-04
0.02901563 1.37062797e-04
0.02937632 1.47304514e-04
0.02974027 1.58265982e-04
0.03010748 1.69992963e-04
0.03047790 1.82533559e-04
0.03085151 1.95938589e-04
0.03122829 2.10261209e-04
0.03160820 2.25557504e-04
0.03199120 2.41886214e-04
0.03237725 2.59308949e-04
0.03276633 2.77890298e-04
0.03315839 2.97697806e-04
0.03355338 3.18801884e-04
0.03395126 3.41276284e-04
0.03435199 3.65198173e-04
0.03475552 3.90648042e-04
0.03516181 4.17709939e-04
0.03557080 4.46470915e-04
0.03598244 4.77021264e-04
0.03639668 5.09455220e-04
0.03681346 5.43870820e-04
0.03723274 5.80369771e-04
0.03765447 6.19057590e-04
0.03807858 6.60042937e-04
0.03850501 7.03438396e-04
0.03893373 7.49361163e-04
0.03936466 7.97931860e-04
0.03979775 8.49275056e-04
0.04023296 9.03518527e-04
0.04067021 9.60794567e-04
0.04110945 1.02123975e-03
0.04155064 1.08499528e-03
0.04199371 1.15220457e-03
0.04243860 1.22301491e-03
0.04288527 1.29758019e-03
0.04333367 1.37605583e-03
0.04378373 1.45860217e-03
0.04423540 1.54538276e-03
0.04468864 1.63656516e-03
0.04514339 1.73232359e-03
0.04559961 1.83283291e-03
0.04605724 1.93827255e-03
0.04651624 2.04882701e-03
0.04697655 2.16468203e-03
0.04743815 2.28602891e-03
0.04790097 2.41306545e-03
0.04836499 2.54598928e-03
0.04883015 2.68500252e-03
0.04929642 2.83031092e-03
0.04976375 2.98212561e-03
0.05023212 3.14066096e-03
0.05070148 3.30613224e-03
0.05117180 3.47875984e-03
0.05164305 3.65877001e-03
0.05211519 3.84638866e-03
0.05258819 4.04184803e-03
0.05306202 4.24538392e-03
0.05353666 4.45722978e-03
0.05401207 4.67762622e-03
0.05448824 4.90682410e-03
0.05496514 5.14506631e-03
0.05544273 5.39260075e-03
0.05592099 5.64968191e-03
0.05639992 5.91656628e-03
0.05687949 6.19351585e-03
0.05735968 6.48079127e-03
0.05784047 6.77865327e-03
0.05832184 7.08737273e-03
0.05880379 7.40722215e-03
0.05928628 7.73847136e-03
0.05976932 8.08139494e-03
0.06025288 8.43626883e-03
0.06073696 8.80337656e-03
0.06122155 9.18300587e-03
0.06170664 9.57543241e-03
0.06219220 9.98094175e-03
0.06267824 1.03998292e-02
0.06316476 1.08323882e-02
0.06365174 1.12789019e-02
0.06413917 1.17396682e-02
0.06462705 1.22149822e-02
0.06511539 1.27051462e-02
0.06560416 1.32104630e-02
0.06609337 1.37312177e-02
0.06658302 1.42677192e-02
0.06707311 1.48202825e-02
0.06756363 1.53892063e-02
0.06805458 1.59747971e-02
0.06854596 1.65773554e-02
0.06903777 1.71971905e-02
0.06953002 1.78346127e-02
0.07002271 1.84899336e-02
0.07051583 1.91634629e-02
0.07100938 1.98555059e-02
0.07150339 2.05663776e-02
0.07199783 2.12963816e-02
0.07249272 2.20458378e-02
0.07298807 2.28150634e-02
0.07348387 2.36043502e-02
0.07398014 2.44140085e-02
0.07447687 2.52443636e-02
0.07497408 2.60957167e-02
0.07547176 2.69683728e-02
0.07596993 2.78626534e-02
0.07646859 2.87788534e-02
0.07696776 2.97172952e-02
0.07746744 3.06782793e-02
0.07796764 3.16620931e-02
0.07846837 3.26690525e-02
0.07896963 3.36994699e-02
0.07947144 3.47536266e-02
0.07997381 3.58318371e-02
0.08047674 3.69343674e-02
0.08098024 3.80615155e-02
0.08148432 3.92135825e-02
0.08198902 4.03908853e-02
0.08249433 4.15936926e-02
0.08300025 4.28222510e-02
0.08350680 4.40768546e-02
0.08401400 4.53578069e-02
0.08452187 4.66653671e-02
0.08503040 4.79997777e-02
0.08553960 4.93613356e-02
0.08604950 5.07502704e-02
0.08656011 5.21668300e-02
0.08707143 5.36112742e-02
0.08758349 5.50838251e-02
0.08809629 5.65847426e-02
0.08860985 5.81142495e-02
0.08912419 5.96725781e-02
0.08963932 6.12599182e-02
0.09015524 6.28764709e-02
0.09067198 6.45224671e-02
0.09118955 6.61981170e-02
0.09170796 6.79035439e-02
0.09222723 6.96389802e-02
0.09274738 7.14045628e-02
0.09326842 7.32004497e-02
0.09379036 7.50266713e-02
0.09431322 7.68834898e-02
0.09483702 7.87712071e-02
0.09536178 8.06896827e-02
0.09588750 8.26391279e-02
0.09641421 8.46196234e-02
0.09694191 8.66312053e-02
0.09747064 8.86739964e-02
0.09800041 9.07480216e-02
0.09853124 9.28533630e-02
0.09906314 9.49900326e-02
0.09959612 9.71580269e-02
0.10013022 9.93573710e-02
0.10066545 1.01588012e-01
0.10120182 1.03849982e-01
0.10173936 1.06143232e-01
0.10227809 1.08467675e-01
0.10281802 1.10823177e-01
0.10335917 1.13209710e-01
0.10390157 1.15627144e-01
0.10444523 1.18075297e-01
0.10499018 1.20554021e-01
0.10553644 1.23063234e-01
0.10608402 1.25602638e-01
0.10663294 1.28171956e-01
0.10718324 1.30771091e-01
0.10773492 1.33399719e-01
0.10828802 1.36057489e-01
0.10884255 1.38744123e-01
0.10939854 1.41459306e-01
0.10995601 1.44202637e-01
0.11051498 1.46973711e-01
0.11107547 1.49772124e-01
0.11163750 1.52597378e-01
0.11220111 1.55449002e-01
0.11276631 1.58326459e-01
0.11333313 1.61229213e-01
0.11390159 1.64156714e-01
0.11447172 1.67108310e-01
0.11504354 1.70083309e-01
0.11561706 1.73081104e-01
0.11619233 1.76100931e-01
0.11676936 1.79142013e-01
0.11734817 1.82203562e-01
0.11792880 1.85284711e-01
0.11851127 1.88384629e-01
0.11909560 1.91502282e-01
0.11968183 1.94636763e-01
0.12026996 1.97787122e-01
0.12086003 2.00952177e-01
0.12145207 2.04130843e-01
0.12204610 2.07321959e-01
0.12264215 2.10524378e-01
0.12324024 2.13736790e-01
0.12384040 2.16957951e-01
0.12444266 2.20186459e-01
0.12504705 2.23420916e-01
0.12565359 2.26659877e-01
0.12626230 2.29901754e-01
0.12687321 2.33144909e-01
0.12748635 2.36387743e-01
0.12810174 2.39628615e-01
0.12871941 2.42865758e-01
0.12933939 2.46097352e-01
0.12996170 2.49321520e-01
0.13058637 2.52536276e-01
0.13121342 2.55739735e-01
0.13184288 2.58929742e-01
0.13247477 2.62104087e-01
0.13310912 2.65260648e-01
0.13374596 2.68397270e-01
0.13438529 2.71511574e-01
0.13502716 2.74601142e-01
0.13567159 2.77663428e-01
0.13631860 2.80695913e-01
0.13696820 2.83696117e-01
0.13762044 2.86661325e-01
0.13827532 2.89588842e-01
0.13893287 2.92475924e-01
0.13959311 2.95319702e-01
0.14025607 2.98117248e-01
0.14092176 3.00865578e-01
0.14159020 3.03561643e-01
0.14226141 3.06202227e-01
0.14293542 3.08784263e-01
0.14361223 3.11304694e-01
0.14429188 3.13760194e-01
0.14497437 3.16147374e-01
0.14565971 3.18462772e-01
0.14634794 3.20703084e-01
0.14703905 3.22865099e-01
0.14773307 3.24944888e-01
0.14843000 3.26939286e-01
0.14912986 3.28844621e-01
0.14983267 3.30657184e-01
0.15053843 3.32373589e-01
0.15124715 3.33990213e-01
0.15195884 3.35503475e-01
0.15267351 3.36909506e-01
0.15339115 3.38204832e-01
0.15411179 3.39385978e-01
0.15483541 3.40449245e-01
0.15556203 3.41390923e-01
0.15629164 3.42207439e-01
0.15702424 3.42895239e-01
0.15775982 3.43450898e-01
0.15849839 3.43871023e-01
0.15923995 3.44152084e-01
0.15998448 3.44290826e-01
0.16073197 3.44284048e-01
0.16148242 3.44128587e-01
0.16223583 3.43821422e-01
0.16299217 3.43359512e-01
0.16375143 3.42740053e-01
0.16451361 3.41960727e-01
0.16527867 3.41018732e-01
0.16604662 3.39911612e-01
0.16681743 3.38637331e-01
0.16759107 3.37193827e-01
0.16836754 3.35579278e-01
0.16914680 3.33792069e-01
0.16992884 3.31830861e-01
0.17071362 3.29694389e-01
0.17150113 3.27381769e-01
0.17229134 3.24892246e-01
0.17308421 3.22225448e-01
0.17387971 3.19381146e-01
0.17467783 3.16359699e-01
0.17547852 3.13161257e-01
0.17628175 3.09786674e-01
0.17708748 3.06236981e-01
0.17789570 3.02513536e-01
0.17870634 2.98617931e-01
0.17951939 2.94552317e-01
0.18033480 2.90318963e-01
0.18115254 2.85920520e-01
0.18197256 2.81360065e-01
0.18279485 2.76641167e-01
0.18361935 2.71767552e-01
0.18444604 2.66743196e-01
0.18527487 2.61572672e-01
0.18610582 2.56260760e-01
0.18693884 2.50812630e-01
0.18777389 2.45233889e-01
0.18861094 2.39530572e-01
0.18944994 2.33708926e-01
0.19029085 2.27775732e-01
0.19113364 2.21737890e-01
0.19197826 2.15602936e-01
0.19282467 2.09378576e-01
0.19367283 2.03072936e-01
0.19452269 1.96694262e-01
0.19537421 1.90251436e-01
0.19622735 1.83753574e-01
0.19708207 1.77209883e-01
0.19793831 1.70630024e-01
0.19879604 1.64023991e-01
0.19965521 1.57401930e-01
0.20051579 1.50774109e-01
0.20137771 1.44151141e-01
0.20224096 1.37543851e-01
0.20310548 1.30963158e-01
0.20397125 1.24420185e-01
0.20483820 1.17926040e-01
0.20570633 1.11492181e-01
0.20657557 1.05130001e-01
0.20744590 9.88510056e-02
0.20831728 9.26667312e-02
0.20918967 8.65886707e-02
0.21006305 8.06283581e-02
0.21093738 7.47972818e-02
0.21181261 6.91068828e-02
0.21268873 6.35685214e-02
0.21356570 5.81933521e-02
0.21444349 5.29924351e-02
0.21532207 4.79766690e-02
0.21620140 4.31567309e-02
0.21708147 3.85430503e-02
0.21796223 3.41458466e-02
0.21884367 2.99750065e-02
0.21972575 2.60401325e-02
0.22060845 2.23504972e-02
0.22149175 1.89149800e-02
0.22237561 1.57421042e-02
0.22326002 1.28399549e-02
0.22414495 1.02161804e-02
0.22503037 7.87796550e-03
0.22591627 5.83199863e-03
0.22680263 4.08445882e-03
0.22768942 2.64098653e-03
0.22857661 1.50666727e-03
0.22946420 6.86006313e-04
0.23035216 1.82910977e-04
0.23124047 6.72930872e-07
0.23212912 1.41950466e-04
0.23301808 6.08752902e-04
0.23390734 1.40242623e-03
0.23479688 2.52364054e-03
0.23568668 3.97237921e-03
0.23657674 5.74792596e-03
0.23746703 7.84886302e-03
0.23835755 1.02730640e-02
0.23924829 1.30176889e-02
0.24013923 1.60791854e-02
0.24103037 1.94532897e-02
0.24192170 2.31350126e-02
0.24281323 2.71186978e-02
0.24370496 3.13979581e-02
0.24459689 3.59657570e-02
0.24548904 4.08143946e-02
0.24638142 4.59355166e-02
0.24727407 5.13200972e-02
0.24816700 5.69585706e-02
0.24906027 6.28407937e-02
0.24995391 6.89559671e-02
0.25084798 7.52927797e-02
0.25174254 8.18394597e-02
0.25263767 8.85836758e-02
0.25353346 9.55127127e-02
0.25442999 1.02613272e-01
0.25532737 1.09871731e-01
0.25622573 1.17273998e-01
0.25712518 1.24805572e-01
0.25802585 1.32451540e-01
0.25892788 1.40196573e-01
0.25983142 1.48024822e-01
0.26073660 1.55920014e-01
0.26164356 1.63865388e-01
0.26255244 1.71843772e-01
0.26346335 1.79837346e-01
0.26437642 1.87827866e-01
0.26529174 1.95796397e-01
0.26620938 2.03723522e-01
0.26712939 2.11589377e-01
0.26805179 2.19373460e-01
0.26897658 2.27054649e-01
0.26990370 2.34611367e-01
0.27083309 2.42021565e-01
0.27176462 2.49263119e-01
0.27269815 2.56313666e-01
0.27363349 2.63150831e-01
0.27457045 2.69752443e-01
0.27550879 2.76096534e-01
0.27644826 2.82161753e-01
0.27738859 2.87927452e-01
0.27832952 2.93373983e-01
0.27927079 2.98482680e-01
0.28021212 3.03235584e-01
0.28115327 3.07616452e-01
0.28209400 3.11610521e-01
0.28303409 3.15204344e-01
0.28397337 3.18385634e-01
0.28491166 3.21143919e-01
0.28584883 3.23470347e-01
0.28678477 3.25357162e-01
0.28771938 3.26798386e-01
0.28865262 3.27789142e-01
0.28958445 3.28326339e-01
0.29051484 3.28407917e-01
0.29144381 3.28033299e-01
0.29237136 3.27202869e-01
0.29329753 3.25918543e-01
0.29422236 3.24183544e-01
0.29514590 3.22001835e-01
0.29606821 3.19378877e-01
0.29698935 3.16321123e-01
0.29790938 3.12836001e-01
0.29882839 3.08932413e-01
0.29974642 3.04620091e-01
0.30066357 2.99909896e-01
0.30157988 2.94813830e-01
0.30249544 2.89344472e-01
0.30341031 2.83515948e-01
0.30432454 2.77343438e-01
0.30523821 2.70842782e-01
0.30615136 2.64030743e-01
0.30706406 2.56925346e-01
0.30797636 2.49545383e-01
0.30888831 2.41910525e-01
0.30979995 2.34041234e-01
0.31071133 2.25958778e-01
0.31162249 2.17685332e-01
0.31253347 2.09243669e-01
0.31344430 2.00657203e-01
0.31435503 1.91950111e-01
0.31526567 1.83146930e-01
0.31617626 1.74272829e-01
0.31708683 1.65353440e-01
0.31799741 1.56414866e-01
0.31890801 1.47483297e-01
0.31981865 1.38585307e-01
0.32072937 1.29747442e-01
0.32164018 1.20996505e-01
0.32255109 1.12359158e-01
0.32346212 1.03862076e-01
0.32437329 9.55318642e-02
0.32528461 8.73947907e-02
0.32619609 7.94768271e-02
0.32710775 7.18036011e-02
0.32801960 6.44002344e-02
0.32893165 5.72912145e-02
0.32984390 5.05004448e-02
0.33075637 4.40511509e-02
0.33166907 3.79656711e-02
0.33258200 3.22654927e-02
0.33349517 2.69711193e-02
0.33440859 2.21019867e-02
0.33532226 1.76764059e-02
0.33623620 1.37114946e-02
0.33715040 1.02231102e-02
0.33806487 7.22574690e-03
0.33897962 4.73249688e-03
0.33989465 2.75498171e-03
0.34080996 1.30329517e-03
0.34172557 3.85949184e-04
0.34264147 9.82190440e-06
0.34355767 1.80112421e-04
0.34447418 9.00299727e-04
0.34539098 2.17210661e-03
0.34630810 3.99547060e-03
0.34722552 6.36852464e-03
0.34814327 9.28757143e-03
0.34906133 1.27470606e-02
0.34997971 1.67396035e-02
0.35089841 2.12559429e-02
0.35181744 2.62849889e-02
0.35273679 3.18138109e-02
0.35365648 3.78276637e-02
0.35457649 4.43100183e-02
0.35549684 5.12425774e-02
0.35641753 5.86053574e-02
0.35733856 6.63766423e-02
0.35825993 7.45331543e-02
0.35918164 8.30500078e-02
0.36010370 9.19008229e-02
0.36102610 1.01057829e-01
0.36194886 1.10491849e-01
0.36287197 1.20172494e-01
0.36379544 1.30068157e-01
0.36471927 1.40146176e-01
0.36564346 1.50372930e-01
0.36656801 1.60713917e-01
0.36749292 1.71133787e-01
0.36841820 1.81596761e-01
0.36934385 1.92066335e-01
0.37026988 2.02505648e-01
0.37119627 2.12877735e-01
0.37212304 2.23145432e-01
0.37305019 2.33271409e-01
0.37397772 2.43218498e-01
0.37490563 2.52949816e-01
0.37583392 2.62428921e-01
0.37676260 2.71620125e-01
0.37769167 2.80488052e-01
0.37862113 2.88998392e-01
0.37955098 2.97117714e-01
0.38048122 3.04813741e-01
0.38141187 3.12055465e-01
0.38234291 3.18813398e-01
0.38327435 3.25059144e-01
0.38420619 3.30766351e-01
0.38513845 3.35910431e-01
0.38607110 3.40468347e-01
0.38700417 3.44419320e-01
0.38793765 3.47744580e-01
0.38887155 3.50427598e-01
0.38980586 3.52454322e-01
0.39074059 3.53812720e-01
0.39167574 3.54493631e-01
0.39261132 3.54489947e-01
0.39354732 3.53797558e-01
0.39448375 3.52415083e-01
0.39542060 3.50343701e-01
0.39635790 3.47587248e-01
0.39729563 3.44152537e-01
0.39823379 3.40048547e-01
0.39917240 3.35287811e-01
0.40011145 3.29885406e-01
0.40105095 3.23858870e-01
0.40199089 3.17228759e-01
0.40293129 3.10018216e-01
0.40387215 3.02252654e-01
0.40481346 2.93960596e-01
0.40575520 2.85173135e-01
0.40669745 2.75922599e-01
0.40764055 2.66240590e-01
0.40858429 2.56166802e-01
0.40952611 2.45768922e-01
0.41046221 2.35134672e-01
0.41139307 2.24305869e-01
0.41232541 2.13249377e-01
0.41326485 2.01940763e-01
0.41421026 1.90437283e-01
0.41515758 1.78835435e-01
0.41610492 1.67207470e-01
0.41705244 1.55601582e-01
0.41800047 1.44064190e-01
0.41894904 1.32645599e-01
0.41989812 1.21396859e-01
0.42084771 1.10368685e-01
0.42179781 9.96111031e-02
0.42274844 8.91735412e-02
0.42369959 7.91045679e-02
0.42465127 6.94516370e-02
0.42560347 6.02610113e-02
0.42655621 5.15772609e-02
0.42750948 4.34432822e-02
0.42846330 3.58999237e-02
0.42941766 2.89858873e-02
0.43037256 2.27374495e-02
0.43132801 1.71883152e-02
0.43228402 1.23693587e-02
0.43324059 8.30849336e-03
0.43419771 5.03048062e-03
0.43515540 2.55677909e-03
0.43611365 9.05384415e-04
0.43707248 9.07022316e-05
0.43803188 1.23425237e-04
0.43899186 1.01042923e-03
0.43995242 2.75468264e-03
0.44091357 5.35517591e-03
0.44187530 8.80686382e-03
0.44283762 1.31006329e-02
0.44380054 1.82232876e-02
0.44476406 2.41575410e-02
0.44572818 3.08820383e-02
0.44669291 3.83713944e-02
0.44765824 4.65963118e-02
0.44862419 5.55235345e-02
0.44959075 6.51161060e-02
0.45055793 7.53333805e-02
0.45152574 8.61312525e-02
0.45249417 9.74621514e-02
0.45346322 1.09275469e-01
0.45443291 1.21517573e-01
0.45540324 1.34132174e-01
0.45637421 1.47060503e-01
0.45734581 1.60241418e-01
0.45831807 1.73611874e-01
0.45929097 1.87107192e-01
0.46026452 2.00661374e-01
0.46123873 2.14207220e-01
0.46221359 2.27676965e-01
0.46318912 2.41002269e-01
0.46416531 2.54114895e-01
0.46514216 2.66946986e-01
0.46611969 2.79431236e-01
0.46709788 2.91501201e-01
0.46807675 3.03092214e-01
0.46905630 3.14141120e-01
0.47003653 3.24586892e-01
0.47101743 3.34370956e-01
0.47199903 3.43437607e-01
0.47298130 3.51734503e-01
0.47396427 3.59212447e-01
0.47494793 3.65826635e-01
0.47593227 3.71535646e-01
0.47691731 3.76303199e-01
0.47790304 3.80097197e-01
0.47888947 3.82890275e-01
0.47987659 3.84660721e-01
0.48086440 3.85391987e-01
0.48185291 3.85073013e-01
0.48284211 3.83698419e-01
0.48383201 3.81268506e-01
0.48482260 3.77789750e-01
0.48581390 3.73274510e-01
0.48680589 3.67740793e-01
0.48779857 3.61212751e-01
0.48879196 3.53720660e-01
0.48978604 3.45300396e-01
0.49078082 3.35993589e-01
0.49177629 3.25847223e-01
0.49277246 3.14914009e-01
0.49376933 3.03251530e-01
0.49476690 2.90922457e-01
0.49576516 2.77994028e-01
0.49676411 2.64537802e-01
0.49776375 2.50628990e-01
0.49876409 2.36346536e-01
0.49976511 2.21772641e-01
0.50076683 2.06992034e-01
0.50176922 1.92091722e-01
0.50277230 1.77160373e-01
0.50377605 1.62287937e-01
0.50478048 1.47565100e-01
0.50578558 1.33082501e-01
0.50679134 1.18930590e-01
0.50779777 1.05198739e-01
0.50880486 9.19747975e-02
0.50981260 7.93444841e-02
0.51082099 6.73908811e-02
0.51183003 5.61938465e-02
0.51283971 4.58294126e-02
0.51385002 3.63693253e-02
0.51486096 2.78804649e-02
0.51587253 2.04243940e-02
0.51688472 1.40568845e-02
0.51789752 8.82742911e-03
0.51891093 4.77886608e-03
0.51992494 1.94698673e-03
0.52093955 3.60210859e-04
0.52195474 3.92826949e-05
0.52297052 9.97028471e-04
0.52398687 3.23815235e-03
0.52500380 6.75908535e-03
0.52602128 1.15478863e-02
0.52703932 1.75842151e-02
0.52805791 2.48392969e-02
0.52907704 3.32760611e-02
0.53009670 4.28492332e-02
0.53111689 5.35054892e-02
0.53213759 6.51837884e-02
0.53315881 7.78155780e-02
0.53418052 9.13252003e-02
0.53520273 1.05630330e-01
0.53622543 1.20642316e-01
0.53724860 1.36266863e-01
0.53827224 1.52404522e-01
0.53929634 1.68951187e-01
0.54032089 1.85798992e-01
0.54134589 2.02836878e-01
0.54237132 2.19951333e-01
0.54339718 2.37027041e-01
0.54442346 2.53947859e-01
0.54545014 2.70597433e-01
0.54647723 2.86860199e-01
0.54750471 3.02622051e-01
0.54853258 3.17771250e-01
0.54956082 3.32199351e-01
0.55058943 3.45801749e-01
0.55161840 3.58478619e-01
0.55264772 3.70135929e-01
0.55367739 3.80685723e-01
0.55470738 3.90046933e-01
0.55573770 3.98146423e-01
0.55676835 4.04919423e-01
0.55779930 4.10310105e-01
0.55883055 4.14271854e-01
0.55986210 4.16768292e-01
0.56089393 4.17773171e-01
0.56192605 4.17270708e-01
0.56295843 4.15255945e-01
0.56399108 4.11735473e-01
0.56502398 4.06726462e-01
0.56605713 4.00257614e-01
0.56709050 3.92368286e-01
0.56812411 3.83109126e-01
0.56915793 3.72541449e-01
0.57019196 3.60736731e-01
0.57122619 3.47776347e-01
0.57226061 3.33751206e-01
0.57329521 3.18761265e-01
0.57432999 3.02914553e-01
0.57536493 2.86326277e-01
0.57640003 2.69118794e-01
0.57743528 2.51420118e-01
0.57847067 2.33363070e-01
0.57950620 2.15084567e-01
0.58054184 1.96724639e-01
0.58157760 1.78424929e-01
0.58261347 1.60328031e-01
0.58364944 1.42576342e-01
0.58468550 1.25310827e-01
0.58572164 1.08669842e-01
0.58675785 9.27882879e-02
0.58779412 7.77962053e-02
0.58883045 6.38179643e-02
0.58986683 5.09709726e-02
0.59090325 3.93648922e-02
0.59193969 2.91004698e-02
0.59297616 2.02687493e-02
0.59401263 1.29502196e-02
0.59504911 7.21406557e-03
0.59608558 3.11746325e-03
0.59712203 7.04994147e-04
0.59815846 8.14646159e-06
0.59919484 1.04491419e-03
0.60023118 3.81949976e-03
0.60126747 8.32213037e-03
0.60230369 1.45289791e-02
0.60333983 2.24021996e-02
0.60437589 3.18900970e-02
0.60541185 4.29274001e-02
0.60644770 5.54356207e-02
0.60748343 6.93236483e-02
0.60851904 8.44882217e-02
0.60955450 1.00814710e-01
0.61058981 1.18178120e-01
0.61162496 1.36443686e-01
0.61265993 1.55468154e-01
0.61369471 1.75100963e-01
0.61472929 1.95185131e-01
0.61576365 2.15558614e-01
0.61679779 2.36055654e-01
0.61783169 2.56508362e-01
0.61886532 2.76747447e-01
0.61989868 2.96604628e-01
0.62093174 3.15913099e-01
0.62196449 3.34509659e-01
0.62299691 3.52235974e-01
0.62402898 3.68939841e-01
0.62506069 3.84476717e-01
0.62609201 3.98710552e-01
0.62712293 4.11515974e-01
0.62815344 4.22778791e-01
0.62918350 4.32397122e-01
0.63021311 4.40282438e-01
0.63124224 4.46360774e-01
0.63227088 4.50572931e-01
0.63329899 4.52875649e-01
0.63432658 4.53241747e-01
0.63535360 4.51660980e-01
0.63638005 4.48139831e-01
0.63740590 4.42701552e-01
0.63843113 4.35386171e-01
0.63945573 4.26250599e-01
0.64047966 4.15368095e-01
0.64150291 4.02827663e-01
0.64252546 3.88732955e-01
0.64354728 3.73202531e-01
0.64456836 3.56367908e-01
0.64558866 3.38373248e-01
0.64660816 3.19373606e-01
0.64762681 2.99534036e-01
0.64864460 2.79027895e-01
0.64966147 2.58035417e-01
0.65067741 2.36742169e-01
0.65169238 2.15337390e-01
0.65270633 1.94012087e-01
0.65371924 1.72957719e-01
0.65473107 1.52364147e-01
0.65574178 1.32417991e-01
0.65675132 1.13300898e-01
0.65775967 9.51877763e-02
0.65876679 7.82453123e-02
0.65977262 6.26302973e-02
0.66077714 4.84882194e-02
0.66178031 3.59518945e-02
0.66278208 2.51401151e-02
0.66378244 1.61566050e-02
0.66478133 9.08903282e-03
0.66577874 4.00818161e-03
0.66677463 9.67277111e-04
0.66776897 1.48701646e-06
0.66876175 1.12758584e-03
0.66975294 4.34377940e-03
0.67074252 9.62969898e-03
0.67173046 1.69465444e-02
0.67271674 2.62373675e-02
0.67370134 3.74276123e-02
0.67468423 5.04256490e-02
0.67566537 6.51235927e-02
0.67664475 8.13981711e-02
0.67762230 9.91119232e-02
0.67859801 1.18114253e-01
0.67957181 1.38242785e-01
0.68054366 1.59324899e-01
0.68151348 1.81178989e-01
0.68248120 2.03616000e-01
0.68344673 2.26441603e-01
0.68440999 2.49458375e-01
0.68537089 2.72467100e-01
0.68632935 2.95268939e-01
0.68728531 3.17667430e-01
0.68823866 3.39470144e-01
0.68918934 3.60490492e-01
0.69013724 3.80549097e-01
0.69108227 3.99475536e-01
0.69202432 4.17110477e-01
0.69296329 4.33307355e-01
0.69389909 4.47932017e-01
0.69483158 4.60865153e-01
0.69576066 4.72004145e-01
0.69668622 4.81263545e-01
0.69760816 4.88573572e-01
0.69852633 4.93881778e-01
0.69944061 4.97155884e-01
0.70035085 4.98382043e-01
0.70125690 4.97563420e-01
0.70215856 4.94720327e-01
0.70305566 4.89892580e-01
0.70394810 4.83138005e-01
0.70483582 4.74528150e-01
0.70571868 4.64148997e-01
0.70659634 4.52103525e-01
0.70746856 4.38509399e-01
0.70833511 4.23495370e-01
0.70919573 4.07201098e-01
0.71005364 3.89693199e-01
0.71091383 3.70996338e-01
0.71177606 3.51262287e-01
0.71263786 3.30688118e-01
0.71349863 3.09424604e-01
0.71435837 2.87638193e-01
0.71521709 2.65506330e-01
0.71607477 2.43203697e-01
0.71693141 2.20908584e-01
0.71778702 1.98800431e-01
0.71864157 1.77059091e-01
0.71949508 1.55862975e-01
0.72034752 1.35387635e-01
0.72119891 1.15804396e-01
0.72204924 9.72788745e-02
0.72289849 7.99698034e-02
0.72374667 6.40274033e-02
0.72459377 4.95922759e-02
0.72543979 3.67941212e-02
0.72628472 2.57506196e-02
0.72712856 1.65663176e-02
0.72797130 9.33166779e-03
0.72881294 4.12217953e-03
0.72965347 9.97624367e-04
0.73049289 1.41980128e-06
0.73133120 1.16010945e-03
0.73216838 4.48297909e-03
0.73300444 9.96181245e-03
0.73383937 1.75707791e-02
0.73467317 2.72664719e-02
0.73550583 3.89881483e-02
0.73633734 5.26579955e-02
0.73716771 6.81816299e-02
0.73799692 8.54487263e-02
0.73882498 1.04333833e-01
0.73965188 1.24697134e-01
0.74047761 1.46385623e-01
0.74130217 1.69234099e-01
0.74212555 1.93066616e-01
0.74294776 2.17697639e-01
0.74376878 2.42933641e-01
0.74458861 2.68574535e-01
0.74540725 2.94415425e-01
0.74622469 3.20248157e-01
0.74704093 3.45862916e-01
0.74785597 3.71050537e-01
0.74866979 3.95603332e-01
0.74948240 4.19317741e-01
0.75029379 4.41995515e-01
0.75110395 4.63445634e-01
0.75191288 4.83486127e-01
0.75272059 5.01945287e-01
0.75352705 5.18663469e-01
0.75433227 5.33494600e-01
0.75513624 5.46307271e-01
0.75593897 5.56986884e-01
0.75674044 5.65435195e-01
0.75754065 5.71572179e-01
0.75833959 5.75337009e-01
0.75913727 5.76688811e-01
0.75993367 5.75606180e-01
0.76072880 5.72088968e-01
0.76152265 5.66157697e-01
0.76231521 5.57853546e-01
0.76310648 5.47238433e-01
0.76389646 5.34394030e-01
0.76468514 5.19422185e-01
0.76547252 5.02443372e-01
0.76625859 4.83596039e-01
0.76704335 4.63036165e-01
0.76782680 4.40935069e-01
0.76860892 4.17478651e-01
0.76938973 3.92865788e-01
0.77016920 3.67306640e-01
0.77094735 3.41021195e-01
0.77172416 3.14236946e-01
0.77249962 2.87187490e-01
0.77327375 2.60110259e-01
0.77404652 2.33244274e-01
0.77481794 2.06828552e-01
0.77558801 1.81099919e-01
0.77635671 1.56290748e-01
0.77712404 1.32626829e-01
0.77789001 1.10325663e-01
0.77865460 8.95942674e-02
0.77941782 7.06274423e-02
0.78017965 5.36057272e-02
0.78094010 3.86940252e-02
0.78169915 2.60398613e-02
0.78245681 1.57720214e-02
0.78321307 7.99925032e-03
0.78396793 2.80920309e-03
0.78472138 2.67504280e-04
0.78547342 4.17020939e-04
0.78622404 3.27732920e-03
0.78697325 8.84438302e-03
0.78772104 1.70903875e-02
0.78846739 2.79638699e-02
0.78921232 4.13899703e-02
0.78995582 5.72709910e-02
0.79069788 7.54870439e-02
0.79143850 9.58970344e-02
0.79217767 1.18339654e-01
0.79291539 1.42634804e-01
0.79365166 1.68584904e-01
0.79438648 1.95976830e-01
0.79511983 2.24583270e-01
0.79585172 2.54165039e-01
0.79658214 2.84472837e-01
0.79731109 3.15249636e-01
0.79803856 3.46232778e-01
0.79876455 3.77156320e-01
0.79948906 4.07752969e-01
0.80021208 4.37757442e-01
0.80093360 4.66907774e-01
0.80165363 4.94948281e-01
0.80237216 5.21631697e-01
0.80308918 5.46721602e-01
0.80380470 5.69994195e-01
0.80451870 5.91240893e-01
0.80523119 6.10269798e-01
0.80594216 6.26907901e-01
0.80665161 6.41002319e-01
0.80735953 6.52422375e-01
0.80806592 6.61060261e-01
0.80877078 6.66832507e-01
0.80947410 6.69680590e-01
0.81017588 6.69571770e-01
0.81087612 6.66498898e-01
0.81157482 6.60482422e-01
0.81227196 6.51568307e-01
0.81296755 6.39828942e-01
0.81366159 6.25361470e-01
0.81435406 6.08288762e-01
0.81504497 5.88756842e-01
0.81573432 5.66934479e-01
0.81642210 5.43011477e-01
0.81710830 5.17198026e-01
0.81779293 4.89721555e-01
0.81847598 4.60825186e-01
0.81915745 4.30766226e-01
0.81983733 3.99813087e-01
0.82051563 3.68243691e-01
0.82119233 3.36342560e-01
0.82186745 3.04398424e-01
0.82254096 2.72702057e-01
0.82321287 2.41543086e-01
0.82388318 2.11207810e-01
0.82455189 1.81976392e-01
0.82521898 1.54120212e-01
0.82588447 1.27899575e-01
0.82654834 1.03561582e-01
0.82721059 8.13375331e-02
0.82787122 6.14408551e-02
0.82853023 4.40651675e-02
0.82918761 2.93826040e-02
0.82984337 1.75420852e-02
0.83049750 8.66788224e-03
0.83115000 2.85848072e-03
0.83180086 1.85604684e-04
0.83245008 6.93476048e-04
0.83309767 4.39831988e-03
0.83374362 1.12881039e-02
0.83438792 2.13225476e-02
0.83503058 3.44333979e-02
0.83567159 5.05249503e-02
0.83631095 6.94747890e-02
0.83694867 9.11348612e-02
0.83758473 1.15332685e-01
0.83821913 1.41872753e-01
0.83885188 1.70538483e-01
0.83948297 2.01093384e-01
0.84011240 2.33284107e-01
0.84074017 2.66841775e-01
0.84136627 3.01484696e-01
0.84199071 3.36920923e-01
0.84261348 3.72850308e-01
0.84323459 4.08967834e-01
0.84385402 4.44965525e-01
0.84447178 4.80536378e-01
0.84508787 5.15374824e-01
0.84570228 5.49181320e-01
0.84631501 5.81664287e-01
0.84692607 6.12542799e-01
0.84753545 6.41549814e-01
0.84814314 6.68433524e-01
0.84874916 6.92960402e-01
0.84935349 7.14916020e-01
0.84995613 7.34108298e-01
0.85055709 7.50368827e-01
0.85115636 7.63553919e-01
0.85175394 7.73546446e-01
0.85234982 7.80256784e-01
0.85294402 7.83623776e-01
0.85353652 7.83614258e-01
0.85412733 7.80225357e-01
0.85471645 7.73482825e-01
0.85530386 7.63441412e-01
0.85588958 7.50184794e-01
0.85647360 7.33824649e-01
0.85705593 7.14499666e-01
0.85763655 6.92374037e-01
0.85821547 6.67636574e-01
0.85879270 6.40499031e-01
0.85936822 6.11193854e-01
0.85994204 5.79973116e-01
0.86051416 5.47105938e-01
0.86108457 5.12876564e-01
0.86165329 4.77580851e-01
0.86222030 4.41524936e-01
0.86278560 4.05021723e-01
0.86334921 3.68388348e-01
0.86391111 3.31944057e-01
0.86447131 2.96006959e-01
0.86502980 2.60891544e-01
0.86558659 2.26905728e-01
0.86614167 1.94348443e-01
0.86669505 1.63507298e-01
0.86724672 1.34655731e-01
0.86779669 1.08050875e-01
0.86834495 8.39313333e-02
0.86889151 6.25153098e-02
0.86943636 4.39986373e-02
0.86997950 2.85531875e-02
0.87052094 1.63253550e-02
0.87106068 7.43488396e-03
0.87159870 1.97389349e-03
0.87213503 6.08040164e-06
0.87266964 1.56618886e-03
0.87320256 6.65971175e-03
0.87373376 1.52628442e-02
0.87426327 2.73226827e-02
0.87479107 4.27577069e-02
0.87531717 6.14584568e-02
0.87584157 8.32884274e-02
0.87636426 1.08085306e-01
0.87688526 1.35662205e-01
0.87740455 1.65809293e-01
0.87792215 1.98295653e-01
0.87843804 2.32870868e-01
0.87895224 2.69267392e-01
0.87946475 3.07202517e-01
0.87997555 3.46381367e-01
0.88048467 3.86497985e-01
0.88099209 4.27239257e-01
0.88149781 4.68286243e-01
0.88200185 5.09317779e-01
0.88250419 5.50012831e-01
0.88300485 5.90052718e-01
0.88350382 6.29123269e-01
0.88400110 6.66918633e-01
0.88449669 7.03142888e-01
0.88499060 7.37512927e-01
0.88548283 7.69759553e-01
0.88597337 7.99629693e-01
0.88646223 8.26890230e-01
0.88694942 8.51327756e-01
0.88743493 8.72752373e-01
0.88791876 8.90997572e-01
0.88840092 9.05922032e-01
0.88888141 9.17411051e-01
0.88936022 9.25376031e-01
0.88983737 9.29757380e-01
0.89031285 9.30522953e-01
0.89078666 9.27668587e-01
0.89125881 9.21218023e-01
0.89172930 9.11223558e-01
0.89219812 8.97765040e-01
0.89266529 8.80949065e-01
0.89313080 8.60907419e-01
0.89359465 8.37797768e-01
0.89405684 8.11801592e-01
0.89451739 7.83121769e-01
0.89497628 7.51981738e-01
0.89543352 7.18624212e-01
0.89588912 6.83308288e-01
0.89634307 6.46308213e-01
0.89679537 6.07910442e-01
0.89724603 5.68412634e-01
0.89769506 5.28120555e-01
0.89814244 4.87345063e-01
0.89858819 4.46401336e-01
0.89903230 4.05605235e-01
0.89947478 3.65271384e-01
0.89991563 3.25710786e-01
0.90035485 2.87227710e-01
0.90079244 2.50119134e-01
0.90122840 2.14671823e-01
0.90166275 1.81160026e-01
0.90209547 1.49843426e-01
0.90252658 1.20965119e-01
0.90295607 9.47499798e-02
0.90338394 7.14030876e-02
0.90381021 5.11083765e-02
0.90423486 3.40271792e-02
0.90465791 2.02972633e-02
0.90507936 1.00319940e-02
0.90549920 3.31953871e-03
0.90591745 2.22369502e-04
0.90633410 7.76934344e-04
0.90674916 4.99351565e-03
0.90716263 1.28562761e-02
0.90757452 2.43234504e-02
0.90798483 3.93276915e-02
0.90839355 5.77766326e-02
0.90880071 7.95537197e-02
0.90920629 1.04519042e-01
0.90961030 1.32510587e-01
0.91001274 1.63345274e-01
0.91041362 1.96820420e-01
0.91081294 2.32715291e-01
0.91121071 2.70792708e-01
0.91160692 3.10800919e-01
0.91200159 3.52474983e-01
0.91239470 3.95538810e-01
0.91278628 4.39707543e-01
0.91317631 4.84689238e-01
0.91356481 5.30187012e-01
0.91395178 5.75900581e-01
0.91433722 6.21528887e-01
0.91472114 6.66772219e-01
0.91510353 7.11333399e-01
0.91548440 7.54920938e-01
0.91586376 7.97250407e-01
0.91624162 8.38045871e-01
0.91661796 8.77041847e-01
0.91699281 9.13986699e-01
0.91736616 9.48642497e-01
0.91773801 9.80786393e-01
0.91810837 1.01021221e+00
0.91847725 1.03673314e+00
0.91884464 1.06018197e+00
0.91921056 1.08041172e+00
0.91957499 1.09729617e+00
0.91993795 1.11073182e+00
0.92029944 1.12063806e+00
0.92065947 1.12695900e+00
0.92101803 1.12965994e+00
0.92137512 1.12873123e+00
0.92173076 1.12418446e+00
0.92208494 1.11605641e+00
0.92243767 1.10440438e+00
0.92278894 1.08930857e+00
0.92313877 1.07087212e+00
0.92348716 1.04921966e+00
0.92383410 1.02449565e+00
0.92417961 9.96864360e-01
0.92452368 9.66506705e-01
0.92486633 9.33621151e-01
0.92520754 8.98421280e-01
0.92554734 8.61133809e-01
0.92588571 8.21997733e-01
0.92622267 7.81263577e-01
0.92655821 7.39190078e-01
0.92689235 6.96044761e-01
0.92722508 6.52099317e-01
0.92755641 6.07630157e-01
0.92788634 5.62916356e-01
0.92821487 5.18237176e-01
0.92854202 4.73871219e-01
0.92886778 4.30094050e-01
0.92919215 3.87177243e-01
0.92951515 3.45386207e-01
0.92983677 3.04978907e-01
0.93015702 2.66203673e-01
0.93047590 2.29298583e-01
0.93079342 1.94491072e-01
0.93110958 1.61996175e-01
0.93142438 1.32014358e-01
0.93173783 1.04730835e-01
0.93204993 8.03142059e-02
0.93236068 5.89158459e-02
0.93267009 4.06692288e-02
0.93297817 2.56891878e-02
0.93328491 1.40713725e-02
0.93359032 5.89197276e-03
0.93389441 1.20738703e-03
0.93419717 5.40621222e-05
0.93449862 2.44846486e-03
0.93479876 8.38714172e-03
0.93509759 1.78469113e-02
0.93539512 3.07851488e-02
0.93569135 4.71401701e-02
0.93598629 6.68317503e-02
0.93627994 8.97616476e-02
0.93657231 1.15814344e-01
0.93686339 1.44857833e-01
0.93715320 1.76744336e-01
0.93744174 2.11311434e-01
0.93772902 2.48382674e-01
0.93801504 2.87768096e-01
0.93829980 3.29265601e-01
0.93858332 3.72662735e-01
0.93886559 4.17738021e-01
0.93914662 4.64261744e-01
0.93942641 5.11997101e-01
0.93970498 5.60702001e-01
0.93998232 6.10130164e-01
0.94025844 6.60031814e-01
0.94053334 7.10156034e-01
0.94080703 7.60251807e-01
0.94107951 8.10069026e-01
0.94135078 8.59359624e-01
0.94162086 9.07879445e-01
0.94188975 9.55388633e-01
0.94215744 1.00165389e+00
0.94242394 1.04644916e+00
0.94268926 1.08955677e+00
0.94295341 1.13076822e+00
0.94321637 1.16988719e+00
0.94347817 1.20672727e+00
0.94373880 1.24111341e+00
0.94399826 1.27288433e+00
0.94425657 1.30189186e+00
0.94451372 1.32800124e+00
0.94476971 1.35109419e+00
0.94502456 1.37106655e+00
0.94527826 1.38782963e+00
0.94553082 1.40131284e+00
0.94578224 1.41145778e+00
0.94603253 1.41821940e+00
0.94628169 1.42157228e+00
0.94652972 1.42151088e+00
0.94677663 1.41804655e+00
0.94702242 1.41120833e+00
0.94726709 1.40103985e+00
0.94751065 1.38760121e+00
0.94775311 1.37096734e+00
0.94799446 1.35122850e+00
0.94823470 1.32848843e+00
0.94847386 1.30286461e+00
0.94871192 1.27448686e+00
0.94894889 1.24349721e+00
0.94918478 1.21004968e+00
0.94941959 1.17430848e+00
0.94965332 1.13644660e+00
0.94988599 1.09664186e+00
0.95011759 1.05507807e+00
0.95034812 1.01194937e+00
0.95057760 9.67461014e-01
0.95080603 9.21822262e-01
0.95103341 8.75247386e-01
0.95125974 8.27953714e-01
0.95148503 7.80160379e-01
0.95170928 7.32086826e-01
0.95193250 6.83953143e-01
0.95215469 6.35979002e-01
0.95237586 5.88381762e-01
0.95259601 5.41376070e-01
0.95281515 4.95173122e-01
0.95303328 4.49979950e-01
0.95325041 4.05998383e-01
0.95346654 3.63424066e-01
0.95368168 3.22445782e-01
0.95389583 2.83244720e-01
0.95410899 2.45993818e-01
0.95432118 2.10857549e-01
0.95453239 1.77991803e-01
0.95474264 1.47542819e-01
0.95495193 1.19646210e-01
0.95516025 9.44268411e-02
0.95536763 7.19980501e-02
0.95557405 5.24615189e-02
0.95577952 3.59068616e-02
0.95598405 2.24112988e-02
0.95618765 1.20394409e-02
0.95639030 4.84317032e-03
0.95659203 8.61436365e-04
0.95679283 1.20187399e-04
0.95699270 2.63236334e-03
0.95719166 8.39795219e-03
0.95738969 1.74041091e-02
0.95758682 2.96252992e-02
0.95778303 4.50235734e-02
0.95797835 6.35486681e-02
0.95817276 8.51382794e-02
0.95836627 1.09718281e-01
0.95855889 1.37203425e-01
0.95875061 1.67497645e-01
0.95894145 2.00494792e-01
0.95913141 2.36079388e-01
0.95932049 2.74126446e-01
0.95950869 3.14502072e-01
0.95969602 3.57064483e-01
0.95988248 4.01664929e-01
0.96006807 4.48146497e-01
0.96025281 4.96343395e-01
0.96043668 5.46083807e-01
0.96061970 5.97193419e-01
0.96080187 6.49494885e-01
0.96098319 7.02808731e-01
0.96116367 7.56952212e-01
0.96134331 8.11741683e-01
0.96152211 8.66993054e-01
0.96170008 9.22521165e-01
0.96187722 9.78141140e-01
0.96205354 1.03367100e+00
0.96222904 1.08892479e+00
0.96240373 1.14370981e+00
0.96257762 1.19783926e+00
0.96275070 1.25113454e+00
0.96292298 1.30342083e+00
0.96309447 1.35452876e+00
0.96326516 1.40429378e+00
0.96343507 1.45255616e+00
0.96360420 1.49916304e+00
0.96377255 1.54396550e+00
0.96394013 1.58682487e+00
0.96410694 1.62760672e+00
0.96427298 1.66618330e+00
0.96443827 1.70243093e+00
0.96460280 1.73623188e+00
0.96476659 1.76747823e+00
0.96492962 1.79607357e+00
0.96509192 1.82192915e+00
0.96525348 1.84496613e+00
0.96541431 1.86511583e+00
0.96557441 1.88231721e+00
0.96573379 1.89652142e+00
0.96589245 1.90768818e+00
0.96605039 1.91578829e+00
0.96620761 1.92080073e+00
0.96636413 1.92271580e+00
0.96651994 1.92153339e+00
0.96667505 1.91726293e+00
0.96682946 1.90992235e+00
0.96698318 1.89953914e+00
0.96713620 1.88615069e+00
0.96728854 1.86980286e+00
0.96744019 1.85055217e+00
0.96759117 1.82846375e+00
0.96774147 1.80361207e+00
0.96789109 1.77608067e+00
0.96804004 1.74595968e+00
0.96818833 1.71334840e+00
0.96833595 1.67835406e+00
0.96848291 1.64109145e+00
0.96862920 1.60168205e+00
0.96877484 1.56025305e+00
0.96891983 1.51693742e+00
0.96906416 1.47187419e+00
0.96920785 1.42520839e+00
0.96935089 1.37708901e+00
0.96949329 1.32767040e+00
0.96963505 1.27710937e+00
0.96977617 1.22556762e+00
0.96991666 1.17320804e+00
0.97005652 1.12019870e+00
0.97019575 1.06671123e+00
0.97033436 1.01291678e+00
0.97047234 9.58982434e-01
0.97060970 9.05076469e-01
0.97074644 8.51365634e-01
0.97088257 7.98014385e-01
0.97101808 7.45185455e-01
0.97115298 6.93041539e-01
0.97128728 6.41743489e-01
0.97142098 5.91449833e-01
0.97155407 5.42316522e-01
0.97168657 4.94494887e-01
0.97181848 4.48132969e-01
0.97194980 4.03374386e-01
0.97208053 3.60358391e-01
0.97221067 3.19219442e-01
0.97234023 2.80086528e-01
0.97246921 2.43081495e-01
0.97259762 2.08320804e-01
0.97272546 1.75915401e-01
0.97285272 1.45970262e-01
0.97297943 1.18584026e-01
0.97310556 9.38487664e-02
0.97323114 7.18496222e-02
0.97335616 5.26645597e-02
0.97348062 3.63640141e-02
0.97360452 2.30106886e-02
0.97372788 1.26588537e-02
0.97385068 5.35464837e-03
0.97397294 1.13637394e-03
0.97409466 3.43199259e-05
0.97421583 2.07057365e-03
0.97433647 7.25883781e-03
0.97445657 1.56042626e-02
0.97457613 2.71033701e-02
0.97469516 4.17438764e-02
0.97481366 5.95048278e-02
0.97493162 8.03574570e-02
0.97504905 1.04265807e-01
0.97516596 1.31185556e-01
0.97528233 1.61064037e-01
0.97539819 1.93840202e-01
0.97551352 2.29445243e-01
0.97562833 2.67802114e-01
0.97574262 3.08825713e-01
0.97585639 3.52423390e-01
0.97596965 3.98494829e-01
0.97608238 4.46932424e-01
0.97619460 4.97622611e-01
0.97630630 5.50450664e-01
0.97641748 6.05299504e-01
0.97652815 6.62043220e-01
0.97663830 7.20548280e-01
0.97674794 7.80677016e-01
0.97685706 8.42287141e-01
0.97696567 9.05231958e-01
0.97707377 9.69360541e-01
0.97718136 1.03452387e+00
0.97728844 1.10057528e+00
0.97739500 1.16736551e+00
0.97750105 1.23474016e+00
0.97760660 1.30254365e+00
0.97771163 1.37061968e+00
0.97781616 1.43881499e+00
0.97792018 1.50698178e+00
0.97802370 1.57496805e+00
0.97812671 1.64262336e+00
0.97822921 1.70980192e+00
0.97833121 1.77635551e+00
0.97843271 1.84213388e+00
0.97853371 1.90698727e+00
0.97863421 1.97076909e+00
0.97873421 2.03333531e+00
0.97883372 2.09454454e+00
0.97893272 2.15425966e+00
0.97903124 2.21234984e+00
0.97912925 2.26869473e+00
0.97922678 2.32318020e+00
0.97932381 2.37569364e+00
0.97942035 2.42612822e+00
0.97951640 2.47437938e+00
0.97961196 2.52034854e+00
0.97970703 2.56394164e+00
0.97980161 2.60506840e+00
0.97989570 2.64364400e+00
0.97998931 2.67959075e+00
0.98008243 2.71284010e+00
0.98017506 2.74333583e+00
0.98026721 2.77103374e+00
0.98035888 2.79589823e+00
0.98045006 2.81789532e+00
0.98054076 2.83699145e+00
0.98063097 2.85315919e+00
0.98072070 2.86638165e+00
0.98080995 2.87664504e+00
0.98089871 2.88393479e+00
0.98098700 2.88824218e+00
0.98107480 2.88958422e+00
0.98116213 2.88799256e+00
0.98124899 2.88351198e+00
0.98133537 2.87616983e+00
0.98142127 2.86597239e+00
0.98150671 2.85295654e+00
0.98159168 2.83720157e+00
0.98167618 2.81879966e+00
0.98176021 2.79783938e+00
0.98184378 2.77439021e+00
0.98192688 2.74849541e+00
0.98200953 2.72019644e+00
0.98209173 2.68955179e+00
0.98217347 2.65662271e+00
0.98225476 2.62147148e+00
0.98233560 2.58416409e+00
0.98241600 2.54479089e+00
0.98249595 2.50345749e+00
0.98257546 2.46027479e+00
0.98265452 2.41535599e+00
0.98273315 2.36879574e+00
0.98281135 2.32066995e+00
0.98288911 2.27107557e+00
0.98296645 2.22013050e+00
0.98304335 2.16795425e+00
0.98311983 2.11465994e+00
0.98319589 2.06033836e+00
0.98327153 2.00506503e+00
0.98334674 1.94893855e+00
0.98342155 1.89207370e+00
0.98349594 1.83458959e+00
0.98356992 1.77660253e+00
0.98364349 1.71821501e+00
0.98371666 1.65950650e+00
0.98378943 1.60057091e+00
0.98386179 1.54151633e+00
0.98393376 1.48245017e+00
0.98400534 1.42347918e+00
0.98407652 1.36470268e+00
0.98414732 1.30620713e+00
0.98421773 1.24807637e+00
0.98428777 1.19039918e+00
0.98435742 1.13326275e+00
0.98442669 1.07675202e+00
0.98449560 1.02094815e+00
0.98456413 9.65926050e-01
0.98463230 9.11760118e-01
0.98470010 8.58533516e-01
0.98476755 8.06330773e-01
0.98483464 7.55231747e-01
0.98490138 7.05312877e-01
0.98496776 6.56644147e-01
0.98503380 6.09286475e-01
0.98509949 5.63299099e-01
0.98516485 5.18744732e-01
0.98522986 4.75686217e-01
0.98529454 4.34182943e-01
0.98535889 3.94292076e-01
0.98542291 3.56066263e-01
0.98548661 3.19553908e-01
0.98554998 2.84802917e-01
0.98561303 2.51862036e-01
0.98567576 2.20777853e-01
0.98573819 1.91593409e-01
0.98580030 1.64349244e-01
0.98586210 1.39082503e-01
0.98592359 1.15826855e-01
0.98598479 9.46143993e-02
0.98604568 7.54764678e-02
0.98610628 5.84424237e-02
0.98616659 4.35389610e-02
0.98622660 3.07902838e-02
0.98628633 2.02184049e-02
0.98634578 1.18431981e-02
0.98640494 5.68262335e-03
0.98646382 1.75304099e-03
0.98652242 6.87685645e-05
0.98658076 6.42064130e-04
0.98663882 3.48313070e-03
0.98669661 8.60017459e-03
0.98675414 1.59994682e-02
0.98681140 2.56852355e-02
0.98686840 3.76593650e-02
0.98692514 5.19216505e-02
0.98698163 6.84699939e-02
0.98703787 8.73004125e-02
0.98709385 1.08407199e-01
0.98714959 1.31782914e-01
0.98720507 1.57418569e-01
0.98726032 1.85302405e-01
0.98731532 2.15419740e-01
0.98737009 2.47755521e-01
0.98742461 2.82294554e-01
0.98747890 3.19018568e-01
0.98753296 3.57904618e-01
0.98758678 3.98928352e-01
0.98764038 4.42067510e-01
0.98769375 4.87301048e-01
0.98774690 5.34603970e-01
0.98779982 5.83948617e-01
0.98785253 6.35303550e-01
0.98790502 6.88633199e-01
0.98795729 7.43895888e-01
0.98800935 8.01047547e-01
0.98806119 8.60050708e-01
0.98811283 9.20871852e-01
0.98816425 9.83477127e-01
0.98821547 1.04782500e+00
0.98826649 1.11386526e+00
0.98831730 1.18154804e+00
0.98836791 1.25082243e+00
0.98841832 1.32162855e+00
0.98846854 1.39389951e+00
0.98851856 1.46758241e+00
0.98856838 1.54263636e+00
0.98861801 1.61902369e+00
0.98866745 1.69670242e+00
0.98871670 1.77560813e+00
0.98876577 1.85566435e+00
0.98881464 1.93679171e+00
0.98886333 2.01891535e+00
0.98891184 2.10196321e+00
0.98896016 2.18586654e+00
0.98900830 2.27057107e+00
0.98905626 2.35603100e+00
0.98910405 2.44219328e+00
0.98915165 2.52899504e+00
0.98919908 2.61634675e+00
0.98924633 2.70416380e+00
0.98929342 2.79237020e+00
0.98934033 2.88089320e+00
0.98938706 2.96965869e+00
0.98943363 3.05857863e+00
0.98948003 3.14756477e+00
0.98952626 3.23653819e+00
0.98957233 3.32542423e+00
0.98961823 3.41414686e+00
0.98966397 3.50262351e+00
0.98970954 3.59076644e+00
0.98975495 3.67848290e+00
0.98980020 3.76567631e+00
0.98984528 3.85224722e+00
0.98989021 3.93809561e+00
0.98993498 4.02312024e+00
0.98997959 4.10722566e+00
0.99002404 4.19033403e+00
0.99006834 4.27236485e+00
0.99011248 4.35325214e+00
0.99015647 4.43296228e+00
0.99020030 4.51144559e+00
0.99024398 4.58859765e+00
0.99028750 4.66429591e+00
0.99033087 4.73841906e+00
0.99037409 4.81085087e+00
0.99041716 4.88148198e+00
0.99046007 4.95021247e+00
0.99050283 5.01696372e+00
0.99054544 5.08167697e+00
0.99058791 5.14430086e+00
0.99063022 5.20479455e+00
0.99067238 5.26311565e+00
0.99071439 5.31919893e+00
0.99075625 5.37295702e+00
0.99079797 5.42433345e+00
0.99083954 5.47329649e+00
0.99088095 5.51982008e+00
0.99092222 5.56388076e+00
0.99096335 5.60544972e+00
0.99100432 5.64447182e+00
0.99104515 5.68089620e+00
0.99108584 5.71470144e+00
0.99112638 5.74588533e+00
0.99116677 5.77443849e+00
0.99120703 5.80034804e+00
0.99124713 5.82359529e+00
0.99128710 5.84415757e+00
0.99132692 5.86199665e+00
0.99136660 5.87705876e+00
0.99140614 5.88929549e+00
0.99144554 5.89866460e+00
0.99148480 5.90512119e+00
0.99152392 5.90864445e+00
0.99156290 5.90925228e+00
0.99160174 5.90695363e+00
0.99164044 5.90171814e+00
0.99167900 5.89350122e+00
0.99171743 5.88226179e+00
0.99175572 5.86796321e+00
0.99179388 5.85057232e+00
0.99183189 5.83008488e+00
0.99186978 5.80652669e+00
0.99190752 5.77990619e+00
0.99194513 5.75021143e+00
0.99198261 5.71744665e+00
0.99201995 5.68161281e+00
0.99205716 5.64272489e+00
0.99209423 5.60084825e+00
0.99213117 5.55611495e+00
0.99216797 5.50861024e+00
0.99220464 5.45835366e+00
0.99224118 5.40536172e+00
0.99227757 5.34967729e+00
0.99231384 5.29135640e+00
0.99234997 5.23046763e+00
0.99238597 5.16709935e+00
0.99242183 5.10133467e+00
0.99245756 5.03324949e+00
0.99249315 4.96292308e+00
0.99252862 4.89044977e+00
0.99256394 4.81591979e+00
0.99259914 4.73942616e+00
0.99263420 4.66105278e+00
0.99266914 4.58088610e+00
0.99270393 4.49900540e+00
0.99273860 4.41548772e+00
0.99277314 4.33040229e+00
0.99280755 4.24384384e+00
0.99284183 4.15591832e+00
0.99287598 4.06673921e+00
0.99291000 3.97645877e+00
0.99294390 3.88522995e+00
0.99297766 3.79315635e+00
0.99301130 3.70031724e+00
0.99304482 3.60678919e+00
0.99307821 3.51263935e+00
0.99311147 3.41793721e+00
0.99314460 3.32276560e+00
0.99317762 3.22720698e+00
0.99321051 3.13134627e+00
0.99324327 3.03527558e+00
0.99327591 2.93908563e+00
0.99330844 2.84287156e+00
0.99334083 2.74673103e+00
0.99337311 2.65075663e+00
0.99340527 2.55503582e+00
0.99343731 2.45966826e+00
0.99346923 2.36475552e+00
0.99350103 2.27040000e+00
0.99353272 2.17670405e+00
0.99356429 2.08377074e+00
0.99359574 1.99172522e+00
0.99362707 1.90070794e+00
0.99365829 1.81082507e+00
0.99368940 1.72215960e+00
0.99372039 1.63478856e+00
0.99375126 1.54878927e+00
0.99378202 1.46424831e+00
0.99381267 1.38125294e+00
0.99384320 1.29989012e+00
0.99387362 1.22024719e+00
0.99390393 1.14241284e+00
0.99393412 1.06647339e+00
0.99396421 9.92515145e-01
0.99399418 9.20622568e-01
0.99402404 8.50878896e-01
0.99405380 7.83363896e-01
0.99408344 7.18154862e-01
0.99411298 6.55325854e-01
0.99414240 5.94951729e-01
0.99417172 5.37105229e-01
0.99420094 4.81862042e-01
0.99423005 4.29301376e-01
0.99425905 3.79494772e-01
0.99428794 3.32503672e-01
0.99431673 2.88385982e-01
0.99434541 2.47198755e-01
0.99437399 2.08999083e-01
0.99440247 1.73841094e-01
0.99443084 1.41777095e-01
0.99445910 1.12856802e-01
0.99448726 8.71283678e-02
0.99451532 6.46380770e-02
0.99454328 4.54305758e-02
0.99457114 2.95482021e-02
0.99459889 1.70310329e-02
0.99462655 7.91637265e-03
0.99465410 2.23897250e-03
0.99468156 3.07299215e-05
0.99470892 1.32057518e-03
0.99473617 6.13442476e-03
0.99476333 1.44954985e-02
0.99479039 2.64253077e-02
0.99481736 4.19435641e-02
0.99484422 6.10674907e-02
0.99487099 8.38120446e-02
0.99489766 1.10189015e-01
0.99492424 1.40207615e-01
0.99495072 1.73873754e-01
0.99497711 2.11189835e-01
0.99500339 2.52155036e-01
0.99502959 2.96765189e-01
0.99505569 3.45012214e-01
0.99508169 3.96885903e-01
0.99510761 4.52376663e-01
0.99513342 5.11474140e-01
0.99515915 5.74161550e-01
0.99518478 6.40417687e-01
0.99521032 7.10216963e-01
0.99523577 7.83529091e-01
0.99526113 8.60335822e-01
0.99528640 9.40634056e-01
0.99531158 1.02441077e+00
0.99533666 1.11163227e+00
0.99536166 1.20225900e+00
0.99538657 1.29624816e+00
0.99541138 1.39355113e+00
0.99543611 1.49411504e+00
0.99546075 1.59789131e+00
0.99548530 1.70484336e+00
0.99550976 1.81493739e+00
0.99553413 1.92812088e+00
0.99555842 2.04432707e+00
0.99558261 2.16349116e+00
0.99560672 2.28554258e+00
0.99563074 2.41040770e+00
0.99565468 2.53800720e+00
0.99567853 2.66826004e+00
0.99570229 2.80109925e+00
0.99572597 2.93653181e+00
0.99574957 3.07457978e+00
0.99577308 3.21518755e+00
0.99579651 3.35826033e+00
0.99581985 3.50369856e+00
0.99584310 3.65140862e+00
0.99586627 3.80133400e+00
0.99588936 3.95344266e+00
0.99591236 4.10765892e+00
0.99593528 4.26388003e+00
0.99595812 4.42200006e+00
0.99598087 4.58191173e+00
0.99600354 4.74350751e+00
0.99602613 4.90667678e+00
0.99604864 5.07130634e+00
0.99607106 5.23728550e+00
0.99609341 5.40449064e+00
0.99611567 5.57283902e+00
0.99613786 5.74241131e+00
0.99615996 5.91331482e+00
0.99618199 6.08548624e+00
0.99620393 6.25877698e+00
0.99622579 6.43303874e+00
0.99624758 6.60814533e+00
0.99626929 6.78405526e+00
0.99629091 6.96073321e+00
0.99631246 7.13808307e+00
0.99633393 7.31596679e+00
0.99635532 7.49426423e+00
0.99637663 7.67284337e+00
0.99639786 7.85157673e+00
0.99641902 8.03034294e+00
0.99644009 8.20900921e+00
0.99646110 8.38745812e+00
0.99648202 8.56554920e+00
0.99650287 8.74330385e+00
0.99652365 8.92098534e+00
0.99654435 9.09873147e+00
0.99656497 9.27640120e+00
0.99658552 9.45381820e+00
0.99660599 9.63081838e+00
0.99662639 9.80724483e+00
0.99664671 9.98293432e+00
0.99666696 1.01577765e+01
0.99668714 1.03317723e+01
0.99670724 1.05048437e+01
0.99672726 1.06768561e+01
0.99674721 1.08476577e+01
0.99676709 1.10171166e+01
0.99678690 1.11850733e+01
0.99680663 1.13514013e+01
0.99682629 1.15159728e+01
0.99684588 1.16788337e+01
0.99686540 1.18403704e+01
0.99688485 1.20009683e+01
0.99690423 1.21605938e+01
0.99692353 1.23190197e+01
0.99694277 1.24760675e+01
0.99696193 1.26315591e+01
0.99698103 1.27853293e+01
0.99700005 1.29372439e+01
0.99701900 1.30872407e+01
0.99703788 1.32352578e+01
0.99705669 1.33811510e+01
0.99707544 1.35247770e+01
0.99709411 1.36660180e+01
0.99711271 1.38047406e+01
0.99713125 1.39408158e+01
0.99714972 1.40741089e+01
0.99716812 1.42046205e+01
0.99718645 1.43328405e+01
0.99720472 1.44593604e+01
0.99722292 1.45842236e+01
0.99724105 1.47071944e+01
0.99725911 1.48280726e+01
0.99727711 1.49466916e+01
0.99729504 1.50628923e+01
0.99731291 1.51765452e+01
0.99733070 1.52875151e+01
0.99734843 1.53957395e+01
0.99736610 1.55012469e+01
0.99738370 1.56039675e+01
0.99740123 1.57037943e+01
0.99741870 1.58006004e+01
0.99743610 1.58942606e+01
0.99745344 1.59846370e+01
0.99747072 1.60717638e+01
0.99748793 1.61561130e+01
0.99750508 1.62382030e+01
0.99752217 1.63181000e+01
0.99753919 1.63957118e+01
0.99755615 1.64709326e+01
0.99757304 1.65436097e+01
0.99758987 1.66136295e+01
0.99760664 1.66808650e+01
0.99762334 1.67451915e+01
0.99763998 1.68065101e+01
0.99765656 1.68647055e+01
0.99767308 1.69196531e+01
0.99768953 1.69712977e+01
0.99770592 1.70196745e+01
0.99772225 1.70647756e+01
0.99773852 1.71065486e+01
0.99775473 1.71452155e+01
0.99777088 1.71814772e+01
0.99778697 1.72157982e+01
0.99780300 1.72480784e+01
0.99781897 1.72780893e+01
0.99783488 1.73056635e+01
0.99785072 1.73306528e+01
0.99786651 1.73529759e+01
0.99788224 1.73725828e+01
0.99789790 1.73894298e+01
0.99791351 1.74033907e+01
0.99792905 1.74143952e+01
0.99794454 1.74223577e+01
0.99795997 1.74272429e+01
0.99797534 1.74290248e+01
0.99799064 1.74276548e+01
0.99800590 1.74230939e+01
0.99802109 1.74157447e+01
0.99803623 1.74063926e+01
0.99805131 1.73953739e+01
0.99806633 1.73825491e+01
0.99808129 1.73677236e+01
0.99809620 1.73507336e+01
0.99811104 1.73314672e+01
0.99812583 1.73098149e+01
0.99814056 1.72856964e+01
0.99815524 1.72590324e+01
0.99816985 1.72297988e+01
0.99818441 1.71979475e+01
0.99819891 1.71634815e+01
0.99821335 1.71264356e+01
0.99822774 1.70868990e+01
0.99824208 1.70448635e+01
0.99825635 1.70004319e+01
0.99827058 1.69541326e+01
0.99828474 1.69065152e+01
0.99829885 1.68575857e+01
0.99831291 1.68071192e+01
0.99832690 1.67549651e+01
0.99834085 1.67009992e+01
0.99835473 1.66451309e+01
0.99836856 1.65872697e+01
0.99838234 1.65274356e+01
0.99839606 1.64656585e+01
0.99840972 1.64019196e+01
0.99842333 1.63362059e+01
0.99843688 1.62685202e+01
0.99845038 1.61988671e+01
0.99846383 1.61272420e+01
0.99847721 1.60536251e+01
0.99849055 1.59782724e+01
0.99850383 1.59017884e+01
0.99851706 1.58244754e+01
0.99853024 1.57462349e+01
0.99854335 1.56669429e+01
0.99855642 1.55865595e+01
0.99856943 1.55050107e+01
0.99858239 1.54222383e+01
0.99859529 1.53381772e+01
0.99860814 1.52527779e+01
0.99862093 1.51660087e+01
0.99863367 1.50778552e+01
0.99864635 1.49883013e+01
0.99865898 1.48973474e+01
0.99867156 1.48050013e+01
0.99868409 1.47112766e+01
0.99869656 1.46161896e+01
0.99870898 1.45200988e+01
0.99872134 1.44235201e+01
0.99873365 1.43266154e+01
0.99874591 1.42292637e+01
0.99875812 1.41313672e+01
0.99877027 1.40328500e+01
0.99878237 1.39336606e+01
0.99879441 1.38337578e+01
0.99880640 1.37331004e+01
0.99881833 1.36316795e+01
0.99883022 1.35294723e+01
0.99884204 1.34264887e+01
0.99885382 1.33227152e+01
0.99886554 1.32181953e+01
0.99887721 1.31129651e+01
0.99888882 1.30070543e+01
0.99890039 1.29005230e+01
0.99891190 1.27936574e+01
0.99892335 1.26868079e+01
0.99893476 1.25800520e+01
0.99894611 1.24732999e+01
0.99895740 1.23664834e+01
0.99896864 1.22595527e+01
0.99897983 1.21524609e+01
0.99899097 1.20451684e+01
0.99900204 1.19376512e+01
0.99901307 1.18298869e+01
0.99902404 1.17218816e+01
0.99903496 1.16136509e+01
0.99904582 1.15051951e+01
0.99905663 1.13965303e+01
0.99906738 1.12876820e+01
0.99907808 1.11786796e+01
0.99908873 1.10695604e+01
0.99909932 1.09604948e+01
0.99910985 1.08517458e+01
0.99912034 1.07433947e+01
0.99913076 1.06353869e+01
0.99914114 1.05276784e+01
0.99915145 1.04202300e+01
0.99916171 1.03130178e+01
0.99917192 1.02060172e+01
0.99918207 1.00992240e+01
0.99919216 9.99263409e+00
0.99920220 9.88625493e+00
0.99921218 9.78008990e+00
0.99922210 9.67414876e+00
0.99923197 9.56845254e+00
0.99924178 9.46302433e+00
0.99925153 9.35787395e+00
0.99926122 9.25302815e+00
0.99927086 9.14851793e+00
0.99928044 9.04446953e+00
0.99928996 8.94100767e+00
0.99929943 8.83811722e+00
0.99930883 8.73576679e+00
0.99931818 8.63395475e+00
0.99932747 8.53268163e+00
0.99933669 8.43195517e+00
0.99934586 8.33178575e+00
0.99935497 8.23216955e+00
0.99936401 8.13309592e+00
0.99937300 8.03456064e+00
0.99938192 7.93656339e+00
0.99939078 7.83911228e+00
0.99939957 7.74221028e+00
0.99940831 7.64586363e+00
0.99941698 7.55007268e+00
0.99942559 7.45486219e+00
0.99943413 7.36025380e+00
0.99944261 7.26628793e+00
0.99945103 7.17303750e+00
0.99945938 7.08053006e+00
0.99946767 6.98874675e+00
0.99947589 6.89767457e+00
0.99948404 6.80731739e+00
0.99949212 6.71769435e+00
0.99950014 6.62880274e+00
0.99950808 6.54064009e+00
0.99951596 6.45319054e+00
0.99952376 6.36643374e+00
0.99953150 6.28036923e+00
0.99953916 6.19500469e+00
0.99954675 6.11037059e+00
0.99955427 6.02649030e+00
0.99956171 5.94336703e+00
0.99956908 5.86099228e+00
0.99957637 5.77936809e+00
0.99958359 5.69850693e+00
0.99959073 5.61841134e+00
0.99959779 5.53908533e+00
0.99960478 5.46051188e+00
0.99961169 5.38266220e+00
0.99961851 5.30553706e+00
0.99962526 5.22915360e+00
0.99963193 5.15353548e+00
0.99963851 5.07869115e+00
0.99964501 5.00459314e+00
0.99965143 4.93122582e+00
0.99965776 4.85861562e+00
0.99966400 4.78679101e+00
0.99967016 4.71577749e+00
0.99967623 4.64557807e+00
0.99968221 4.57616399e+00
0.99968810 4.50750199e+00
0.99969391 4.43958829e+00
0.99969962 4.37242861e+00
0.99970524 4.30602541e+00
0.99971077 4.24036992e+00
0.99971621 4.17544794e+00
0.99972155 4.11126652e+00
0.99972680 4.04784140e+00
0.99973196 3.98517951e+00
0.99973702 3.92327732e+00
0.99974199 3.86211652e+00
0.99974687 3.80167654e+00
0.99975165 3.74194539e+00
0.99975634 3.68291745e+00
0.99976093 3.62457578e+00
0.99976543 3.56688145e+00
0.99976984 3.50982221e+00
0.99977415 3.45342347e+00
0.99977836 3.39771785e+00
0.99978249 3.34273102e+00
0.99978652 3.28846389e+00
0.99979046 3.23490320e+00
0.99979431 3.18204539e+00
0.99979807 3.12990410e+00
0.99980174 3.07849596e+00
0.99980532 3.02783514e+00
0.99980882 2.97794150e+00
0.99981223 2.92881021e+00
0.99981555 2.88041694e+00
0.99981879 2.83274085e+00
0.99982196 2.78576713e+00
0.99982504 2.73950991e+00
0.99982804 2.69399934e+00
0.99983097 2.64924679e+00
0.99983383 2.60525750e+00
0.99983661 2.56204301e+00
0.99983933 2.51962468e+00
0.99984197 2.47801819e+00
0.99984456 2.43721687e+00
0.99984708 2.39719970e+00
0.99984954 2.35794072e+00
0.99985194 2.31944482e+00
0.99985429 2.28174994e+00
0.99985659 2.24486340e+00
0.99985884 2.20874944e+00
0.99986105 2.17336727e+00
0.99986321 2.13868507e+00
0.99986534 2.10472134e+00
0.99986743 2.07151382e+00
0.99986948 2.03904293e+00
0.99987151 2.00726616e+00
0.99987351 1.97614197e+00
0.99987549 1.94567451e+00
0.99987744 1.91593671e+00
0.99987937 1.88698046e+00
0.99988128 1.85881269e+00
0.99988317 1.83144328e+00
0.99988504 1.80490234e+00
0.99988687 1.77928740e+00
0.99988868 1.75473287e+00
0.99989045 1.73129564e+00
0.99989219 1.70896332e+00
0.99989388 1.68770800e+00
0.99989554 1.66748166e+00
0.99989716 1.64823779e+00
0.99989875 1.62994437e+00
0.99990032 1.61252764e+00
0.99990186 1.59587107e+00
0.99990339 1.57985725e+00
0.99990492 1.56437245e+00
0.99990645 1.54930636e+00
0.99990799 1.53455920e+00
0.99990954 1.52006129e+00
0.99991112 1.50576572e+00
0.99991273 1.49161460e+00
0.99991438 1.47754254e+00
0.99991607 1.46350121e+00
0.99991782 1.44945080e+00
0.99991962 1.43535331e+00
0.99992147 1.42116961e+00
0.99992339 1.40687293e+00
0.99992538 1.39246228e+00
0.99992743 1.37794955e+00
0.99992956 1.36333344e+00
0.99993176 1.34860447e+00
0.99993404 1.33375789e+00
0.99993638 1.31879273e+00
0.99993880 1.30370708e+00
0.99994129 1.28849954e+00
0.99994386 1.27318017e+00
0.99994649 1.25777718e+00
0.99994919 1.24231210e+00
0.99995196 1.22678708e+00
0.99995480 1.21120165e+00
0.99995770 1.19556130e+00
0.99996066 1.17987464e+00
0.99996367 1.16415594e+00
0.99996675 1.14842614e+00
0.99996988 1.13272187e+00
0.99997306 1.11709904e+00
0.99997629 1.10159396e+00
0.99997956 1.08619412e+00
0.99998288 1.07084092e+00
0.99998623 1.05545708e+00
0.99998963 1.03999761e+00
0.99999305 1.02446823e+00
0.99999651 1.00890498e+00
1.00000000 9.93341644e-01
1.00000925 9.52901055e-01
1.00001867 9.13254092e-01
1.00002824 8.75335443e-01
1.00003791 8.39459791e-01
1.00004767 8.04604976e-01
1.00005749 7.70154320e-01
1.00006734 7.36611995e-01
1.00007723 7.04424838e-01
1.00008712 6.73457010e-01
1.00009701 6.43554270e-01
1.00010689 6.14842354e-01
1.00011673 5.87356303e-01
1.00012652 5.60848881e-01
1.00013628 5.35174245e-01
1.00014600 5.10541349e-01
1.00015568 4.87294157e-01
1.00016534 4.65482948e-01
1.00017496 4.44791130e-01
1.00018452 4.24860022e-01
1.00019402 4.05441258e-01
1.00020346 3.86563019e-01
1.00021284 3.68475984e-01
1.00022216 3.51251259e-01
1.00023144 3.34809791e-01
1.00024066 3.19132947e-01
1.00024981 3.04217312e-01
1.00025890 2.90020778e-01
1.00026794 2.76488778e-01
1.00027693 2.63580648e-01
1.00028588 2.51258061e-01
1.00029480 2.39491597e-01
1.00030370 2.28260800e-01
1.00031256 2.17542945e-01
1.00032140 2.07312002e-01
1.00033022 1.97542945e-01
1.00033902 1.88216310e-01
1.00034780 1.79314916e-01
1.00035658 1.70821747e-01
1.00036534 1.62721662e-01
1.00037410 1.54998224e-01
1.00038285 1.47632402e-01
1.00039160 1.40604756e-01
1.00040033 1.33897714e-01
1.00040906 1.27497423e-01
1.00041778 1.21394425e-01
1.00042650 1.15578203e-01
1.00043520 1.10033575e-01
1.00044390 1.04744939e-01
1.00045259 9.96997440e-02
1.00046128 9.48864340e-02
1.00046995 9.02967202e-02
1.00047860 8.59277160e-02
1.00048725 8.17763521e-02
1.00049588 7.78365943e-02
1.00050450 7.40971761e-02
1.00051310 7.05441635e-02
1.00052168 6.71684783e-02
1.00053025 6.39639947e-02
1.00053881 6.09237895e-02
1.00054734 5.80395351e-02
1.00055586 5.53014951e-02
1.00056436 5.27005771e-02
1.00057285 5.02289460e-02
1.00058131 4.78795222e-02
1.00058975 4.56456999e-02
1.00059817 4.35213438e-02
1.00060657 4.15013650e-02
1.00061494 3.95812370e-02
1.00062328 3.77565604e-02
1.00063159 3.60226345e-02
1.00063988 3.43745232e-02
1.00064813 3.28079036e-02
1.00065634 3.13193468e-02
1.00066451 2.99056541e-02
1.00067265 2.85634586e-02
1.00068073 2.72890397e-02
1.00068877 2.60787741e-02
1.00069676 2.49298396e-02
1.00070468 2.38397568e-02
1.00071255 2.28059590e-02
