# ADIPLS gamma1,rho kernel K_(Gamma1,rho)(r) for Model S
# Code: ADIPLS (bundled with MESA 26.04.1), igm1kr=1, variational, istsbc=1, icow=0, mdintg=5
# Model: fgong.l5bi.d.15c (md5 8a076ec1810e9871cdf21f6ecdf72016), G=6.67430e-8 cgs
# Mode: l=1 n=18 nu=2695.7511 uHz
# ADIPLS convention: delta(omega)/omega = INTEGRAL[ K * delta(Gamma1) * dx ], x=r/R  (ABSOLUTE delta Gamma1; see README.md)
# columns: x=r/R    K_gamma1_rho
0.00000000 0.00000000e+00
0.00139108 4.91007096e-08
0.00140979 5.17297821e-08
0.00142875 5.45884030e-08
0.00144796 5.75825434e-08
0.00146744 6.07407266e-08
0.00148717 6.40741282e-08
0.00150717 6.75903647e-08
0.00152744 7.12996226e-08
0.00154798 7.52125268e-08
0.00156880 7.93400821e-08
0.00158990 8.36940098e-08
0.00161128 8.82868679e-08
0.00163295 9.31318459e-08
0.00165491 9.82426616e-08
0.00167716 1.03633843e-07
0.00169972 1.09320855e-07
0.00172258 1.15320137e-07
0.00174574 1.21648562e-07
0.00176922 1.28324044e-07
0.00179301 1.35365635e-07
0.00181713 1.42793311e-07
0.00184156 1.50628439e-07
0.00186633 1.58894016e-07
0.00189143 1.67614237e-07
0.00191686 1.76813581e-07
0.00194264 1.86516323e-07
0.00196877 1.96749192e-07
0.00199525 2.07542808e-07
0.00202208 2.18930348e-07
0.00204927 2.30944423e-07
0.00207683 2.43617749e-07
0.00210476 2.56985409e-07
0.00213306 2.71085841e-07
0.00216175 2.85959882e-07
0.00219082 3.01649963e-07
0.00222029 3.18200771e-07
0.00225014 3.35659628e-07
0.00228040 3.54076255e-07
0.00231107 3.73503287e-07
0.00234215 3.93995932e-07
0.00237365 4.15612395e-07
0.00240557 4.38414836e-07
0.00243792 4.62468150e-07
0.00247071 4.87840860e-07
0.00250394 5.14605187e-07
0.00253761 5.42837615e-07
0.00257174 5.72618638e-07
0.00260632 6.04033039e-07
0.00264137 6.37170445e-07
0.00267689 6.72125228e-07
0.00271289 7.08996939e-07
0.00274938 7.47890991e-07
0.00278635 7.88918050e-07
0.00282382 8.32195123e-07
0.00286180 8.77845487e-07
0.00290029 9.25999061e-07
0.00293929 9.76793443e-07
0.00297882 1.03037305e-06
0.00301888 1.08689072e-06
0.00305948 1.14650752e-06
0.00310062 1.20939318e-06
0.00314232 1.27572634e-06
0.00318458 1.34569652e-06
0.00322741 1.41950345e-06
0.00327081 1.49735682e-06
0.00331480 1.57947763e-06
0.00335938 1.66610082e-06
0.00340455 1.75747312e-06
0.00345034 1.85385327e-06
0.00349674 1.95551621e-06
0.00354377 2.06275217e-06
0.00359142 2.17586652e-06
0.00363972 2.29518042e-06
0.00368867 2.42103313e-06
0.00373828 2.55378209e-06
0.00378855 2.69380698e-06
0.00383950 2.84150604e-06
0.00389113 2.99729744e-06
0.00394346 3.16162525e-06
0.00399649 3.33495871e-06
0.00405024 3.51778856e-06
0.00410471 3.71063372e-06
0.00415991 3.91404380e-06
0.00421585 4.12859738e-06
0.00427255 4.35490321e-06
0.00433000 4.59360417e-06
0.00438823 4.84538212e-06
0.00444725 5.11094713e-06
0.00450705 5.39105553e-06
0.00456766 5.68650238e-06
0.00462909 5.99812838e-06
0.00469134 6.32681805e-06
0.00475443 6.67350295e-06
0.00481837 7.03916731e-06
0.00488316 7.42484981e-06
0.00494883 7.83164235e-06
0.00501538 8.26069900e-06
0.00508283 8.71324157e-06
0.00515118 9.19054659e-06
0.00522045 9.69396909e-06
0.00529065 1.02249348e-05
0.00536180 1.07849508e-05
0.00543390 1.13756023e-05
0.00550697 1.19985637e-05
0.00558102 1.26555947e-05
0.00565607 1.33485613e-05
0.00573213 1.40794208e-05
0.00580921 1.48502437e-05
0.00588732 1.56631979e-05
0.00596649 1.65205947e-05
0.00604672 1.74248538e-05
0.00612802 1.83785288e-05
0.00621042 1.93843240e-05
0.00629393 2.04450738e-05
0.00637856 2.15637684e-05
0.00646433 2.27435512e-05
0.00655124 2.39877664e-05
0.00663933 2.52999368e-05
0.00672860 2.66837423e-05
0.00681907 2.81430871e-05
0.00691075 2.96820861e-05
0.00700366 3.13050443e-05
0.00709783 3.30165676e-05
0.00719325 3.48214669e-05
0.00728996 3.67247724e-05
0.00738796 3.87318653e-05
0.00748729 4.08484037e-05
0.00758794 4.30803015e-05
0.00768994 4.54338048e-05
0.00779332 4.79155508e-05
0.00789808 5.05324609e-05
0.00800425 5.32918824e-05
0.00811184 5.62015473e-05
0.00822087 5.92695815e-05
0.00833136 6.25045597e-05
0.00844334 6.59155206e-05
0.00855682 6.95120062e-05
0.00867182 7.33040174e-05
0.00878835 7.73021269e-05
0.00890645 8.15174588e-05
0.00902614 8.59617718e-05
0.00914742 9.06474669e-05
0.00927033 9.55874688e-05
0.00939488 1.00795508e-04
0.00952110 1.06286046e-04
0.00964901 1.12074300e-04
0.00977863 1.18176324e-04
0.00990998 1.24608897e-04
0.01004309 1.31389834e-04
0.01017797 1.38537793e-04
0.01031466 1.46072516e-04
0.01045317 1.54014751e-04
0.01059352 1.62386239e-04
0.01073575 1.71209996e-04
0.01087988 1.80510317e-04
0.01102593 1.90312544e-04
0.01117392 2.00643500e-04
0.01132388 2.11531271e-04
0.01147584 2.23005595e-04
0.01162981 2.35097688e-04
0.01178583 2.47840398e-04
0.01194393 2.61268212e-04
0.01210412 2.75417590e-04
0.01226643 2.90326590e-04
0.01243090 3.06035475e-04
0.01259754 3.22586283e-04
0.01276639 3.40023543e-04
0.01293747 3.58394042e-04
0.01311080 3.77746982e-04
0.01328642 3.98133731e-04
0.01346436 4.19608273e-04
0.01364464 4.42227621e-04
0.01382728 4.66051852e-04
0.01401233 4.91143820e-04
0.01419980 5.17569081e-04
0.01438973 5.45396741e-04
0.01458213 5.74699985e-04
0.01477705 6.05555088e-04
0.01497452 6.38041793e-04
0.01517455 6.72244166e-04
0.01537717 7.08250131e-04
0.01558243 7.46152105e-04
0.01579034 7.86047233e-04
0.01600094 8.28036583e-04
0.01621425 8.72226801e-04
0.01643031 9.18729449e-04
0.01664913 9.67660739e-04
0.01687076 1.01914268e-03
0.01709522 1.07330386e-03
0.01732253 1.13027702e-03
0.01755273 1.19020238e-03
0.01778584 1.25322668e-03
0.01802189 1.31950301e-03
0.01826091 1.38919071e-03
0.01850292 1.46245667e-03
0.01874796 1.53947575e-03
0.01899604 1.62042931e-03
0.01924720 1.70550706e-03
0.01950146 1.79490654e-03
0.01975883 1.88883463e-03
0.02001936 1.98750706e-03
0.02028306 2.09114672e-03
0.02054995 2.19998483e-03
0.02082005 2.31426565e-03
0.02109339 2.43424094e-03
0.02136999 2.56017140e-03
0.02164986 2.69232979e-03
0.02193302 2.83099736e-03
0.02221950 2.97646633e-03
0.02250930 3.12904099e-03
0.02280244 3.28903432e-03
0.02309893 3.45676960e-03
0.02339879 3.63258528e-03
0.02370203 3.81682781e-03
0.02400865 4.00985460e-03
0.02431867 4.21203806e-03
0.02463209 4.42375740e-03
0.02494891 4.64540690e-03
0.02526915 4.87739289e-03
0.02559279 5.12012745e-03
0.02591984 5.37403783e-03
0.02625029 5.63956308e-03
0.02658415 5.91715429e-03
0.02692140 6.20727220e-03
0.02726205 6.51038108e-03
0.02760607 6.82696840e-03
0.02795345 7.15752695e-03
0.02830418 7.50254958e-03
0.02865825 7.86254964e-03
0.02901563 8.23804658e-03
0.02937632 8.62957441e-03
0.02974027 9.03765869e-03
0.03010748 9.46284374e-03
0.03047790 9.90567460e-03
0.03085151 1.03667117e-02
0.03122829 1.08465063e-02
0.03160820 1.13456277e-02
0.03199120 1.18646432e-02
0.03237725 1.24041228e-02
0.03276633 1.29646387e-02
0.03315839 1.35467622e-02
0.03355338 1.41510588e-02
0.03395126 1.47780993e-02
0.03435199 1.54284554e-02
0.03475552 1.61026951e-02
0.03516181 1.68013916e-02
0.03557080 1.75250987e-02
0.03598244 1.82743539e-02
0.03639668 1.90497001e-02
0.03681346 1.98516787e-02
0.03723274 2.06808206e-02
0.03765447 2.15376492e-02
0.03807858 2.24226594e-02
0.03850501 2.33363386e-02
0.03893373 2.42791828e-02
0.03936466 2.52516597e-02
0.03979775 2.62542246e-02
0.04023296 2.72872972e-02
0.04067021 2.83513014e-02
0.04110945 2.94466484e-02
0.04155064 3.05737446e-02
0.04199371 3.17329404e-02
0.04243860 3.29245615e-02
0.04288527 3.41489732e-02
0.04333367 3.54064657e-02
0.04378373 3.66973364e-02
0.04423540 3.80218379e-02
0.04468864 3.93801984e-02
0.04514339 4.07726854e-02
0.04559961 4.21994758e-02
0.04605724 4.36607403e-02
0.04651624 4.51566500e-02
0.04697655 4.66872944e-02
0.04743815 4.82527784e-02
0.04790097 4.98532366e-02
0.04836499 5.14886955e-02
0.04883015 5.31591845e-02
0.04929642 5.48647046e-02
0.04976375 5.66052521e-02
0.05023212 5.83807900e-02
0.05070148 6.01912397e-02
0.05117180 6.20365095e-02
0.05164305 6.39164971e-02
0.05211519 6.58310518e-02
0.05258819 6.77800295e-02
0.05306202 6.97632530e-02
0.05353666 7.17804638e-02
0.05401207 7.38314128e-02
0.05448824 7.59159258e-02
0.05496514 7.80336718e-02
0.05544273 8.01843212e-02
0.05592099 8.23675512e-02
0.05639992 8.45830042e-02
0.05687949 8.68303335e-02
0.05735968 8.91091260e-02
0.05784047 9.14189106e-02
0.05832184 9.37592699e-02
0.05880379 9.61297674e-02
0.05928628 9.85298918e-02
0.05976932 1.00959105e-01
0.06025288 1.03416845e-01
0.06073696 1.05902601e-01
0.06122155 1.08415837e-01
0.06170664 1.10955865e-01
0.06219220 1.13522065e-01
0.06267824 1.16113839e-01
0.06316476 1.18730539e-01
0.06365174 1.21371401e-01
0.06413917 1.24035755e-01
0.06462705 1.26722839e-01
0.06511539 1.29431952e-01
0.06560416 1.32162372e-01
0.06609337 1.34913178e-01
0.06658302 1.37683612e-01
0.06707311 1.40472920e-01
0.06756363 1.43280220e-01
0.06805458 1.46104681e-01
0.06854596 1.48945344e-01
0.06903777 1.51801315e-01
0.06953002 1.54671694e-01
0.07002271 1.57555563e-01
0.07051583 1.60451979e-01
0.07100938 1.63359910e-01
0.07150339 1.66278404e-01
0.07199783 1.69206428e-01
0.07249272 1.72143005e-01
0.07298807 1.75087132e-01
0.07348387 1.78037631e-01
0.07398014 1.80993434e-01
0.07447687 1.83953545e-01
0.07497408 1.86916815e-01
0.07547176 1.89882117e-01
0.07596993 1.92848382e-01
0.07646859 1.95814367e-01
0.07696776 1.98779016e-01
0.07746744 2.01741119e-01
0.07796764 2.04699376e-01
0.07846837 2.07652674e-01
0.07896963 2.10599884e-01
0.07947144 2.13539632e-01
0.07997381 2.16470760e-01
0.08047674 2.19391882e-01
0.08098024 2.22301808e-01
0.08148432 2.25199253e-01
0.08198902 2.28083024e-01
0.08249433 2.30951785e-01
0.08300025 2.33804060e-01
0.08350680 2.36638590e-01
0.08401400 2.39454163e-01
0.08452187 2.42249351e-01
0.08503040 2.45022710e-01
0.08553960 2.47773075e-01
0.08604950 2.50498916e-01
0.08656011 2.53198814e-01
0.08707143 2.55871434e-01
0.08758349 2.58515268e-01
0.08809629 2.61129033e-01
0.08860985 2.63711285e-01
0.08912419 2.66260580e-01
0.08963932 2.68775370e-01
0.09015524 2.71254243e-01
0.09067198 2.73695821e-01
0.09118955 2.76098718e-01
0.09170796 2.78461255e-01
0.09222723 2.80782123e-01
0.09274738 2.83059747e-01
0.09326842 2.85292641e-01
0.09379036 2.87479337e-01
0.09431322 2.89618346e-01
0.09483702 2.91708407e-01
0.09536178 2.93747586e-01
0.09588750 2.95734713e-01
0.09641421 2.97668250e-01
0.09694191 2.99546560e-01
0.09747064 3.01368318e-01
0.09800041 3.03131899e-01
0.09853124 3.04835983e-01
0.09906314 3.06479027e-01
0.09959612 3.08059480e-01
0.10013022 3.09575978e-01
0.10066545 3.11026888e-01
0.10120182 3.12410939e-01
0.10173936 3.13726707e-01
0.10227809 3.14972684e-01
0.10281802 3.16147302e-01
0.10335917 3.17249314e-01
0.10390157 3.18277250e-01
0.10444523 3.19229650e-01
0.10499018 3.20105135e-01
0.10553644 3.20902584e-01
0.10608402 3.21620414e-01
0.10663294 3.22257158e-01
0.10718324 3.22811838e-01
0.10773492 3.23283041e-01
0.10828802 3.23669388e-01
0.10884255 3.23969654e-01
0.10939854 3.24182692e-01
0.10995601 3.24307261e-01
0.11051498 3.24342172e-01
0.11107547 3.24286335e-01
0.11163750 3.24138534e-01
0.11220111 3.23897713e-01
0.11276631 3.23562772e-01
0.11333313 3.23132715e-01
0.11390159 3.22606646e-01
0.11447172 3.21983563e-01
0.11504354 3.21262497e-01
0.11561706 3.20442757e-01
0.11619233 3.19523433e-01
0.11676936 3.18503713e-01
0.11734817 3.17382943e-01
0.11792880 3.16160428e-01
0.11851127 3.14835595e-01
0.11909560 3.13407692e-01
0.11968183 3.11876390e-01
0.12026996 3.10241361e-01
0.12086003 3.08502027e-01
0.12145207 3.06658114e-01
0.12204610 3.04709366e-01
0.12264215 3.02655714e-01
0.12324024 3.00497002e-01
0.12384040 2.98233291e-01
0.12444266 2.95864559e-01
0.12504705 2.93390939e-01
0.12565359 2.90812716e-01
0.12626230 2.88130200e-01
0.12687321 2.85343725e-01
0.12748635 2.82453816e-01
0.12810174 2.79461186e-01
0.12871941 2.76366549e-01
0.12933939 2.73170692e-01
0.12996170 2.69874577e-01
0.13058637 2.66479219e-01
0.13121342 2.62985889e-01
0.13184288 2.59395779e-01
0.13247477 2.55710253e-01
0.13310912 2.51930915e-01
0.13374596 2.48059521e-01
0.13438529 2.44097862e-01
0.13502716 2.40047828e-01
0.13567159 2.35911413e-01
0.13631860 2.31690885e-01
0.13696820 2.27388692e-01
0.13762044 2.23007304e-01
0.13827532 2.18549462e-01
0.13893287 2.14018022e-01
0.13959311 2.09415921e-01
0.14025607 2.04746333e-01
0.14092176 2.00012592e-01
0.14159020 1.95218158e-01
0.14226141 1.90366633e-01
0.14293542 1.85461914e-01
0.14361223 1.80508068e-01
0.14429188 1.75509215e-01
0.14497437 1.70469677e-01
0.14565971 1.65393942e-01
0.14634794 1.60286752e-01
0.14703905 1.55153111e-01
0.14773307 1.49997847e-01
0.14843000 1.44826350e-01
0.14912986 1.39643950e-01
0.14983267 1.34456132e-01
0.15053843 1.29268722e-01
0.15124715 1.24087610e-01
0.15195884 1.18918853e-01
0.15267351 1.13768592e-01
0.15339115 1.08643259e-01
0.15411179 1.03549394e-01
0.15483541 9.84936172e-02
0.15556203 9.34827043e-02
0.15629164 8.85235561e-02
0.15702424 8.36231884e-02
0.15775982 7.87887766e-02
0.15849839 7.40275653e-02
0.15923995 6.93468394e-02
0.15998448 6.47540315e-02
0.16073197 6.02566240e-02
0.16148242 5.58621335e-02
0.16223583 5.15781200e-02
0.16299217 4.74121710e-02
0.16375143 4.33719013e-02
0.16451361 3.94649443e-02
0.16527867 3.56988442e-02
0.16604662 3.20811257e-02
0.16681743 2.86192802e-02
0.16759107 2.53207149e-02
0.16836754 2.21927486e-02
0.16914680 1.92425744e-02
0.16992884 1.64772514e-02
0.17071362 1.39036831e-02
0.17150113 1.15286033e-02
0.17229134 9.35854152e-03
0.17308421 7.39981095e-03
0.17387971 5.65847932e-03
0.17467783 4.14035756e-03
0.17547852 2.85096260e-03
0.17628175 1.79550937e-03
0.17708748 9.78880750e-04
0.17789570 4.05608822e-04
0.17870634 7.98530190e-05
0.17951939 5.37884064e-06
0.18033480 1.85537995e-04
0.18115254 6.23248034e-04
0.18197256 1.32097721e-03
0.18279485 2.28073015e-03
0.18361935 3.50402747e-03
0.18444604 4.99188938e-03
0.18527487 6.74482386e-03
0.18610582 8.76279803e-03
0.18693884 1.10452345e-02
0.18777389 1.35909985e-02
0.18861094 1.63983847e-02
0.18944994 1.94650999e-02
0.19029085 2.27882738e-02
0.19113364 2.63644198e-02
0.19197826 3.01894636e-02
0.19282467 3.42587102e-02
0.19367283 3.85668641e-02
0.19452269 4.31079771e-02
0.19537421 4.78755465e-02
0.19622735 5.28624540e-02
0.19708207 5.80609202e-02
0.19793831 6.34626079e-02
0.19879604 6.90586206e-02
0.19965521 7.48394678e-02
0.20051579 8.07950504e-02
0.20137771 8.69147861e-02
0.20224096 9.31875852e-02
0.20310548 9.96018024e-02
0.20397125 1.06145341e-01
0.20483820 1.12805510e-01
0.20570633 1.19569389e-01
0.20657557 1.26423506e-01
0.20744590 1.33354063e-01
0.20831728 1.40346894e-01
0.20918967 1.47387411e-01
0.21006305 1.54460828e-01
0.21093738 1.61552075e-01
0.21181261 1.68645894e-01
0.21268873 1.75726889e-01
0.21356570 1.82779277e-01
0.21444349 1.89787292e-01
0.21532207 1.96735116e-01
0.21620140 2.03606845e-01
0.21708147 2.10386451e-01
0.21796223 2.17058177e-01
0.21884367 2.23606082e-01
0.21972575 2.30014477e-01
0.22060845 2.36267906e-01
0.22149175 2.42350820e-01
0.22237561 2.48248297e-01
0.22326002 2.53945460e-01
0.22414495 2.59427779e-01
0.22503037 2.64681232e-01
0.22591627 2.69692018e-01
0.22680263 2.74446881e-01
0.22768942 2.78932954e-01
0.22857661 2.83138093e-01
0.22946420 2.87050597e-01
0.23035216 2.90659419e-01
0.23124047 2.93954059e-01
0.23212912 2.96924731e-01
0.23301808 2.99562443e-01
0.23390734 3.01858872e-01
0.23479688 3.03806450e-01
0.23568668 3.05398519e-01
0.23657674 3.06628996e-01
0.23746703 3.07492873e-01
0.23835755 3.07986063e-01
0.23924829 3.08105235e-01
0.24013923 3.07848014e-01
0.24103037 3.07213004e-01
0.24192170 3.06199394e-01
0.24281323 3.04807884e-01
0.24370496 3.03039594e-01
0.24459689 3.00896946e-01
0.24548904 2.98383243e-01
0.24638142 2.95502653e-01
0.24727407 2.92260002e-01
0.24816700 2.88661451e-01
0.24906027 2.84714098e-01
0.24995391 2.80425468e-01
0.25084798 2.75804091e-01
0.25174254 2.70859537e-01
0.25263767 2.65601901e-01
0.25353346 2.60042315e-01
0.25442999 2.54192298e-01
0.25532737 2.48064415e-01
0.25622573 2.41671849e-01
0.25712518 2.35028509e-01
0.25802585 2.28149032e-01
0.25892788 2.21048769e-01
0.25983142 2.13743674e-01
0.26073660 2.06250497e-01
0.26164356 1.98586735e-01
0.26255244 1.90770789e-01
0.26346335 1.82821702e-01
0.26437642 1.74759501e-01
0.26529174 1.66604946e-01
0.26620938 1.58379755e-01
0.26712939 1.50106634e-01
0.26805179 1.41809074e-01
0.26897658 1.33511382e-01
0.26990370 1.25238718e-01
0.27083309 1.17016965e-01
0.27176462 1.08872755e-01
0.27269815 1.00833183e-01
0.27363349 9.29257097e-02
0.27457045 8.51780011e-02
0.27550879 7.76176667e-02
0.27644826 7.02721389e-02
0.27738859 6.31684093e-02
0.27832952 5.63328421e-02
0.27927079 4.97909227e-02
0.28021212 4.35670144e-02
0.28115327 3.76843443e-02
0.28209400 3.21647850e-02
0.28303409 2.70287146e-02
0.28397337 2.22949204e-02
0.28491166 1.79806030e-02
0.28584883 1.41013095e-02
0.28678477 1.06708932e-02
0.28771938 7.70155256e-03
0.28865262 5.20381849e-03
0.28958445 3.18659620e-03
0.29051484 1.65717533e-03
0.29144381 6.21268699e-04
0.29237136 8.30389886e-05
0.29329753 4.51281469e-05
0.29422236 5.08682279e-04
0.29514590 1.47337439e-03
0.29606821 2.93742608e-03
0.29698935 4.89762334e-03
0.29790938 7.34932892e-03
0.29882839 1.02865064e-02
0.29974642 1.37017219e-02
0.30066357 1.75861631e-02
0.30157988 2.19296556e-02
0.30249544 2.67206375e-02
0.30341031 3.19462422e-02
0.30432454 3.75922977e-02
0.30523821 4.36432995e-02
0.30615136 5.00824517e-02
0.30706406 5.68917646e-02
0.30797636 6.40520100e-02
0.30888831 7.15427902e-02
0.30979995 7.93425448e-02
0.31071133 8.74286225e-02
0.31162249 9.57773744e-02
0.31253347 1.04364121e-01
0.31344430 1.13163238e-01
0.31435503 1.22148302e-01
0.31526567 1.31291992e-01
0.31617626 1.40566308e-01
0.31708683 1.49942637e-01
0.31799741 1.59391895e-01
0.31890801 1.68884336e-01
0.31981865 1.78389975e-01
0.32072937 1.87878290e-01
0.32164018 1.97318754e-01
0.32255109 2.06680479e-01
0.32346212 2.15932671e-01
0.32437329 2.25044773e-01
0.32528461 2.33986179e-01
0.32619609 2.42726601e-01
0.32710775 2.51236262e-01
0.32801960 2.59485838e-01
0.32893165 2.67446278e-01
0.32984390 2.75089445e-01
0.33075637 2.82388246e-01
0.33166907 2.89316131e-01
0.33258200 2.95847799e-01
0.33349517 3.01959049e-01
0.33440859 3.07626691e-01
0.33532226 3.12828845e-01
0.33623620 3.17545038e-01
0.33715040 3.21756627e-01
0.33806487 3.25446164e-01
0.33897962 3.28597951e-01
0.33989465 3.31198010e-01
0.34080996 3.33234104e-01
0.34172557 3.34696018e-01
0.34264147 3.35575203e-01
0.34355767 3.35865445e-01
0.34447418 3.35562455e-01
0.34539098 3.34663756e-01
0.34630810 3.33169067e-01
0.34722552 3.31080614e-01
0.34814327 3.28402451e-01
0.34906133 3.25140679e-01
0.34997971 3.21304035e-01
0.35089841 3.16902972e-01
0.35181744 3.11950442e-01
0.35273679 3.06461333e-01
0.35365648 3.00452730e-01
0.35457649 2.93943857e-01
0.35549684 2.86955891e-01
0.35641753 2.79512176e-01
0.35733856 2.71637689e-01
0.35825993 2.63359546e-01
0.35918164 2.54706482e-01
0.36010370 2.45708941e-01
0.36102610 2.36399083e-01
0.36194886 2.26810419e-01
0.36287197 2.16978000e-01
0.36379544 2.06938058e-01
0.36471927 1.96728021e-01
0.36564346 1.86386371e-01
0.36656801 1.75952462e-01
0.36749292 1.65466295e-01
0.36841820 1.54968699e-01
0.36934385 1.44500759e-01
0.37026988 1.34103893e-01
0.37119627 1.23819763e-01
0.37212304 1.13689955e-01
0.37305019 1.03755746e-01
0.37397772 9.40581149e-02
0.37490563 8.46375271e-02
0.37583392 7.55337644e-02
0.37676260 6.67858101e-02
0.37769167 5.84314991e-02
0.37862113 5.05075370e-02
0.37955098 4.30492516e-02
0.38048122 3.60904586e-02
0.38141187 2.96632902e-02
0.38234291 2.37980543e-02
0.38327435 1.85230384e-02
0.38420619 1.38644347e-02
0.38513845 9.84616581e-03
0.38607110 6.48974611e-03
0.38700417 3.81418432e-03
0.38793765 1.83586079e-03
0.38887155 5.68419584e-04
0.38980586 2.26785090e-05
0.39074059 2.06542548e-04
0.39167574 1.12493302e-03
0.39261132 2.77972234e-03
0.39354732 5.16968666e-03
0.39448375 8.29047139e-03
0.39542060 1.21345635e-02
0.39635790 1.66912798e-02
0.39729563 2.19467793e-02
0.39823379 2.78840342e-02
0.39917240 3.44829418e-02
0.40011145 4.17203190e-02
0.40105095 4.95699349e-02
0.40199089 5.80026541e-02
0.40293129 6.69864824e-02
0.40387215 7.64866280e-02
0.40481346 8.64656407e-02
0.40575520 9.68833085e-02
0.40669745 1.07698308e-01
0.40764055 1.18870239e-01
0.40858429 1.30350181e-01
0.40952611 1.42057832e-01
0.41046221 1.53893114e-01
0.41139307 1.65808663e-01
0.41232541 1.77838610e-01
0.41326485 1.90004475e-01
0.41421026 2.02238386e-01
0.41515758 2.14432923e-01
0.41610492 2.26507999e-01
0.41705244 2.38410061e-01
0.41800047 2.50088221e-01
0.41894904 2.61487995e-01
0.41989812 2.72554776e-01
0.42084771 2.83235801e-01
0.42179781 2.93479203e-01
0.42274844 3.03234623e-01
0.42369959 3.12453447e-01
0.42465127 3.21088952e-01
0.42560347 3.29097271e-01
0.42655621 3.36436360e-01
0.42750948 3.43067428e-01
0.42846330 3.48954207e-01
0.42941766 3.54063966e-01
0.43037256 3.58367160e-01
0.43132801 3.61838310e-01
0.43228402 3.64455118e-01
0.43324059 3.66199521e-01
0.43419771 3.67057390e-01
0.43515540 3.67019117e-01
0.43611365 3.66079078e-01
0.43707248 3.64236312e-01
0.43803188 3.61494191e-01
0.43899186 3.57860557e-01
0.43995242 3.53347861e-01
0.44091357 3.47973381e-01
0.44187530 3.41758521e-01
0.44283762 3.34729408e-01
0.44380054 3.26916693e-01
0.44476406 3.18355189e-01
0.44572818 3.09083882e-01
0.44669291 2.99145849e-01
0.44765824 2.88588484e-01
0.44862419 2.77462299e-01
0.44959075 2.65821825e-01
0.45055793 2.53724632e-01
0.45152574 2.41231509e-01
0.45249417 2.28405643e-01
0.45346322 2.15313059e-01
0.45443291 2.02021766e-01
0.45540324 1.88601721e-01
0.45637421 1.75124333e-01
0.45734581 1.61661964e-01
0.45831807 1.48287794e-01
0.45929097 1.35075415e-01
0.46026452 1.22098390e-01
0.46123873 1.09429723e-01
0.46221359 9.71416851e-02
0.46318912 8.53051802e-02
0.46416531 7.39895155e-02
0.46514216 6.32619195e-02
0.46611969 5.31870900e-02
0.46709788 4.38268118e-02
0.46807675 3.52396611e-02
0.46905630 2.74805102e-02
0.47003653 2.06002130e-02
0.47101743 1.46452440e-02
0.47199903 9.65737979e-03
0.47298130 5.67338023e-03
0.47396427 2.72468626e-03
0.47494793 8.37177699e-04
0.47593227 3.09228648e-05
0.47691731 3.19980769e-04
0.47790304 1.71222341e-03
0.47888947 4.20919249e-03
0.47987659 7.80599943e-03
0.48086440 1.24912479e-02
0.48185291 1.82470078e-02
0.48284211 2.50488197e-02
0.48383201 3.28657240e-02
0.48482260 4.16603880e-02
0.48581390 5.13892081e-02
0.48680589 6.20024392e-02
0.48779857 7.34444489e-02
0.48879196 8.56540062e-02
0.48978604 9.85644813e-02
0.49078082 1.12104219e-01
0.49177629 1.26196819e-01
0.49277246 1.40761723e-01
0.49376933 1.55714434e-01
0.49476690 1.70967158e-01
0.49576516 1.86429237e-01
0.49676411 2.02007683e-01
0.49776375 2.17607531e-01
0.49876409 2.33132683e-01
0.49976511 2.48486523e-01
0.50076683 2.63572281e-01
0.50176922 2.78293817e-01
0.50277230 2.92556137e-01
0.50377605 3.06266187e-01
0.50478048 3.19333511e-01
0.50578558 3.31670346e-01
0.50679134 3.43193175e-01
0.50779777 3.53822547e-01
0.50880486 3.63484005e-01
0.50981260 3.72108486e-01
0.51082099 3.79633081e-01
0.51183003 3.86001519e-01
0.51283971 3.91164333e-01
0.51385002 3.95079693e-01
0.51486096 3.97713363e-01
0.51587253 3.99039415e-01
0.51688472 3.99040815e-01
0.51789752 3.97708803e-01
0.51891093 3.95043791e-01
0.51992494 3.91055131e-01
0.52093955 3.85761599e-01
0.52195474 3.79190675e-01
0.52297052 3.71378984e-01
0.52398687 3.62372511e-01
0.52500380 3.52225579e-01
0.52602128 3.41001326e-01
0.52703932 3.28771204e-01
0.52805791 3.15613883e-01
0.52907704 3.01615994e-01
0.53009670 2.86870923e-01
0.53111689 2.71478048e-01
0.53213759 2.55542782e-01
0.53315881 2.39175277e-01
0.53418052 2.22489972e-01
0.53520273 2.05604895e-01
0.53622543 1.88640560e-01
0.53724860 1.71719482e-01
0.53827224 1.54965175e-01
0.53929634 1.38501090e-01
0.54032089 1.22450023e-01
0.54134589 1.06933008e-01
0.54237132 9.20684143e-02
0.54339718 7.79710052e-02
0.54442346 6.47511140e-02
0.54545014 5.25136979e-02
0.54647723 4.13575233e-02
0.54750471 3.13743097e-02
0.54853258 2.26479625e-02
0.54956082 1.52538309e-02
0.55058943 9.25800978e-03
0.55161840 4.71673390e-03
0.55264772 1.67581777e-03
0.55367739 1.70165213e-04
0.55470738 2.23365789e-04
0.55573770 1.84736422e-03
0.55676835 5.04221764e-03
0.55779930 9.79594789e-03
0.55883055 1.60844719e-02
0.55986210 2.38716507e-02
0.56089393 3.31094115e-02
0.56192605 4.37379591e-02
0.56295843 5.56860773e-02
0.56399108 6.88716253e-02
0.56502398 8.32019232e-02
0.56605713 9.85744896e-02
0.56709050 1.14877572e-01
0.56812411 1.31991114e-01
0.56915793 1.49787512e-01
0.57019196 1.68132505e-01
0.57122619 1.86886178e-01
0.57226061 2.05904072e-01
0.57329521 2.25038415e-01
0.57432999 2.44139059e-01
0.57536493 2.63054511e-01
0.57640003 2.81633721e-01
0.57743528 2.99726838e-01
0.57847067 3.17186427e-01
0.57950620 3.33869008e-01
0.58054184 3.49636387e-01
0.58157760 3.64356162e-01
0.58261347 3.77903475e-01
0.58364944 3.90162219e-01
0.58468550 4.01025715e-01
0.58572164 4.10397606e-01
0.58675785 4.18193529e-01
0.58779412 4.24340923e-01
0.58883045 4.28780933e-01
0.58986683 4.31467783e-01
0.59090325 4.32370864e-01
0.59193969 4.31473553e-01
0.59297616 4.28774343e-01
0.59401263 4.24286845e-01
0.59504911 4.18040112e-01
0.59608558 4.10078292e-01
0.59712203 4.00460375e-01
0.59815846 3.89260004e-01
0.59919484 3.76565063e-01
0.60023118 3.62476854e-01
0.60126747 3.47109635e-01
0.60230369 3.30589546e-01
0.60333983 3.13053566e-01
0.60437589 2.94648864e-01
0.60541185 2.75531427e-01
0.60644770 2.55864469e-01
0.60748343 2.35817675e-01
0.60851904 2.15565137e-01
0.60955450 1.95284156e-01
0.61058981 1.75154131e-01
0.61162496 1.55354246e-01
0.61265993 1.36062347e-01
0.61369471 1.17453384e-01
0.61472929 9.96975177e-02
0.61576365 8.29586916e-02
0.61679779 6.73931742e-02
0.61783169 5.31481192e-02
0.61886532 4.03599511e-02
0.61989868 2.91532363e-02
0.62093174 1.96392347e-02
0.62196449 1.19148776e-02
0.62299691 6.06171786e-03
0.62402898 2.14503685e-03
0.62506069 2.13103849e-04
0.62609201 2.96572471e-04
0.62712293 2.40803872e-03
0.62815344 6.54175796e-03
0.62918350 1.26735306e-02
0.63021311 2.07607566e-02
0.63124224 3.07426750e-02
0.63227088 4.25407406e-02
0.63329899 5.60592242e-02
0.63432658 7.11859161e-02
0.63535360 8.77931051e-02
0.63638005 1.05738582e-01
0.63740590 1.24866820e-01
0.63843113 1.45010310e-01
0.63945573 1.65991138e-01
0.64047966 1.87622538e-01
0.64150291 2.09710565e-01
0.64252546 2.32055624e-01
0.64354728 2.54454851e-01
0.64456836 2.76703405e-01
0.64558866 2.98596716e-01
0.64660816 3.19932043e-01
0.64762681 3.40510958e-01
0.64864460 3.60141054e-01
0.64966147 3.78637821e-01
0.65067741 3.95826568e-01
0.65169238 4.11544114e-01
0.65270633 4.25640075e-01
0.65371924 4.37979094e-01
0.65473107 4.48441746e-01
0.65574178 4.56925894e-01
0.65675132 4.63347816e-01
0.65775967 4.67642749e-01
0.65876679 4.69766159e-01
0.65977262 4.69693759e-01
0.66077714 4.67422234e-01
0.66178031 4.62969510e-01
0.66278208 4.56373850e-01
0.66378244 4.47694065e-01
0.66478133 4.37008890e-01
0.66577874 4.24416645e-01
0.66677463 4.10033593e-01
0.66776897 3.93993521e-01
0.66876175 3.76445807e-01
0.66975294 3.57554724e-01
0.67074252 3.37497531e-01
0.67173046 3.16462845e-01
0.67271674 2.94648538e-01
0.67370134 2.72261046e-01
0.67468423 2.49512122e-01
0.67566537 2.26617436e-01
0.67664475 2.03794430e-01
0.67762230 1.81260499e-01
0.67859801 1.59230478e-01
0.67957181 1.37914747e-01
0.68054366 1.17517360e-01
0.68151348 9.82340347e-02
0.68248120 8.02501238e-02
0.68344673 6.37385506e-02
0.68440999 4.88581314e-02
0.68537089 3.57518620e-02
0.68632935 2.45455697e-02
0.68728531 1.53468308e-02
0.68823866 8.24399120e-03
0.68918934 3.30530588e-03
0.69013724 5.78303075e-04
0.69108227 8.94045609e-05
0.69202432 1.84371068e-03
0.69296329 5.82504741e-03
0.69389909 1.19962593e-02
0.69483158 2.02996368e-02
0.69576066 3.06576756e-02
0.69668622 4.29742665e-02
0.69760816 5.71356284e-02
0.69852633 7.30112002e-02
0.69944061 9.04553770e-02
0.70035085 1.09309324e-01
0.70125690 1.29402201e-01
0.70215856 1.50552194e-01
0.70305566 1.72569887e-01
0.70394810 1.95262866e-01
0.70483582 2.18436458e-01
0.70571868 2.41890738e-01
0.70659634 2.65421881e-01
0.70746856 2.88830427e-01
0.70833511 3.11923642e-01
0.70919573 3.34512948e-01
0.71005364 3.56499328e-01
0.71091383 3.77830321e-01
0.71177606 3.98340088e-01
0.71263786 4.17800021e-01
0.71349863 4.36012154e-01
0.71435837 4.52821624e-01
0.71521709 4.68091829e-01
0.71607477 4.81688954e-01
0.71693141 4.93493087e-01
0.71778702 5.03397603e-01
0.71864157 5.11311640e-01
0.71949508 5.17160189e-01
0.72034752 5.20884856e-01
0.72119891 5.22444702e-01
0.72204924 5.21816421e-01
0.72289849 5.18995705e-01
0.72374667 5.13996161e-01
0.72459377 5.06850110e-01
0.72543979 4.97608390e-01
0.72628472 4.86340286e-01
0.72712856 4.73132761e-01
0.72797130 4.58089870e-01
0.72881294 4.41332859e-01
0.72965347 4.22998006e-01
0.73049289 4.03236116e-01
0.73133120 3.82212078e-01
0.73216838 3.60102778e-01
0.73300444 3.37095824e-01
0.73383937 3.13387921e-01
0.73467317 2.89183605e-01
0.73550583 2.64693819e-01
0.73633734 2.40133155e-01
0.73716771 2.15718632e-01
0.73799692 1.91667767e-01
0.73882498 1.68196801e-01
0.73965188 1.45518416e-01
0.74047761 1.23840189e-01
0.74130217 1.03362525e-01
0.74212555 8.42769576e-02
0.74294776 6.67642805e-02
0.74376878 5.09929111e-02
0.74458861 3.71172831e-02
0.74540725 2.52763559e-02
0.74622469 1.55922352e-02
0.74704093 8.16895067e-03
0.74785597 3.09137424e-03
0.74866979 4.24284154e-04
0.74948240 2.11618188e-04
0.75029379 2.47589733e-03
0.75110395 7.21783553e-03
0.75191288 1.44161465e-02
0.75272059 2.40275365e-02
0.75352705 3.59868963e-02
0.75433227 5.02077059e-02
0.75513624 6.65826008e-02
0.75593897 8.49842645e-02
0.75674044 1.05266223e-01
0.75754065 1.27264063e-01
0.75833959 1.50796819e-01
0.75913727 1.75668476e-01
0.75993367 2.01669361e-01
0.76072880 2.28578307e-01
0.76152265 2.56164358e-01
0.76231521 2.84188806e-01
0.76310648 3.12407366e-01
0.76389646 3.40572044e-01
0.76468514 3.68433892e-01
0.76547252 3.95744778e-01
0.76625859 4.22259745e-01
0.76704335 4.47739807e-01
0.76782680 4.71953364e-01
0.76860892 4.94678843e-01
0.76938973 5.15706774e-01
0.77016920 5.34841619e-01
0.77094735 5.51904170e-01
0.77172416 5.66732495e-01
0.77249962 5.79184457e-01
0.77327375 5.89138699e-01
0.77404652 5.96495358e-01
0.77481794 6.01178153e-01
0.77558801 6.03135158e-01
0.77635671 6.02339106e-01
0.77712404 5.98787243e-01
0.77789001 5.92502815e-01
0.77865460 5.83534156e-01
0.77941782 5.71955147e-01
0.78017965 5.57863238e-01
0.78094010 5.41380596e-01
0.78169915 5.22651962e-01
0.78245681 5.01844044e-01
0.78321307 4.79143347e-01
0.78396793 4.54755607e-01
0.78472138 4.28903005e-01
0.78547342 4.01822885e-01
0.78622404 3.73765828e-01
0.78697325 3.44992835e-01
0.78772104 3.15773027e-01
0.78846739 2.86381368e-01
0.78921232 2.57096127e-01
0.78995582 2.28196647e-01
0.79069788 1.99960073e-01
0.79143850 1.72659199e-01
0.79217767 1.46559582e-01
0.79291539 1.21917291e-01
0.79365166 9.89762326e-02
0.79438648 7.79660404e-02
0.79511983 5.90995062e-02
0.79585172 4.25707387e-02
0.79658214 2.85530788e-02
0.79731109 1.71974098e-02
0.79803856 8.63056683e-03
0.79876455 2.95400041e-03
0.79948906 2.42669900e-04
0.80021208 5.44172954e-04
0.80093360 3.87812516e-03
0.80165363 1.02358053e-02
0.80237216 1.95800672e-02
0.80308918 3.18455298e-02
0.80380470 4.69390137e-02
0.80451870 6.47402902e-02
0.80523119 8.51030221e-02
0.80594216 1.07856048e-01
0.80665161 1.32804789e-01
0.80735953 1.59733085e-01
0.80806592 1.88405000e-01
0.80877078 2.18567027e-01
0.80947410 2.49950323e-01
0.81017588 2.82273209e-01
0.81087612 3.15243508e-01
0.81157482 3.48562024e-01
0.81227196 3.81924504e-01
0.81296755 4.15025026e-01
0.81366159 4.47558174e-01
0.81435406 4.79223072e-01
0.81504497 5.09725116e-01
0.81573432 5.38779390e-01
0.81642210 5.66113080e-01
0.81710830 5.91469120e-01
0.81779293 6.14607351e-01
0.81847598 6.35307189e-01
0.81915745 6.53370523e-01
0.81983733 6.68622592e-01
0.82051563 6.80914763e-01
0.82119233 6.90125370e-01
0.82186745 6.96161037e-01
0.82254096 6.98958685e-01
0.82321287 6.98484953e-01
0.82388318 6.94737750e-01
0.82455189 6.87745745e-01
0.82521898 6.77567722e-01
0.82588447 6.64292550e-01
0.82654834 6.48039677e-01
0.82721059 6.28956678e-01
0.82787122 6.07218092e-01
0.82853023 5.83023696e-01
0.82918761 5.56597908e-01
0.82984337 5.28187358e-01
0.83049750 4.98057461e-01
0.83115000 4.66490918e-01
0.83180086 4.33785496e-01
0.83245008 4.00250541e-01
0.83309767 3.66203935e-01
0.83374362 3.31970025e-01
0.83438792 2.97876378e-01
0.83503058 2.64250633e-01
0.83567159 2.31417120e-01
0.83631095 1.99693763e-01
0.83694867 1.69389395e-01
0.83758473 1.40800676e-01
0.83821913 1.14209124e-01
0.83885188 8.98787699e-02
0.83948297 6.80531300e-02
0.84011240 4.89534720e-02
0.84074017 3.27762646e-02
0.84136627 1.96914323e-02
0.84199071 9.84069189e-03
0.84261348 3.33614738e-03
0.84323459 2.59187519e-04
0.84385402 6.59650237e-04
0.84447178 4.55528306e-03
0.84508787 1.19314993e-02
0.84570228 2.27414282e-02
0.84631501 3.69062527e-02
0.84692607 5.43158508e-02
0.84753545 7.48298027e-02
0.84814314 9.82785905e-02
0.84874916 1.24465184e-01
0.84935349 1.53166619e-01
0.84995613 1.84136208e-01
0.85055709 2.17105763e-01
0.85115636 2.51787855e-01
0.85175394 2.87878638e-01
0.85234982 3.25060558e-01
0.85294402 3.63005303e-01
0.85353652 4.01376420e-01
0.85412733 4.39833181e-01
0.85471645 4.78032987e-01
0.85530386 5.15634699e-01
0.85588958 5.52301972e-01
0.85647360 5.87706326e-01
0.85705593 6.21530018e-01
0.85763655 6.53468655e-01
0.85821547 6.83234480e-01
0.85879270 7.10558785e-01
0.85936822 7.35194035e-01
0.85994204 7.56916990e-01
0.86051416 7.75530434e-01
0.86108457 7.90865570e-01
0.86165329 8.02782090e-01
0.86222030 8.11171158e-01
0.86278560 8.15955130e-01
0.86334921 8.17088282e-01
0.86391111 8.14558480e-01
0.86447131 8.08386246e-01
0.86502980 7.98625099e-01
0.86558659 7.85360441e-01
0.86614167 7.68709176e-01
0.86669505 7.48819566e-01
0.86724672 7.25868458e-01
0.86779669 7.00060407e-01
0.86834495 6.71625305e-01
0.86889151 6.40817357e-01
0.86943636 6.07912163e-01
0.86997950 5.73204587e-01
0.87052094 5.37005503e-01
0.87106068 4.99639231e-01
0.87159870 4.61441074e-01
0.87213503 4.22754023e-01
0.87266964 3.83925876e-01
0.87320256 3.45306052e-01
0.87373376 3.07243319e-01
0.87426327 2.70081658e-01
0.87479107 2.34157715e-01
0.87531717 1.99797623e-01
0.87584157 1.67314153e-01
0.87636426 1.37004189e-01
0.87688526 1.09145885e-01
0.87740455 8.39964952e-02
0.87792215 6.17900545e-02
0.87843804 4.27352399e-02
0.87895224 2.70138039e-02
0.87946475 1.47788954e-02
0.87997555 6.15381622e-03
0.88048467 1.23093085e-03
0.88099209 7.09556161e-05
0.88149781 2.70244910e-03
0.88200185 9.12160245e-03
0.88250419 1.92923156e-02
0.88300485 3.31465460e-02
0.88350382 5.05848804e-02
0.88400110 7.14774846e-02
0.88449669 9.56652322e-02
0.88499060 1.22961109e-01
0.88548283 1.53151727e-01
0.88597337 1.85999037e-01
0.88646223 2.21242748e-01
0.88694942 2.58602115e-01
0.88743493 2.97778861e-01
0.88791876 3.38459369e-01
0.88840092 3.80317424e-01
0.88888141 4.23017207e-01
0.88936022 4.66215471e-01
0.88983737 5.09565482e-01
0.89031285 5.52719041e-01
0.89078666 5.95329436e-01
0.89125881 6.37054270e-01
0.89172930 6.77558773e-01
0.89219812 7.16518365e-01
0.89266529 7.53621076e-01
0.89313080 7.88569598e-01
0.89359465 8.21085057e-01
0.89405684 8.50908796e-01
0.89451739 8.77803358e-01
0.89497628 9.01555232e-01
0.89543352 9.21976953e-01
0.89588912 9.38907489e-01
0.89634307 9.52214433e-01
0.89679537 9.61793919e-01
0.89724603 9.67573043e-01
0.89769506 9.69509410e-01
0.89814244 9.67590050e-01
0.89858819 9.61834178e-01
0.89903230 9.52290800e-01
0.89947478 9.39039050e-01
0.89991563 9.22187392e-01
0.90035485 9.01870292e-01
0.90079244 8.78251558e-01
0.90122840 8.51521477e-01
0.90166275 8.21894927e-01
0.90209547 7.89609595e-01
0.90252658 7.54923173e-01
0.90295607 7.18111777e-01
0.90338394 6.79467702e-01
0.90381021 6.39297945e-01
0.90423486 5.97919867e-01
0.90465791 5.55659543e-01
0.90507936 5.12850076e-01
0.90549920 4.69828021e-01
0.90591745 4.26931202e-01
0.90633410 3.84495754e-01
0.90674916 3.42854009e-01
0.90716263 3.02331799e-01
0.90757452 2.63245435e-01
0.90798483 2.25900410e-01
0.90839355 1.90589123e-01
0.90880071 1.57588552e-01
0.90920629 1.27157993e-01
0.90961030 9.95373181e-02
0.91001274 7.49450531e-02
0.91041362 5.35770005e-02
0.91081294 3.56048906e-02
0.91121071 2.11751786e-02
0.91160692 1.04080743e-02
0.91200159 3.39675678e-03
0.91239470 2.06849243e-04
0.91278628 8.76055898e-04
0.91317631 5.41400125e-03
0.91356481 1.38022923e-02
0.91395178 2.59947811e-02
0.91433722 4.19180187e-02
0.91472114 6.14719091e-02
0.91510353 8.45305060e-02
0.91548440 1.10943125e-01
0.91586376 1.40535487e-01
0.91624162 1.73110971e-01
0.91661796 2.08452085e-01
0.91699281 2.46322439e-01
0.91736616 2.86468242e-01
0.91773801 3.28620015e-01
0.91810837 3.72494557e-01
0.91847725 4.17797429e-01
0.91884464 4.64224947e-01
0.91921056 5.11466032e-01
0.91957499 5.59204331e-01
0.91993795 6.07120879e-01
0.92029944 6.54896266e-01
0.92065947 7.02213746e-01
0.92101803 7.48759123e-01
0.92137512 7.94225299e-01
0.92173076 8.38311683e-01
0.92208494 8.80729135e-01
0.92243767 9.21198710e-01
0.92278894 9.59455523e-01
0.92313877 9.95251048e-01
0.92348716 1.02835449e+00
0.92383410 1.05855354e+00
0.92417961 1.08565667e+00
0.92452368 1.10949236e+00
0.92486633 1.12991226e+00
0.92520754 1.14679099e+00
0.92554734 1.16002612e+00
0.92588571 1.16953928e+00
0.92622267 1.17527778e+00
0.92655821 1.17721244e+00
0.92689235 1.17534088e+00
0.92722508 1.16968295e+00
0.92755641 1.16028372e+00
0.92788634 1.14721284e+00
0.92821487 1.13056221e+00
0.92854202 1.11044720e+00
0.92886778 1.08700405e+00
0.92919215 1.06039047e+00
0.92951515 1.03078321e+00
0.92983677 9.98377342e-01
0.93015702 9.63382324e-01
0.93047590 9.26022349e-01
0.93079342 8.86538702e-01
0.93110958 8.45187756e-01
0.93142438 8.02235802e-01
0.93173783 7.57959118e-01
0.93204993 7.12639940e-01
0.93236068 6.66565981e-01
0.93267009 6.20028972e-01
0.93297817 5.73322785e-01
0.93328491 5.26739917e-01
0.93359032 4.80571821e-01
0.93389441 4.35106318e-01
0.93419717 3.90626048e-01
0.93449862 3.47406561e-01
0.93479876 3.05714691e-01
0.93509759 2.65807586e-01
0.93539512 2.27930752e-01
0.93569135 1.92317028e-01
0.93598629 1.59185129e-01
0.93627994 1.28738434e-01
0.93657231 1.01164282e-01
0.93686339 7.66326286e-02
0.93715320 5.52954303e-02
0.93744174 3.72858445e-02
0.93772902 2.27176105e-02
0.93801504 1.16845362e-02
0.93829980 4.26023803e-03
0.93858332 4.97785999e-04
0.93886559 4.29407116e-04
0.93914662 4.06643465e-03
0.93942641 1.13993830e-02
0.93970498 2.23981510e-02
0.93998232 3.70123416e-02
0.94025844 5.51716079e-02
0.94053334 7.67862971e-02
0.94080703 1.01748007e-01
0.94107951 1.29930340e-01
0.94135078 1.61189692e-01
0.94162086 1.95366209e-01
0.94188975 2.32284595e-01
0.94215744 2.71755479e-01
0.94242394 3.13576364e-01
0.94268926 3.57532897e-01
0.94295341 4.03400006e-01
0.94321637 4.50943921e-01
0.94347817 4.99922464e-01
0.94373880 5.50086434e-01
0.94399826 6.01181683e-01
0.94425657 6.52949917e-01
0.94451372 7.05129835e-01
0.94476971 7.57459785e-01
0.94502456 8.09677698e-01
0.94527826 8.61522999e-01
0.94553082 9.12739173e-01
0.94578224 9.63071386e-01
0.94603253 1.01226782e+00
0.94628169 1.06008506e+00
0.94652972 1.10628987e+00
0.94677663 1.15065857e+00
0.94702242 1.19297902e+00
0.94726709 1.23304940e+00
0.94751065 1.27068088e+00
0.94775311 1.30569758e+00
0.94799446 1.33793815e+00
0.94823470 1.36725527e+00
0.94847386 1.39351716e+00
0.94871192 1.41660719e+00
0.94894889 1.43642508e+00
0.94918478 1.45288779e+00
0.94941959 1.46592880e+00
0.94965332 1.47549733e+00
0.94988599 1.48155431e+00
0.95011759 1.48407391e+00
0.95034812 1.48305067e+00
0.95057760 1.47850247e+00
0.95080603 1.47046243e+00
0.95103341 1.45898145e+00
0.95125974 1.44412639e+00
0.95148503 1.42597929e+00
0.95170928 1.40463564e+00
0.95193250 1.38020607e+00
0.95215469 1.35281574e+00
0.95237586 1.32260163e+00
0.95259601 1.28971274e+00
0.95281515 1.25430956e+00
0.95303328 1.21656378e+00
0.95325041 1.17665669e+00
0.95346654 1.13477799e+00
0.95368168 1.09112490e+00
0.95389583 1.04590073e+00
0.95410899 9.99313774e-01
0.95432118 9.51577503e-01
0.95453239 9.02911954e-01
0.95474264 8.53541581e-01
0.95495193 8.03692354e-01
0.95516025 7.53592255e-01
0.95536763 7.03468881e-01
0.95557405 6.53549329e-01
0.95577952 6.04059345e-01
0.95598405 5.55221559e-01
0.95618765 5.07254875e-01
0.95639030 4.60374224e-01
0.95659203 4.14789647e-01
0.95679283 3.70705145e-01
0.95699270 3.28317422e-01
0.95719166 2.87815406e-01
0.95738969 2.49379187e-01
0.95758682 2.13179794e-01
0.95778303 1.79378075e-01
0.95797835 1.48124321e-01
0.95817276 1.19557535e-01
0.95836627 9.38054289e-02
0.95855889 7.09840439e-02
0.95875061 5.11969875e-02
0.95894145 3.45351111e-02
0.95913141 2.10761616e-02
0.95932049 1.08845898e-02
0.95950869 4.01147403e-03
0.95969602 4.94540292e-04
0.95988248 3.58112599e-04
0.96006807 3.61316460e-03
0.96025281 1.02573016e-02
0.96043668 2.02747311e-02
0.96061970 3.36363985e-02
0.96080187 5.03003886e-02
0.96098319 7.02123735e-02
0.96116367 9.33059259e-02
0.96134331 1.19503073e-01
0.96152211 1.48714882e-01
0.96170008 1.80841775e-01
0.96187722 2.15774078e-01
0.96205354 2.53393133e-01
0.96222904 2.93569987e-01
0.96240373 3.36164344e-01
0.96257762 3.81027973e-01
0.96275070 4.28006104e-01
0.96292298 4.76936992e-01
0.96309447 5.27653127e-01
0.96326516 5.79981339e-01
0.96343507 6.33743415e-01
0.96360420 6.88757406e-01
0.96377255 7.44836774e-01
0.96394013 8.01793775e-01
0.96410694 8.59437220e-01
0.96427298 9.17573896e-01
0.96443827 9.76007595e-01
0.96460280 1.03454017e+00
0.96476659 1.09297428e+00
0.96492962 1.15111488e+00
0.96509192 1.20876771e+00
0.96525348 1.26574101e+00
0.96541431 1.32184636e+00
0.96557441 1.37689744e+00
0.96573379 1.43071372e+00
0.96589245 1.48311841e+00
0.96605039 1.53394085e+00
0.96620761 1.58301481e+00
0.96636413 1.63018142e+00
0.96651994 1.67528839e+00
0.96667505 1.71819058e+00
0.96682946 1.75874949e+00
0.96698318 1.79683443e+00
0.96713620 1.83232358e+00
0.96728854 1.86510272e+00
0.96744019 1.89506831e+00
0.96759117 1.92212561e+00
0.96774147 1.94619035e+00
0.96789109 1.96718868e+00
0.96804004 1.98505518e+00
0.96818833 1.99973611e+00
0.96833595 2.01118873e+00
0.96848291 2.01938118e+00
0.96862920 2.02429227e+00
0.96877484 2.02591059e+00
0.96891983 2.02423540e+00
0.96906416 2.01927718e+00
0.96920785 2.01105809e+00
0.96935089 1.99960989e+00
0.96949329 1.98497635e+00
0.96963505 1.96720963e+00
0.96977617 1.94637426e+00
0.96991666 1.92254246e+00
0.97005652 1.89580071e+00
0.97019575 1.86624852e+00
0.97033436 1.83399218e+00
0.97047234 1.79913859e+00
0.97060970 1.76180467e+00
0.97074644 1.72211288e+00
0.97088257 1.68018945e+00
0.97101808 1.63616616e+00
0.97115298 1.59018417e+00
0.97128728 1.54239092e+00
0.97142098 1.49293968e+00
0.97155407 1.44198998e+00
0.97168657 1.38970229e+00
0.97181848 1.33624245e+00
0.97194980 1.28177893e+00
0.97208053 1.22648358e+00
0.97221067 1.17053130e+00
0.97234023 1.11409853e+00
0.97246921 1.05735698e+00
0.97259762 1.00047953e+00
0.97272546 9.43640469e-01
0.97285272 8.87014345e-01
0.97297943 8.30775631e-01
0.97310556 7.75098622e-01
0.97323114 7.20156248e-01
0.97335616 6.66120989e-01
0.97348062 6.13163806e-01
0.97360452 5.61456350e-01
0.97372788 5.11163690e-01
0.97385068 4.62442104e-01
0.97397294 4.15443097e-01
0.97409466 3.70314783e-01
0.97421583 3.27200439e-01
0.97433647 2.86238519e-01
0.97445657 2.47561850e-01
0.97457613 2.11297340e-01
0.97469516 1.77565226e-01
0.97481366 1.46479376e-01
0.97493162 1.18147021e-01
0.97504905 9.26663824e-02
0.97516596 7.01257097e-02
0.97528233 5.06046994e-02
0.97539819 3.41754131e-02
0.97551352 2.09015386e-02
0.97562833 1.08381843e-02
0.97574262 4.03145373e-03
0.97585639 5.18210784e-04
0.97596965 3.25877058e-04
0.97608238 3.47218216e-03
0.97619460 9.96504417e-03
0.97630630 1.98027102e-02
0.97641748 3.29742119e-02
0.97652815 4.94594288e-02
0.97663830 6.92289354e-02
0.97674794 9.22441629e-02
0.97685706 1.18457276e-01
0.97696567 1.47811432e-01
0.97707377 1.80240648e-01
0.97718136 2.15671266e-01
0.97728844 2.54022633e-01
0.97739500 2.95206683e-01
0.97750105 3.39127429e-01
0.97760660 3.85681709e-01
0.97771163 4.34759675e-01
0.97781616 4.86246118e-01
0.97792018 5.40021986e-01
0.97802370 5.95961221e-01
0.97812671 6.53933078e-01
0.97822921 7.13803551e-01
0.97833121 7.75432968e-01
0.97843271 8.38675816e-01
0.97853371 9.03381859e-01
0.97863421 9.69397585e-01
0.97873421 1.03656619e+00
0.97883372 1.10472770e+00
0.97893272 1.17372022e+00
0.97903124 1.24338127e+00
0.97912925 1.31355071e+00
0.97922678 1.38406891e+00
0.97932381 1.45477434e+00
0.97942035 1.52550627e+00
0.97951640 1.59610268e+00
0.97961196 1.66640291e+00
0.97970703 1.73624675e+00
0.97980161 1.80547445e+00
0.97989570 1.87392753e+00
0.97998931 1.94145075e+00
0.98008243 2.00789356e+00
0.98017506 2.07311319e+00
0.98026721 2.13697503e+00
0.98035888 2.19935067e+00
0.98045006 2.26011237e+00
0.98054076 2.31913240e+00
0.98063097 2.37628727e+00
0.98072070 2.43146208e+00
0.98080995 2.48454455e+00
0.98089871 2.53542207e+00
0.98098700 2.58398680e+00
0.98107480 2.63015374e+00
0.98116213 2.67385228e+00
0.98124899 2.71502601e+00
0.98133537 2.75360369e+00
0.98142127 2.78949450e+00
0.98150671 2.82263736e+00
0.98159168 2.85301420e+00
0.98167618 2.88062420e+00
0.98176021 2.90546721e+00
0.98184378 2.92752683e+00
0.98192688 2.94676124e+00
0.98200953 2.96312670e+00
0.98209173 2.97659822e+00
0.98217347 2.98715487e+00
0.98225476 2.99477794e+00
0.98233560 2.99945372e+00
0.98241600 3.00119805e+00
0.98249595 3.00004768e+00
0.98257546 2.99604916e+00
0.98265452 2.98925627e+00
0.98273315 2.97970338e+00
0.98281135 2.96740365e+00
0.98288911 2.95239835e+00
0.98296645 2.93475874e+00
0.98304335 2.91456271e+00
0.98311983 2.89188412e+00
0.98319589 2.86677000e+00
0.98327153 2.83924781e+00
0.98334674 2.80937828e+00
0.98342155 2.77724845e+00
0.98349594 2.74295634e+00
0.98356992 2.70660088e+00
0.98364349 2.66826464e+00
0.98371666 2.62799729e+00
0.98378943 2.58587279e+00
0.98386179 2.54199071e+00
0.98393376 2.49645468e+00
0.98400534 2.44937212e+00
0.98407652 2.40084314e+00
0.98414732 2.35094916e+00
0.98421773 2.29977000e+00
0.98428777 2.24739715e+00
0.98435742 2.19392275e+00
0.98442669 2.13943869e+00
0.98449560 2.08403325e+00
0.98456413 2.02778548e+00
0.98463230 1.97077548e+00
0.98470010 1.91310585e+00
0.98476755 1.85488763e+00
0.98483464 1.79622805e+00
0.98490138 1.73723236e+00
0.98496776 1.67799646e+00
0.98503380 1.61859841e+00
0.98509949 1.55911423e+00
0.98516485 1.49963319e+00
0.98522986 1.44025063e+00
0.98529454 1.38105822e+00
0.98535889 1.32214806e+00
0.98542291 1.26360385e+00
0.98548661 1.20550035e+00
0.98554998 1.14791566e+00
0.98561303 1.09093773e+00
0.98567576 1.03465504e+00
0.98573819 9.79152002e-01
0.98580030 9.24511604e-01
0.98586210 8.70811052e-01
0.98592359 8.18117581e-01
0.98598479 7.66497509e-01
0.98604568 7.16024567e-01
0.98610628 6.66773995e-01
0.98616659 6.18816906e-01
0.98622660 5.72221376e-01
0.98628633 5.27052429e-01
0.98634578 4.83369639e-01
0.98640494 4.41227760e-01
0.98646382 4.00684257e-01
0.98652242 3.61797265e-01
0.98658076 3.24623770e-01
0.98663882 2.89218461e-01
0.98669661 2.55634146e-01
0.98675414 2.23921080e-01
0.98681140 1.94126648e-01
0.98686840 1.66296037e-01
0.98692514 1.40474752e-01
0.98698163 1.16706869e-01
0.98703787 9.50340722e-02
0.98709385 7.54956211e-02
0.98714959 5.81284863e-02
0.98720507 4.29673917e-02
0.98726032 3.00446832e-02
0.98731532 1.93907039e-02
0.98737009 1.10342096e-02
0.98742461 5.00167621e-03
0.98747890 1.31726513e-03
0.98753296 3.11920103e-06
0.98758678 1.07935691e-03
0.98764038 4.56395439e-03
0.98769375 1.04728694e-02
0.98774690 1.88200638e-02
0.98779982 2.96176002e-02
0.98785253 4.28753688e-02
0.98790502 5.86008855e-02
0.98795729 7.67987992e-02
0.98800935 9.74709574e-02
0.98806119 1.20617610e-01
0.98811283 1.46237625e-01
0.98816425 1.74328326e-01
0.98821547 2.04884248e-01
0.98826649 2.37896374e-01
0.98831730 2.73353224e-01
0.98836791 3.11241209e-01
0.98841832 3.51542054e-01
0.98846854 3.94232993e-01
0.98851856 4.39292704e-01
0.98856838 4.86701861e-01
0.98861801 5.36441049e-01
0.98866745 5.88489041e-01
0.98871670 6.42815503e-01
0.98876577 6.99383365e-01
0.98881464 7.58151684e-01
0.98886333 8.19078691e-01
0.98891184 8.82121068e-01
0.98896016 9.47235203e-01
0.98900830 1.01438170e+00
0.98905626 1.08352460e+00
0.98910405 1.15462357e+00
0.98915165 1.22763309e+00
0.98919908 1.30249282e+00
0.98924633 1.37914247e+00
0.98929342 1.45752394e+00
0.98934033 1.53757900e+00
0.98938706 1.61924726e+00
0.98943363 1.70245890e+00
0.98948003 1.78714182e+00
0.98952626 1.87322732e+00
0.98957233 1.96064740e+00
0.98961823 2.04933220e+00
0.98966397 2.13920598e+00
0.98970954 2.23018839e+00
0.98975495 2.32219433e+00
0.98980020 2.41513367e+00
0.98984528 2.50891264e+00
0.98989021 2.60343496e+00
0.98993498 2.69860112e+00
0.98997959 2.79431365e+00
0.99002404 2.89048532e+00
0.99006834 2.98702566e+00
0.99011248 3.08385298e+00
0.99015647 3.18090812e+00
0.99020030 3.27811990e+00
0.99024398 3.37537713e+00
0.99028750 3.47255293e+00
0.99033087 3.56951850e+00
0.99037409 3.66614611e+00
0.99041716 3.76231076e+00
0.99046007 3.85789219e+00
0.99050283 3.95278505e+00
0.99054544 4.04689865e+00
0.99058791 4.14014732e+00
0.99063022 4.23245368e+00
0.99067238 4.32373862e+00
0.99071439 4.41390397e+00
0.99075625 4.50283218e+00
0.99079797 4.59043011e+00
0.99083954 4.67662476e+00
0.99088095 4.76134812e+00
0.99092222 4.84453478e+00
0.99096335 4.92611422e+00
0.99100432 5.00599296e+00
0.99104515 5.08408026e+00
0.99108584 5.16031139e+00
0.99112638 5.23463896e+00
0.99116677 5.30700969e+00
0.99120703 5.37736707e+00
0.99124713 5.44564928e+00
0.99128710 5.51179059e+00
0.99132692 5.57571002e+00
0.99136660 5.63731135e+00
0.99140614 5.69650194e+00
0.99144554 5.75319393e+00
0.99148480 5.80729527e+00
0.99152392 5.85873708e+00
0.99156290 5.90748807e+00
0.99160174 5.95350912e+00
0.99164044 5.99672099e+00
0.99167900 6.03702906e+00
0.99171743 6.07434036e+00
0.99175572 6.10856487e+00
0.99179388 6.13961428e+00
0.99183189 6.16742970e+00
0.99186978 6.19198303e+00
0.99190752 6.21322826e+00
0.99194513 6.23109709e+00
0.99198261 6.24553697e+00
0.99201995 6.25649130e+00
0.99205716 6.26391799e+00
0.99209423 6.26783071e+00
0.99213117 6.26831903e+00
0.99216797 6.26542261e+00
0.99220464 6.25910764e+00
0.99224118 6.24933666e+00
0.99227757 6.23610117e+00
0.99231384 6.21940917e+00
0.99234997 6.19928270e+00
0.99238597 6.17576901e+00
0.99242183 6.14891041e+00
0.99245756 6.11874106e+00
0.99249315 6.08530121e+00
0.99252862 6.04864950e+00
0.99256394 6.00884234e+00
0.99259914 5.96593961e+00
0.99263420 5.91999234e+00
0.99266914 5.87105533e+00
0.99270393 5.81917489e+00
0.99273860 5.76439548e+00
0.99277314 5.70675189e+00
0.99280755 5.64631269e+00
0.99284183 5.58316213e+00
0.99287598 5.51739714e+00
0.99291000 5.44917005e+00
0.99294390 5.37863721e+00
0.99297766 5.30589116e+00
0.99301130 5.23099235e+00
0.99304482 5.15399743e+00
0.99307821 5.07495000e+00
0.99311147 4.99389679e+00
0.99314460 4.91090307e+00
0.99317762 4.82603464e+00
0.99321051 4.73936091e+00
0.99324327 4.65096227e+00
0.99327591 4.56091859e+00
0.99330844 4.46931671e+00
0.99334083 4.37624919e+00
0.99337311 4.28180053e+00
0.99340527 4.18604891e+00
0.99343731 4.08909198e+00
0.99346923 3.99103273e+00
0.99350103 3.89197662e+00
0.99353272 3.79203114e+00
0.99356429 3.69130598e+00
0.99359574 3.58995407e+00
0.99362707 3.48815970e+00
0.99365829 3.38605168e+00
0.99368940 3.28371818e+00
0.99372039 3.18123675e+00
0.99375126 3.07868641e+00
0.99378202 2.97616390e+00
0.99381267 2.87376967e+00
0.99384320 2.77160441e+00
0.99387362 2.66977256e+00
0.99390393 2.56838284e+00
0.99393412 2.46754262e+00
0.99396421 2.36736114e+00
0.99399418 2.26794737e+00
0.99402404 2.16941088e+00
0.99405380 2.07185546e+00
0.99408344 1.97538293e+00
0.99411298 1.88008912e+00
0.99414240 1.78607521e+00
0.99417172 1.69344039e+00
0.99420094 1.60229748e+00
0.99423005 1.51278056e+00
0.99425905 1.42500834e+00
0.99428794 1.33907186e+00
0.99431673 1.25505464e+00
0.99434541 1.17304222e+00
0.99437399 1.09312502e+00
0.99440247 1.01539030e+00
0.99443084 9.39922857e-01
0.99445910 8.66802804e-01
0.99448726 7.96110031e-01
0.99451532 7.27923544e-01
0.99454328 6.62323134e-01
0.99457114 5.99387550e-01
0.99459889 5.39194852e-01
0.99462655 4.81820771e-01
0.99465410 4.27339836e-01
0.99468156 3.75825029e-01
0.99470892 3.27346863e-01
0.99473617 2.81974914e-01
0.99476333 2.39779809e-01
0.99479039 2.00826762e-01
0.99481736 1.65172027e-01
0.99484422 1.32865789e-01
0.99487099 1.03957138e-01
0.99489766 7.84945318e-02
0.99492424 5.65245113e-02
0.99495072 3.80918961e-02
0.99497711 2.32395165e-02
0.99500339 1.20074124e-02
0.99502959 4.43290531e-03
0.99505569 5.50367573e-04
0.99508169 3.90940251e-04
0.99510761 3.98245179e-03
0.99513342 1.13496449e-02
0.99515915 2.25142713e-02
0.99518478 3.74950967e-02
0.99521032 5.63075491e-02
0.99523577 7.89633676e-02
0.99526113 1.05472776e-01
0.99528640 1.35845834e-01
0.99531158 1.70090299e-01
0.99533666 2.08209145e-01
0.99536166 2.50201472e-01
0.99538657 2.96062867e-01
0.99541138 3.45784449e-01
0.99543611 3.99353080e-01
0.99546075 4.56754104e-01
0.99548530 5.17973494e-01
0.99550976 5.82996905e-01
0.99553413 6.51802737e-01
0.99555842 7.24361939e-01
0.99558261 8.00643609e-01
0.99560672 8.80612067e-01
0.99563074 9.64227502e-01
0.99565468 1.05144486e+00
0.99567853 1.14221639e+00
0.99570229 1.23649690e+00
0.99572597 1.33427360e+00
0.99574957 1.43554215e+00
0.99577308 1.54026291e+00
0.99579651 1.64837682e+00
0.99581985 1.75981888e+00
0.99584310 1.87452467e+00
0.99586627 1.99244626e+00
0.99588936 2.11354841e+00
0.99591236 2.23777180e+00
0.99593528 2.36504139e+00
0.99595812 2.49527761e+00
0.99598087 2.62839794e+00
0.99600354 2.76431738e+00
0.99602613 2.90294687e+00
0.99604864 3.04419366e+00
0.99607106 3.18796436e+00
0.99609341 3.33415586e+00
0.99611567 3.48268819e+00
0.99613786 3.63358403e+00
0.99615996 3.78688611e+00
0.99618199 3.94253103e+00
0.99620393 4.10039961e+00
0.99622579 4.26036981e+00
0.99624758 4.42233124e+00
0.99626929 4.58622935e+00
0.99629091 4.75201363e+00
0.99631246 4.91959209e+00
0.99633393 5.08884241e+00
0.99635532 5.25965359e+00
0.99637663 5.43190363e+00
0.99639786 5.60547220e+00
0.99641902 5.78024273e+00
0.99644009 5.95608758e+00
0.99646110 6.13288968e+00
0.99648202 6.31051367e+00
0.99650287 6.48894225e+00
0.99652365 6.66834063e+00
0.99654435 6.84878543e+00
0.99656497 7.03014564e+00
0.99658552 7.21226178e+00
0.99660599 7.39498178e+00
0.99662639 7.57815625e+00
0.99664671 7.76162953e+00
0.99666696 7.94528501e+00
0.99668714 8.12909370e+00
0.99670724 8.31296317e+00
0.99672726 8.49675775e+00
0.99674721 8.68032593e+00
0.99676709 8.86353047e+00
0.99678690 9.04621091e+00
0.99680663 9.22823273e+00
0.99682629 9.40945822e+00
0.99684588 9.58989242e+00
0.99686540 9.76982198e+00
0.99688485 9.94953861e+00
0.99690423 1.01289922e+01
0.99692353 1.03079704e+01
0.99694277 1.04863000e+01
0.99696193 1.06638055e+01
0.99698103 1.08403210e+01
0.99700005 1.10157054e+01
0.99701900 1.11898775e+01
0.99703788 1.13627577e+01
0.99705669 1.15341937e+01
0.99707544 1.17040335e+01
0.99709411 1.18721472e+01
0.99711271 1.20383888e+01
0.99713125 1.22026167e+01
0.99714972 1.23646828e+01
0.99716812 1.25245580e+01
0.99718645 1.26826460e+01
0.99720472 1.28394464e+01
0.99722292 1.29949787e+01
0.99724105 1.31490130e+01
0.99725911 1.33013498e+01
0.99727711 1.34518181e+01
0.99729504 1.36002521e+01
0.99731291 1.37465116e+01
0.99733070 1.38904512e+01
0.99734843 1.40319896e+01
0.99736610 1.41711293e+01
0.99738370 1.43077833e+01
0.99740123 1.44418306e+01
0.99741870 1.45731309e+01
0.99743610 1.47015446e+01
0.99745344 1.48269201e+01
0.99747072 1.49492649e+01
0.99748793 1.50689952e+01
0.99750508 1.51865754e+01
0.99752217 1.53020511e+01
0.99753919 1.54153196e+01
0.99755615 1.55262650e+01
0.99757304 1.56347267e+01
0.99758987 1.57405807e+01
0.99760664 1.58436886e+01
0.99762334 1.59439140e+01
0.99763998 1.60411448e+01
0.99765656 1.61352524e+01
0.99767308 1.62260986e+01
0.99768953 1.63136113e+01
0.99770592 1.63978061e+01
0.99772225 1.64786566e+01
0.99773852 1.65560941e+01
0.99775473 1.66303159e+01
0.99777088 1.67019868e+01
0.99778697 1.67715467e+01
0.99780300 1.68388880e+01
0.99781897 1.69037776e+01
0.99783488 1.69660402e+01
0.99785072 1.70255186e+01
0.99786651 1.70821209e+01
0.99788224 1.71357852e+01
0.99789790 1.71864560e+01
0.99791351 1.72339960e+01
0.99792905 1.72783225e+01
0.99794454 1.73193375e+01
0.99795997 1.73569934e+01
0.99797534 1.73912513e+01
0.99799064 1.74220496e+01
0.99800590 1.74493370e+01
0.99802109 1.74735045e+01
0.99803623 1.74953311e+01
0.99805131 1.75151479e+01
0.99806633 1.75328091e+01
0.99808129 1.75481120e+01
0.99809620 1.75608846e+01
0.99811104 1.75710065e+01
0.99812583 1.75783587e+01
0.99814056 1.75828522e+01
0.99815524 1.75843981e+01
0.99816985 1.75829642e+01
0.99818441 1.75784930e+01
0.99819891 1.75709805e+01
0.99821335 1.75604538e+01
0.99822774 1.75469980e+01
0.99824208 1.75305972e+01
0.99825635 1.75113506e+01
0.99827058 1.74897969e+01
0.99828474 1.74664995e+01
0.99829885 1.74414625e+01
0.99831291 1.74144511e+01
0.99832690 1.73853062e+01
0.99834085 1.73538959e+01
0.99835473 1.73201218e+01
0.99836856 1.72838863e+01
0.99838234 1.72452066e+01
0.99839606 1.72041096e+01
0.99840972 1.71605723e+01
0.99842333 1.71145776e+01
0.99843688 1.70661248e+01
0.99845038 1.70152155e+01
0.99846383 1.69618414e+01
0.99847721 1.69059789e+01
0.99849055 1.68478947e+01
0.99850383 1.67882249e+01
0.99851706 1.67272882e+01
0.99853024 1.66649814e+01
0.99854335 1.66011739e+01
0.99855642 1.65358234e+01
0.99856943 1.64688510e+01
0.99858239 1.64001950e+01
0.99859529 1.63297854e+01
0.99860814 1.62575693e+01
0.99862093 1.61835124e+01
0.99863367 1.61075987e+01
0.99864635 1.60298105e+01
0.99865898 1.59501475e+01
0.99867156 1.58686179e+01
0.99868409 1.57852359e+01
0.99869656 1.57000188e+01
0.99870898 1.56133519e+01
0.99872134 1.55257911e+01
0.99873365 1.54375134e+01
0.99874591 1.53483902e+01
0.99875812 1.52583189e+01
0.99877027 1.51672188e+01
0.99878237 1.50750367e+01
0.99879441 1.49817294e+01
0.99880640 1.48872538e+01
0.99881833 1.47916024e+01
0.99883022 1.46947517e+01
0.99884204 1.45967139e+01
0.99885382 1.44974765e+01
0.99886554 1.43970884e+01
0.99887721 1.42955906e+01
0.99888882 1.41930173e+01
0.99890039 1.40894364e+01
0.99891190 1.39851625e+01
0.99892335 1.38805818e+01
0.99893476 1.37757825e+01
0.99894611 1.36706699e+01
0.99895740 1.35651724e+01
0.99896864 1.34592389e+01
0.99897983 1.33528207e+01
0.99899097 1.32458777e+01
0.99900204 1.31383862e+01
0.99901307 1.30303246e+01
0.99902404 1.29217025e+01
0.99903496 1.28125400e+01
0.99904582 1.27028402e+01
0.99905663 1.25926239e+01
0.99906738 1.24819221e+01
0.99907808 1.23707703e+01
0.99908873 1.22592127e+01
0.99909932 1.21474414e+01
0.99910985 1.20357515e+01
0.99912034 1.19242368e+01
0.99913076 1.18128408e+01
0.99914114 1.17015182e+01
0.99915145 1.15902294e+01
0.99916171 1.14789512e+01
0.99917192 1.13676599e+01
0.99918207 1.12563542e+01
0.99919216 1.11450328e+01
0.99920220 1.10337078e+01
0.99921218 1.09223861e+01
0.99922210 1.08110822e+01
0.99923197 1.06998230e+01
0.99924178 1.05886376e+01
0.99925153 1.04775406e+01
0.99926122 1.03665654e+01
0.99927086 1.02557503e+01
0.99928044 1.01452403e+01
0.99928996 1.00351790e+01
0.99929943 9.92555322e+00
0.99930883 9.81633124e+00
0.99931818 9.70751485e+00
0.99932747 9.59910812e+00
0.99933669 9.49112326e+00
0.99934586 9.38357557e+00
0.99935497 9.27646433e+00
0.99936401 9.16978097e+00
0.99937300 9.06352422e+00
0.99938192 8.95769716e+00
0.99939078 8.85231222e+00
0.99939957 8.74737620e+00
0.99940831 8.64289953e+00
0.99941698 8.53888594e+00
0.99942559 8.43536660e+00
0.99943413 8.33236941e+00
0.99944261 8.22994339e+00
0.99945103 8.12817446e+00
0.99945938 8.02709707e+00
0.99946767 7.92669321e+00
0.99947589 7.82695126e+00
0.99948404 7.72787873e+00
0.99949212 7.62950055e+00
0.99950014 7.53181670e+00
0.99950808 7.43482756e+00
0.99951596 7.33851813e+00
0.99952376 7.24286821e+00
0.99953150 7.14788037e+00
0.99953916 7.05356613e+00
0.99954675 6.95996321e+00
0.99955427 6.86710111e+00
0.99956171 6.77498644e+00
0.99956908 6.68361236e+00
0.99957637 6.59298399e+00
0.99958359 6.50311843e+00
0.99959073 6.41402122e+00
0.99959779 6.32569982e+00
0.99960478 6.23813739e+00
0.99961169 6.15130372e+00
0.99961851 6.06520219e+00
0.99962526 5.97985491e+00
0.99963193 5.89529135e+00
0.99963851 5.81152368e+00
0.99964501 5.72852289e+00
0.99965143 5.64627354e+00
0.99965776 5.56480825e+00
0.99966400 5.48416192e+00
0.99967016 5.40436620e+00
0.99967623 5.32542687e+00
0.99968221 5.24731328e+00
0.99968810 5.16998954e+00
0.99969391 5.09345355e+00
0.99969962 5.01771400e+00
0.99970524 4.94277587e+00
0.99971077 4.86863121e+00
0.99971621 4.79526580e+00
0.99972155 4.72268974e+00
0.99972680 4.65092313e+00
0.99973196 4.57997590e+00
0.99973702 4.50984597e+00
0.99974199 4.44051421e+00
0.99974687 4.37195882e+00
0.99975165 4.30416787e+00
0.99975634 4.23713668e+00
0.99976093 4.17084743e+00
0.99976543 4.10525710e+00
0.99976984 4.04035325e+00
0.99977415 3.97616669e+00
0.99977836 3.91273659e+00
0.99978249 3.85009407e+00
0.99978652 3.78824180e+00
0.99979046 3.72716597e+00
0.99979431 3.66686405e+00
0.99979807 3.60735317e+00
0.99980174 3.54865396e+00
0.99980532 3.49078415e+00
0.99980882 3.43376804e+00
0.99981223 3.37760145e+00
0.99981555 3.32225765e+00
0.99981879 3.26771385e+00
0.99982196 3.21395421e+00
0.99982504 3.16099625e+00
0.99982804 3.10887593e+00
0.99983097 3.05760758e+00
0.99983383 3.00719835e+00
0.99983661 2.95766263e+00
0.99983933 2.90902614e+00
0.99984197 2.86130809e+00
0.99984456 2.81450183e+00
0.99984708 2.76858406e+00
0.99984954 2.72352573e+00
0.99985194 2.67933341e+00
0.99985429 2.63605185e+00
0.99985659 2.59369039e+00
0.99985884 2.55220863e+00
0.99986105 2.51156022e+00
0.99986321 2.47170916e+00
0.99986534 2.43267760e+00
0.99986743 2.39450987e+00
0.99986948 2.35718414e+00
0.99987151 2.32065187e+00
0.99987351 2.28486569e+00
0.99987549 2.24983087e+00
0.99987744 2.21563222e+00
0.99987937 2.18233019e+00
0.99988128 2.14993311e+00
0.99988317 2.11845265e+00
0.99988504 2.08792369e+00
0.99988687 2.05845907e+00
0.99988868 2.03021429e+00
0.99989045 2.00325525e+00
0.99989219 1.97756780e+00
0.99989388 1.95311991e+00
0.99989554 1.92985635e+00
0.99989716 1.90772384e+00
0.99989875 1.88668598e+00
0.99990032 1.86665818e+00
0.99990186 1.84750626e+00
0.99990339 1.82909506e+00
0.99990492 1.81129368e+00
0.99990645 1.79397513e+00
0.99990799 1.77702456e+00
0.99990954 1.76036194e+00
0.99991112 1.74393360e+00
0.99991273 1.72767304e+00
0.99991438 1.71150507e+00
0.99991607 1.69537404e+00
0.99991782 1.67923413e+00
0.99991962 1.66304154e+00
0.99992147 1.64675123e+00
0.99992339 1.63033234e+00
0.99992538 1.61378384e+00
0.99992743 1.59711950e+00
0.99992956 1.58033781e+00
0.99993176 1.56342764e+00
0.99993404 1.54638334e+00
0.99993638 1.52920358e+00
0.99993880 1.51188590e+00
0.99994129 1.49442842e+00
0.99994386 1.47684250e+00
0.99994649 1.45916058e+00
0.99994919 1.44140732e+00
0.99995196 1.42358494e+00
0.99995480 1.40569256e+00
0.99995770 1.38773618e+00
0.99996066 1.36972544e+00
0.99996367 1.35167658e+00
0.99996675 1.33361356e+00
0.99996988 1.31557858e+00
0.99997306 1.29763628e+00
0.99997629 1.27982859e+00
0.99997956 1.26214070e+00
0.99998288 1.24450421e+00
0.99998623 1.22682905e+00
0.99998963 1.20906262e+00
0.99999305 1.19121128e+00
0.99999651 1.17331665e+00
1.00000000 1.15541780e+00
1.00000925 1.10889068e+00
1.00001867 1.06325546e+00
1.00002824 1.01959922e+00
1.00003791 9.78288438e-01
1.00004767 9.38132281e-01
1.00005749 8.98411548e-01
1.00006734 8.59714003e-01
1.00007723 8.22561698e-01
1.00008712 7.86797340e-01
1.00009701 7.52241986e-01
1.00010689 7.19043863e-01
1.00011673 6.87245605e-01
1.00012652 6.56559729e-01
1.00013628 6.26817197e-01
1.00014600 5.98264528e-01
1.00015568 5.71307165e-01
1.00016534 5.46006972e-01
1.00017496 5.21994588e-01
1.00018452 4.98850194e-01
1.00019402 4.76283562e-01
1.00020346 4.54329000e-01
1.00021284 4.33282276e-01
1.00022216 4.13228624e-01
1.00023144 3.94076899e-01
1.00024066 3.75806403e-01
1.00024981 3.58414135e-01
1.00025890 3.41851969e-01
1.00026794 3.26057108e-01
1.00027693 3.10982870e-01
1.00028588 2.96585240e-01
1.00029480 2.82830555e-01
1.00030370 2.69695558e-01
1.00031256 2.57154293e-01
1.00032140 2.45176879e-01
1.00033022 2.33734555e-01
1.00033902 2.22805093e-01
1.00034780 2.12368910e-01
1.00035658 2.02406553e-01
1.00036534 1.92900752e-01
1.00037410 1.83832655e-01
1.00038285 1.75180291e-01
1.00039160 1.66921162e-01
1.00040033 1.59034949e-01
1.00040906 1.51505709e-01
1.00041778 1.44322698e-01
1.00042650 1.37473897e-01
1.00043520 1.30941715e-01
1.00044390 1.24708034e-01
1.00045259 1.18758324e-01
1.00046128 1.13079204e-01
1.00046995 1.07661175e-01
1.00047860 1.02501169e-01
1.00048725 9.75958958e-02
1.00049588 9.29385195e-02
1.00050450 8.85159417e-02
1.00051310 8.43118515e-02
1.00052168 8.03157130e-02
1.00053025 7.65205017e-02
1.00053881 7.29182244e-02
1.00054734 6.94991912e-02
1.00055586 6.62520061e-02
1.00056436 6.31660219e-02
1.00057285 6.02320794e-02
1.00058131 5.74419067e-02
1.00058975 5.47877846e-02
1.00059817 5.22625421e-02
1.00060657 4.98602528e-02
1.00061494 4.75756543e-02
1.00062328 4.54036263e-02
1.00063159 4.33386768e-02
1.00063988 4.13750190e-02
1.00064813 3.95075936e-02
1.00065634 3.77324085e-02
1.00066451 3.60457412e-02
1.00067265 3.44436588e-02
1.00068073 3.29217938e-02
1.00068877 3.14758881e-02
1.00069676 3.01026422e-02
1.00070468 2.87991647e-02
1.00071255 2.75624520e-02
