# ADIPLS gamma1,rho kernel K_(Gamma1,rho)(r) for Model S
# Code: ADIPLS (bundled with MESA 26.04.1), igm1kr=1, variational, istsbc=1, icow=0, mdintg=5
# Model: fgong.l5bi.d.15c (md5 8a076ec1810e9871cdf21f6ecdf72016), G=6.67430e-8 cgs
# Mode: l=0 n=17 nu=2497.7333 uHz
# ADIPLS convention: delta(omega)/omega = INTEGRAL[ K * delta(Gamma1) * dx ], x=r/R  (ABSOLUTE delta Gamma1; see README.md)
# columns: x=r/R    K_gamma1_rho
0.00000000 0.00000000e+00
0.00139108 2.23490495e-03
0.00140979 2.25865234e-03
0.00142875 2.28284985e-03
0.00144796 2.30750396e-03
0.00146744 2.33262516e-03
0.00148717 2.35822233e-03
0.00150717 2.38430476e-03
0.00152744 2.41088338e-03
0.00154798 2.43796920e-03
0.00156880 2.46557307e-03
0.00158990 2.49370608e-03
0.00161128 2.52237891e-03
0.00163295 2.55160311e-03
0.00165491 2.58139138e-03
0.00167716 2.61175639e-03
0.00169972 2.64270868e-03
0.00172258 2.67426354e-03
0.00174574 2.70643205e-03
0.00176922 2.73922753e-03
0.00179301 2.77266466e-03
0.00181713 2.80675707e-03
0.00184156 2.84151934e-03
0.00186633 2.87696633e-03
0.00189143 2.91311281e-03
0.00191686 2.94997489e-03
0.00194264 2.98756494e-03
0.00196877 3.02590101e-03
0.00199525 3.06499920e-03
0.00202208 3.10487801e-03
0.00204927 3.14555373e-03
0.00207683 3.18704575e-03
0.00210476 3.22937240e-03
0.00213306 3.27255129e-03
0.00216175 3.31660186e-03
0.00219082 3.36154295e-03
0.00222029 3.40739426e-03
0.00225014 3.45417746e-03
0.00228040 3.50191230e-03
0.00231107 3.55062105e-03
0.00234215 3.60032517e-03
0.00237365 3.65104519e-03
0.00240557 3.70280744e-03
0.00243792 3.75563430e-03
0.00247071 3.80954995e-03
0.00250394 3.86457853e-03
0.00253761 3.92074639e-03
0.00257174 3.97807935e-03
0.00260632 4.03660342e-03
0.00264137 4.09634655e-03
0.00267689 4.15733606e-03
0.00271289 4.21959991e-03
0.00274938 4.28316953e-03
0.00278635 4.34807343e-03
0.00282382 4.41434309e-03
0.00286180 4.48200983e-03
0.00290029 4.55110535e-03
0.00293929 4.62166401e-03
0.00297882 4.69371823e-03
0.00301888 4.76730418e-03
0.00305948 4.84245672e-03
0.00310062 4.91921231e-03
0.00314232 4.99760684e-03
0.00318458 5.07768075e-03
0.00322741 5.15947398e-03
0.00327081 5.24302447e-03
0.00331480 5.32837267e-03
0.00335938 5.41556342e-03
0.00340455 5.50463952e-03
0.00345034 5.59564290e-03
0.00349674 5.68861941e-03
0.00354377 5.78361744e-03
0.00359142 5.88068520e-03
0.00363972 5.97986902e-03
0.00368867 6.08121949e-03
0.00373828 6.18478644e-03
0.00378855 6.29062547e-03
0.00383950 6.39878995e-03
0.00389113 6.50933236e-03
0.00394346 6.62231038e-03
0.00399649 6.73778435e-03
0.00405024 6.85581028e-03
0.00410471 6.97644834e-03
0.00415991 7.09976261e-03
0.00421585 7.22581741e-03
0.00427255 7.35467654e-03
0.00433000 7.48640510e-03
0.00438823 7.62107834e-03
0.00444725 7.75875969e-03
0.00450705 7.89952342e-03
0.00456766 8.04344259e-03
0.00462909 8.19059497e-03
0.00469134 8.34105696e-03
0.00475443 8.49490689e-03
0.00481837 8.65222609e-03
0.00488316 8.81309910e-03
0.00494883 8.97760966e-03
0.00501538 9.14584415e-03
0.00508283 9.31789671e-03
0.00515118 9.49385383e-03
0.00522045 9.67381152e-03
0.00529065 9.85786435e-03
0.00536180 1.00461134e-02
0.00543390 1.02386582e-02
0.00550697 1.04356040e-02
0.00558102 1.06370528e-02
0.00565607 1.08431189e-02
0.00573213 1.10539085e-02
0.00580921 1.12695386e-02
0.00588732 1.14901185e-02
0.00596649 1.17157746e-02
0.00604672 1.19466267e-02
0.00612802 1.21828002e-02
0.00621042 1.24244272e-02
0.00629393 1.26716350e-02
0.00637856 1.29245581e-02
0.00646433 1.31833267e-02
0.00655124 1.34480891e-02
0.00663933 1.37189959e-02
0.00672860 1.39961859e-02
0.00681907 1.42798122e-02
0.00691075 1.45700318e-02
0.00700366 1.48669914e-02
0.00709783 1.51708689e-02
0.00719325 1.54818279e-02
0.00728996 1.58000217e-02
0.00738796 1.61256364e-02
0.00748729 1.64588548e-02
0.00758794 1.67998512e-02
0.00768994 1.71488065e-02
0.00779332 1.75059216e-02
0.00789808 1.78713799e-02
0.00800425 1.82453873e-02
0.00811184 1.86281487e-02
0.00822087 1.90198672e-02
0.00833136 1.94207559e-02
0.00844334 1.98310329e-02
0.00855682 2.02509253e-02
0.00867182 2.06806512e-02
0.00878835 2.11204443e-02
0.00890645 2.15705393e-02
0.00902614 2.20311846e-02
0.00914742 2.25026363e-02
0.00927033 2.29851282e-02
0.00939488 2.34789224e-02
0.00952110 2.39842854e-02
0.00964901 2.45014889e-02
0.00977863 2.50308140e-02
0.00990998 2.55725238e-02
0.01004309 2.61269142e-02
0.01017797 2.66942679e-02
0.01031466 2.72748924e-02
0.01045317 2.78690913e-02
0.01059352 2.84771613e-02
0.01073575 2.90994253e-02
0.01087988 2.97362188e-02
0.01102593 3.03878518e-02
0.01117392 3.10546639e-02
0.01132388 3.17369784e-02
0.01147584 3.24351541e-02
0.01162981 3.31495419e-02
0.01178583 3.38805013e-02
0.01194393 3.46283885e-02
0.01210412 3.53935897e-02
0.01226643 3.61764628e-02
0.01243090 3.69773993e-02
0.01259754 3.77967654e-02
0.01276639 3.86349684e-02
0.01293747 3.94924144e-02
0.01311080 4.03695216e-02
0.01328642 4.12666793e-02
0.01346436 4.21842889e-02
0.01364464 4.31227794e-02
0.01382728 4.40825947e-02
0.01401233 4.50641707e-02
0.01419980 4.60679147e-02
0.01438973 4.70942561e-02
0.01458213 4.81436768e-02
0.01477705 4.92166220e-02
0.01497452 5.03135216e-02
0.01517455 5.14348382e-02
0.01537717 5.25810186e-02
0.01558243 5.37525280e-02
0.01579034 5.49498487e-02
0.01600094 5.61734182e-02
0.01621425 5.74237189e-02
0.01643031 5.87012226e-02
0.01664913 6.00063710e-02
0.01687076 6.13396163e-02
0.01709522 6.27014659e-02
0.01732253 6.40923272e-02
0.01755273 6.55126751e-02
0.01778584 6.69629823e-02
0.01802189 6.84437056e-02
0.01826091 6.99552651e-02
0.01850292 7.14980943e-02
0.01874796 7.30726477e-02
0.01899604 7.46793304e-02
0.01924720 7.63185561e-02
0.01950146 7.79907071e-02
0.01975883 7.96961954e-02
0.02001936 8.14354251e-02
0.02028306 8.32087352e-02
0.02054995 8.50164105e-02
0.02082005 8.68588461e-02
0.02109339 8.87363553e-02
0.02136999 9.06491931e-02
0.02164986 9.25976625e-02
0.02193302 9.45819868e-02
0.02221950 9.66023741e-02
0.02250930 9.86590570e-02
0.02280244 1.00752169e-01
0.02309893 1.02881788e-01
0.02339879 1.05048092e-01
0.02370203 1.07251138e-01
0.02400865 1.09490930e-01
0.02431867 1.11767511e-01
0.02463209 1.14080760e-01
0.02494891 1.16430636e-01
0.02526915 1.18817061e-01
0.02559279 1.21239778e-01
0.02591984 1.23698579e-01
0.02625029 1.26193197e-01
0.02658415 1.28723352e-01
0.02692140 1.31288688e-01
0.02726205 1.33888642e-01
0.02760607 1.36522867e-01
0.02795345 1.39190873e-01
0.02830418 1.41891935e-01
0.02865825 1.44625458e-01
0.02901563 1.47390724e-01
0.02937632 1.50187087e-01
0.02974027 1.53013574e-01
0.03010748 1.55869374e-01
0.03047790 1.58753492e-01
0.03085151 1.61665006e-01
0.03122829 1.64602722e-01
0.03160820 1.67565599e-01
0.03199120 1.70552463e-01
0.03237725 1.73562078e-01
0.03276633 1.76593118e-01
0.03315839 1.79644210e-01
0.03355338 1.82713903e-01
0.03395126 1.85800742e-01
0.03435199 1.88903200e-01
0.03475552 1.92019687e-01
0.03516181 1.95148686e-01
0.03557080 1.98288520e-01
0.03598244 2.01437359e-01
0.03639668 2.04593419e-01
0.03681346 2.07754961e-01
0.03723274 2.10920169e-01
0.03765447 2.14087211e-01
0.03807858 2.17254115e-01
0.03850501 2.20418910e-01
0.03893373 2.23579749e-01
0.03936466 2.26734640e-01
0.03979775 2.29881609e-01
0.04023296 2.33018505e-01
0.04067021 2.36143364e-01
0.04110945 2.39254192e-01
0.04155064 2.42349057e-01
0.04199371 2.45425834e-01
0.04243860 2.48482327e-01
0.04288527 2.51516703e-01
0.04333367 2.54526811e-01
0.04378373 2.57510741e-01
0.04423540 2.60466397e-01
0.04468864 2.63391646e-01
0.04514339 2.66284760e-01
0.04559961 2.69143658e-01
0.04605724 2.71966389e-01
0.04651624 2.74751155e-01
0.04697655 2.77495831e-01
0.04743815 2.80198553e-01
0.04790097 2.82857776e-01
0.04836499 2.85471507e-01
0.04883015 2.88037996e-01
0.04929642 2.90555489e-01
0.04976375 2.93022298e-01
0.05023212 2.95436720e-01
0.05070148 2.97797185e-01
0.05117180 3.00102109e-01
0.05164305 3.02349878e-01
0.05211519 3.04539026e-01
0.05258819 3.06668164e-01
0.05306202 3.08735854e-01
0.05353666 3.10740626e-01
0.05401207 3.12681051e-01
0.05448824 3.14556103e-01
0.05496514 3.16364439e-01
0.05544273 3.18104837e-01
0.05592099 3.19776134e-01
0.05639992 3.21377186e-01
0.05687949 3.22907020e-01
0.05735968 3.24364606e-01
0.05784047 3.25748850e-01
0.05832184 3.27058868e-01
0.05880379 3.28293913e-01
0.05928628 3.29453156e-01
0.05976932 3.30535676e-01
0.06025288 3.31540646e-01
0.06073696 3.32467542e-01
0.06122155 3.33315783e-01
0.06170664 3.34084569e-01
0.06219220 3.34773414e-01
0.06267824 3.35381834e-01
0.06316476 3.35909374e-01
0.06365174 3.36355475e-01
0.06413917 3.36719853e-01
0.06462705 3.37002015e-01
0.06511539 3.37201771e-01
0.06560416 3.37319033e-01
0.06609337 3.37353308e-01
0.06658302 3.37304495e-01
0.06707311 3.37172545e-01
0.06756363 3.36957324e-01
0.06805458 3.36658944e-01
0.06854596 3.36277170e-01
0.06903777 3.35812036e-01
0.06953002 3.35263671e-01
0.07002271 3.34632216e-01
0.07051583 3.33917887e-01
0.07100938 3.33120703e-01
0.07150339 3.32240985e-01
0.07199783 3.31279017e-01
0.07249272 3.30235144e-01
0.07298807 3.29109755e-01
0.07348387 3.27903056e-01
0.07398014 3.26615496e-01
0.07447687 3.25247655e-01
0.07497408 3.23799979e-01
0.07547176 3.22273030e-01
0.07596993 3.20667427e-01
0.07646859 3.18983601e-01
0.07696776 3.17222366e-01
0.07746744 3.15384355e-01
0.07796764 3.13470111e-01
0.07846837 3.11480527e-01
0.07896963 3.09416550e-01
0.07947144 3.07278737e-01
0.07997381 3.05068031e-01
0.08047674 3.02785223e-01
0.08098024 3.00431424e-01
0.08148432 2.98007463e-01
0.08198902 2.95514355e-01
0.08249433 2.92953193e-01
0.08300025 2.90324888e-01
0.08350680 2.87630585e-01
0.08401400 2.84871517e-01
0.08452187 2.82048728e-01
0.08503040 2.79163375e-01
0.08553960 2.76216957e-01
0.08604950 2.73210542e-01
0.08656011 2.70145382e-01
0.08707143 2.67022868e-01
0.08758349 2.63844243e-01
0.08809629 2.60611058e-01
0.08860985 2.57324727e-01
0.08912419 2.53986622e-01
0.08963932 2.50598140e-01
0.09015524 2.47160922e-01
0.09067198 2.43676521e-01
0.09118955 2.40146582e-01
0.09170796 2.36572591e-01
0.09222723 2.32956249e-01
0.09274738 2.29299183e-01
0.09326842 2.25603152e-01
0.09379036 2.21869864e-01
0.09431322 2.18101064e-01
0.09483702 2.14298746e-01
0.09536178 2.10464425e-01
0.09588750 2.06600182e-01
0.09641421 2.02707879e-01
0.09694191 1.98789355e-01
0.09747064 1.94846653e-01
0.09800041 1.90881636e-01
0.09853124 1.86896458e-01
0.09906314 1.82893116e-01
0.09959612 1.78873624e-01
0.10013022 1.74840174e-01
0.10066545 1.70794754e-01
0.10120182 1.66739617e-01
0.10173936 1.62676995e-01
0.10227809 1.58609067e-01
0.10281802 1.54538021e-01
0.10335917 1.50466179e-01
0.10390157 1.46395790e-01
0.10444523 1.42329187e-01
0.10499018 1.38268708e-01
0.10553644 1.34216819e-01
0.10608402 1.30175846e-01
0.10663294 1.26148161e-01
0.10718324 1.22136319e-01
0.10773492 1.18142761e-01
0.10828802 1.14169971e-01
0.10884255 1.10220430e-01
0.10939854 1.06296716e-01
0.10995601 1.02401403e-01
0.11051498 9.85370678e-02
0.11107547 9.47063371e-02
0.11163750 9.09118003e-02
0.11220111 8.71561038e-02
0.11276631 8.34418920e-02
0.11333313 7.97718451e-02
0.11390159 7.61486882e-02
0.11447172 7.25751199e-02
0.11504354 6.90538489e-02
0.11561706 6.55876549e-02
0.11619233 6.21792485e-02
0.11676936 5.88313696e-02
0.11734817 5.55468138e-02
0.11792880 5.23283548e-02
0.11851127 4.91787537e-02
0.11909560 4.61007595e-02
0.11968183 4.30972124e-02
0.12026996 4.01709182e-02
0.12086003 3.73246273e-02
0.12145207 3.45611288e-02
0.12204610 3.18831958e-02
0.12264215 2.92936159e-02
0.12324024 2.67951498e-02
0.12384040 2.43905514e-02
0.12444266 2.20825432e-02
0.12504705 1.98738338e-02
0.12565359 1.77671381e-02
0.12626230 1.57651536e-02
0.12687321 1.38705257e-02
0.12748635 1.20858698e-02
0.12810174 1.04137931e-02
0.12871941 8.85685599e-03
0.12933939 7.41757024e-03
0.12996170 6.09842024e-03
0.13058637 4.90183952e-03
0.13121342 3.83020783e-03
0.13184288 2.88585058e-03
0.13247477 2.07103955e-03
0.13310912 1.38797842e-03
0.13374596 8.38803253e-04
0.13438529 4.25580279e-04
0.13502716 1.50293130e-04
0.13567159 1.48451425e-05
0.13631860 2.10524648e-05
0.13696820 1.70636675e-04
0.13762044 4.65221468e-04
0.13827532 9.06322978e-04
0.13893287 1.49534834e-03
0.13959311 2.23359324e-03
0.14025607 3.12222443e-03
0.14092176 4.16227876e-03
0.14159020 5.35466434e-03
0.14226141 6.70013799e-03
0.14293542 8.19931316e-03
0.14361223 9.85265920e-03
0.14429188 1.16604790e-02
0.14497437 1.36228984e-02
0.14565971 1.57398649e-02
0.14634794 1.80111620e-02
0.14703905 2.04363876e-02
0.14773307 2.30149103e-02
0.14843000 2.57459463e-02
0.14912986 2.86284770e-02
0.14983267 3.16612746e-02
0.15053843 3.48429098e-02
0.15124715 3.81717111e-02
0.15195884 4.16457900e-02
0.15267351 4.52629691e-02
0.15339115 4.90208765e-02
0.15411179 5.29169138e-02
0.15483541 5.69481842e-02
0.15556203 6.11115068e-02
0.15629164 6.54034788e-02
0.15702424 6.98204289e-02
0.15775982 7.43584083e-02
0.15849839 7.90132131e-02
0.15923995 8.37803260e-02
0.15998448 8.86549766e-02
0.16073197 9.36321189e-02
0.16148242 9.87064278e-02
0.16223583 1.03872318e-01
0.16299217 1.09123862e-01
0.16375143 1.14454890e-01
0.16451361 1.19859108e-01
0.16527867 1.25329729e-01
0.16604662 1.30859772e-01
0.16681743 1.36442098e-01
0.16759107 1.42069220e-01
0.16836754 1.47733420e-01
0.16914680 1.53426767e-01
0.16992884 1.59141142e-01
0.17071362 1.64868123e-01
0.17150113 1.70599149e-01
0.17229134 1.76325410e-01
0.17308421 1.82037986e-01
0.17387971 1.87727722e-01
0.17467783 1.93385488e-01
0.17547852 1.99001726e-01
0.17628175 2.04567005e-01
0.17708748 2.10071714e-01
0.17789570 2.15506169e-01
0.17870634 2.20860557e-01
0.17951939 2.26125192e-01
0.18033480 2.31290201e-01
0.18115254 2.36345738e-01
0.18197256 2.41282077e-01
0.18279485 2.46089678e-01
0.18361935 2.50758895e-01
0.18444604 2.55280076e-01
0.18527487 2.59643892e-01
0.18610582 2.63840974e-01
0.18693884 2.67862142e-01
0.18777389 2.71698474e-01
0.18861094 2.75341314e-01
0.18944994 2.78782085e-01
0.19029085 2.82012671e-01
0.19113364 2.85024961e-01
0.19197826 2.87811474e-01
0.19282467 2.90364860e-01
0.19367283 2.92678237e-01
0.19452269 2.94744804e-01
0.19537421 2.96558611e-01
0.19622735 2.98114048e-01
0.19708207 2.99405623e-01
0.19793831 3.00428583e-01
0.19879604 3.01178788e-01
0.19965521 3.01652469e-01
0.20051579 3.01846182e-01
0.20137771 3.01757282e-01
0.20224096 3.01383735e-01
0.20310548 3.00723915e-01
0.20397125 2.99776895e-01
0.20483820 2.98541994e-01
0.20570633 2.97019726e-01
0.20657557 2.95210848e-01
0.20744590 2.93116884e-01
0.20831728 2.90739968e-01
0.20918967 2.88082687e-01
0.21006305 2.85148443e-01
0.21093738 2.81941247e-01
0.21181261 2.78465816e-01
0.21268873 2.74727569e-01
0.21356570 2.70732192e-01
0.21444349 2.66486210e-01
0.21532207 2.61996816e-01
0.21620140 2.57271731e-01
0.21708147 2.52319134e-01
0.21796223 2.47148077e-01
0.21884367 2.41767866e-01
0.21972575 2.36188527e-01
0.22060845 2.30420697e-01
0.22149175 2.24475245e-01
0.22237561 2.18363909e-01
0.22326002 2.12098674e-01
0.22414495 2.05692013e-01
0.22503037 1.99156932e-01
0.22591627 1.92506699e-01
0.22680263 1.85755043e-01
0.22768942 1.78915972e-01
0.22857661 1.72003949e-01
0.22946420 1.65033645e-01
0.23035216 1.58020018e-01
0.23124047 1.50978209e-01
0.23212912 1.43923573e-01
0.23301808 1.36871673e-01
0.23390734 1.29838156e-01
0.23479688 1.22838753e-01
0.23568668 1.15889296e-01
0.23657674 1.09005532e-01
0.23746703 1.02203275e-01
0.23835755 9.54982929e-02
0.23924829 8.89062000e-02
0.24013923 8.24424890e-02
0.24103037 7.61224966e-02
0.24192170 6.99612487e-02
0.24281323 6.39736645e-02
0.24370496 5.81742533e-02
0.24459689 5.25772757e-02
0.24548904 4.71966155e-02
0.24638142 4.20457540e-02
0.24727407 3.71377188e-02
0.24816700 3.24851523e-02
0.24906027 2.81002332e-02
0.24995391 2.39946001e-02
0.25084798 2.01794012e-02
0.25174254 1.66652766e-02
0.25263767 1.34623071e-02
0.25353346 1.05800436e-02
0.25442999 8.02747161e-03
0.25532737 5.81303813e-03
0.25622573 3.94463047e-03
0.25712518 2.42957818e-03
0.25802585 1.27464854e-03
0.25892788 4.86038958e-04
0.25983142 6.93660933e-05
0.26073660 2.96476788e-05
0.26164356 3.71276477e-04
0.26255244 1.09798530e-03
0.26346335 2.21280276e-03
0.26437642 3.71799792e-03
0.26529174 5.61501206e-03
0.26620938 7.90438669e-03
0.26712939 1.05856802e-02
0.26805179 1.36573737e-02
0.26897658 1.71167638e-02
0.26990370 2.09598650e-02
0.27083309 2.51813117e-02
0.27176462 2.97743058e-02
0.27269815 3.47305330e-02
0.27363349 4.00401167e-02
0.27457045 4.56916070e-02
0.27550879 5.16719608e-02
0.27644826 5.79666078e-02
0.27738859 6.45595072e-02
0.27832952 7.14332649e-02
0.27927079 7.85692150e-02
0.28021212 8.59474291e-02
0.28115327 9.35470916e-02
0.28209400 1.01346582e-01
0.28303409 1.09323558e-01
0.28397337 1.17455024e-01
0.28491166 1.25717679e-01
0.28584883 1.34087999e-01
0.28678477 1.42542137e-01
0.28771938 1.51056311e-01
0.28865262 1.59606612e-01
0.28958445 1.68169405e-01
0.29051484 1.76721054e-01
0.29144381 1.85238217e-01
0.29237136 1.93697616e-01
0.29329753 2.02076416e-01
0.29422236 2.10352167e-01
0.29514590 2.18502484e-01
0.29606821 2.26505575e-01
0.29698935 2.34339949e-01
0.29790938 2.41984437e-01
0.29882839 2.49418605e-01
0.29974642 2.56622327e-01
0.30066357 2.63576046e-01
0.30157988 2.70260844e-01
0.30249544 2.76657981e-01
0.30341031 2.82749820e-01
0.30432454 2.88519470e-01
0.30523821 2.93950443e-01
0.30615136 2.99026956e-01
0.30706406 3.03734385e-01
0.30797636 3.08058801e-01
0.30888831 3.11987188e-01
0.30979995 3.15507392e-01
0.31071133 3.18608239e-01
0.31162249 3.21279776e-01
0.31253347 3.23512955e-01
0.31344430 3.25299783e-01
0.31435503 3.26633635e-01
0.31526567 3.27508750e-01
0.31617626 3.27920763e-01
0.31708683 3.27866607e-01
0.31799741 3.27344685e-01
0.31890801 3.26354278e-01
0.31981865 3.24896288e-01
0.32072937 3.22972511e-01
0.32164018 3.20586468e-01
0.32255109 3.17742628e-01
0.32346212 3.14447005e-01
0.32437329 3.10707205e-01
0.32528461 3.06531848e-01
0.32619609 3.01930943e-01
0.32710775 2.96915998e-01
0.32801960 2.91499765e-01
0.32893165 2.85695940e-01
0.32984390 2.79519740e-01
0.33075637 2.72987878e-01
0.33166907 2.66117891e-01
0.33258200 2.58928727e-01
0.33349517 2.51440429e-01
0.33440859 2.43673968e-01
0.33532226 2.35651354e-01
0.33623620 2.27395607e-01
0.33715040 2.18930912e-01
0.33806487 2.10282031e-01
0.33897962 2.01474598e-01
0.33989465 1.92534963e-01
0.34080996 1.83490101e-01
0.34172557 1.74367649e-01
0.34264147 1.65195613e-01
0.34355767 1.56002589e-01
0.34447418 1.46817452e-01
0.34539098 1.37669201e-01
0.34630810 1.28587036e-01
0.34722552 1.19600367e-01
0.34814327 1.10738449e-01
0.34906133 1.02030394e-01
0.34997971 9.35052525e-02
0.35089841 8.51916186e-02
0.35181744 7.71177808e-02
0.35273679 6.93114597e-02
0.35365648 6.17998050e-02
0.35457649 5.46092845e-02
0.35549684 4.77655600e-02
0.35641753 4.12934397e-02
0.35733856 3.52167142e-02
0.35825993 2.95581492e-02
0.35918164 2.43393391e-02
0.36010370 1.95806404e-02
0.36102610 1.53010982e-02
0.36194886 1.15183443e-02
0.36287197 8.24854225e-03
0.36379544 5.50629754e-03
0.36471927 3.30459539e-03
0.36564346 1.65473748e-03
0.36656801 5.66278964e-04
0.36749292 4.69754676e-05
0.36841820 1.02734649e-04
0.36934385 7.37571286e-04
0.37026988 1.95356952e-03
0.37119627 3.75085417e-03
0.37212304 6.12756317e-03
0.37305019 9.07982952e-03
0.37397772 1.26017635e-02
0.37490563 1.66854506e-02
0.37583392 2.13209559e-02
0.37676260 2.64963457e-02
0.37769167 3.21976604e-02
0.37862113 3.84089861e-02
0.37955098 4.51124518e-02
0.38048122 5.22882842e-02
0.38141187 5.99148553e-02
0.38234291 6.79687573e-02
0.38327435 7.64247498e-02
0.38420619 8.52559959e-02
0.38513845 9.44340581e-02
0.38607110 1.03928891e-01
0.38700417 1.13709082e-01
0.38793765 1.23741838e-01
0.38887155 1.33993150e-01
0.38980586 1.44427934e-01
0.39074059 1.55009954e-01
0.39167574 1.65702235e-01
0.39261132 1.76466803e-01
0.39354732 1.87265216e-01
0.39448375 1.98058573e-01
0.39542060 2.08807529e-01
0.39635790 2.19472469e-01
0.39729563 2.30013824e-01
0.39823379 2.40391687e-01
0.39917240 2.50566880e-01
0.40011145 2.60500460e-01
0.40105095 2.70153790e-01
0.40199089 2.79489148e-01
0.40293129 2.88469589e-01
0.40387215 2.97058871e-01
0.40481346 3.05222218e-01
0.40575520 3.12925917e-01
0.40669745 3.20138523e-01
0.40764055 3.26831533e-01
0.40858429 3.32974164e-01
0.40952611 3.38524652e-01
0.41046221 3.43443900e-01
0.41139307 3.47723654e-01
0.41232541 3.51379530e-01
0.41326485 3.54407981e-01
0.41421026 3.56776776e-01
0.41515758 3.58455194e-01
0.41610492 3.59427728e-01
0.41705244 3.59687232e-01
0.41800047 3.59229032e-01
0.41894904 3.58050574e-01
0.41989812 3.56152134e-01
0.42084771 3.53537558e-01
0.42179781 3.50213062e-01
0.42274844 3.46187869e-01
0.42369959 3.41474151e-01
0.42465127 3.36086911e-01
0.42560347 3.30044698e-01
0.42655621 3.23368235e-01
0.42750948 3.16081602e-01
0.42846330 3.08211240e-01
0.42941766 2.99786632e-01
0.43037256 2.90839708e-01
0.43132801 2.81405317e-01
0.43228402 2.71520261e-01
0.43324059 2.61223882e-01
0.43419771 2.50557581e-01
0.43515540 2.39565000e-01
0.43611365 2.28291414e-01
0.43707248 2.16783953e-01
0.43803188 2.05091166e-01
0.43899186 1.93262899e-01
0.43995242 1.81350161e-01
0.44091357 1.69405017e-01
0.44187530 1.57480019e-01
0.44283762 1.45628316e-01
0.44380054 1.33903347e-01
0.44476406 1.22358495e-01
0.44572818 1.11046903e-01
0.44669291 1.00021267e-01
0.44765824 8.93337157e-02
0.44862419 7.90352219e-02
0.44959075 6.91757241e-02
0.45055793 5.98036428e-02
0.45152574 5.09657679e-02
0.45249417 4.27068901e-02
0.45346322 3.50697303e-02
0.45443291 2.80945955e-02
0.45540324 2.18192068e-02
0.45637421 1.62784604e-02
0.45734581 1.15042187e-02
0.45831807 7.52513832e-03
0.45929097 4.36648544e-03
0.46026452 2.04995681e-03
0.46123873 5.93523150e-04
0.46221359 1.12965920e-05
0.46318912 3.13399402e-04
0.46416531 1.50585832e-03
0.46514216 3.59051473e-03
0.46611969 6.56495281e-03
0.46709788 1.04224422e-02
0.46807675 1.51519209e-02
0.46905630 2.07379675e-02
0.47003653 2.71608150e-02
0.47101743 3.43963852e-02
0.47199903 4.24163397e-02
0.47298130 5.11881847e-02
0.47396427 6.06753036e-02
0.47494793 7.08372079e-02
0.47593227 8.16294647e-02
0.47691731 9.30041300e-02
0.47790304 1.04909701e-01
0.47888947 1.17291343e-01
0.47987659 1.30091344e-01
0.48086440 1.43249147e-01
0.48185291 1.56701691e-01
0.48284211 1.70383688e-01
0.48383201 1.84227868e-01
0.48482260 1.98165506e-01
0.48581390 2.12126596e-01
0.48680589 2.26040052e-01
0.48779857 2.39834312e-01
0.48879196 2.53437785e-01
0.48978604 2.66778929e-01
0.49078082 2.79786806e-01
0.49177629 2.92391255e-01
0.49277246 3.04523761e-01
0.49376933 3.16117298e-01
0.49476690 3.27107138e-01
0.49576516 3.37431057e-01
0.49676411 3.47029750e-01
0.49776375 3.55846843e-01
0.49876409 3.63829762e-01
0.49976511 3.70930079e-01
0.50076683 3.77103442e-01
0.50176922 3.82310160e-01
0.50277230 3.86515322e-01
0.50377605 3.89689297e-01
0.50478048 3.91807990e-01
0.50578558 3.92852411e-01
0.50679134 3.92809998e-01
0.50779777 3.91673840e-01
0.50880486 3.89443193e-01
0.50981260 3.86123401e-01
0.51082099 3.81726198e-01
0.51183003 3.76269682e-01
0.51283971 3.69778003e-01
0.51385002 3.62281711e-01
0.51486096 3.53817256e-01
0.51587253 3.44427209e-01
0.51688472 3.34160337e-01
0.51789752 3.23070648e-01
0.51891093 3.11217772e-01
0.51992494 2.98666372e-01
0.52093955 2.85486171e-01
0.52195474 2.71751042e-01
0.52297052 2.57539021e-01
0.52398687 2.42932128e-01
0.52500380 2.28015326e-01
0.52602128 2.12876573e-01
0.52703932 1.97606167e-01
0.52805791 1.82295820e-01
0.52907704 1.67038830e-01
0.53009670 1.51929101e-01
0.53111689 1.37060479e-01
0.53213759 1.22526525e-01
0.53315881 1.08419608e-01
0.53418052 9.48304464e-02
0.53520273 8.18475568e-02
0.53622543 6.95565374e-02
0.53724860 5.80396365e-02
0.53827224 4.73751337e-02
0.53929634 3.76367278e-02
0.54032089 2.88931128e-02
0.54134589 2.12074042e-02
0.54237132 1.46366659e-02
0.54339718 9.23146493e-03
0.54442346 5.03546854e-03
0.54545014 2.08506318e-03
0.54647723 4.09024970e-04
0.54750471 2.82309401e-05
0.54853258 9.55418970e-04
0.54956082 3.19499891e-03
0.55058943 6.74291618e-03
0.55161840 1.15865662e-02
0.55264772 1.77047787e-02
0.55367739 2.50678327e-02
0.55470738 3.36375318e-02
0.55573770 4.33673814e-02
0.55676835 5.42027780e-02
0.55779930 6.60812888e-02
0.55883055 7.89329166e-02
0.55986210 9.26805733e-02
0.56089393 1.07240435e-01
0.56192605 1.22522402e-01
0.56295843 1.38430622e-01
0.56399108 1.54864266e-01
0.56502398 1.71717822e-01
0.56605713 1.88882088e-01
0.56709050 2.06244537e-01
0.56812411 2.23690420e-01
0.56915793 2.41103350e-01
0.57019196 2.58366001e-01
0.57122619 2.75360953e-01
0.57226061 2.91971596e-01
0.57329521 3.08083091e-01
0.57432999 3.23582898e-01
0.57536493 3.38361384e-01
0.57640003 3.52313403e-01
0.57743528 3.65338441e-01
0.57847067 3.77341373e-01
0.57950620 3.88233571e-01
0.58054184 3.97933720e-01
0.58157760 4.06367672e-01
0.58261347 4.13469758e-01
0.58364944 4.19183416e-01
0.58468550 4.23461301e-01
0.58572164 4.26265604e-01
0.58675785 4.27569241e-01
0.58779412 4.27355085e-01
0.58883045 4.25617394e-01
0.58986683 4.22360689e-01
0.59090325 4.17601377e-01
0.59193969 4.11366179e-01
0.59297616 4.03692872e-01
0.59401263 3.94629958e-01
0.59504911 3.84236686e-01
0.59608558 3.72582470e-01
0.59712203 3.59746461e-01
0.59815846 3.45817198e-01
0.59919484 3.30892115e-01
0.60023118 3.15076709e-01
0.60126747 2.98484076e-01
0.60230369 2.81233954e-01
0.60333983 2.63451828e-01
0.60437589 2.45268415e-01
0.60541185 2.26818567e-01
0.60644770 2.08240024e-01
0.60748343 1.89672897e-01
0.60851904 1.71258109e-01
0.60955450 1.53136569e-01
0.61058981 1.35448427e-01
0.61162496 1.18331408e-01
0.61265993 1.01920096e-01
0.61369471 8.63448983e-02
0.61472929 7.17307669e-02
0.61576365 5.81962892e-02
0.61679779 4.58527606e-02
0.61783169 3.48032748e-02
0.61886532 2.51417020e-02
0.61989868 1.69520036e-02
0.62093174 1.03073449e-02
0.62196449 5.26949271e-03
0.62299691 1.88820354e-03
0.62402898 2.00717287e-04
0.62506069 2.31351867e-04
0.62609201 1.99118930e-03
0.62712293 5.47786825e-03
0.62815344 1.06754796e-02
0.62918350 1.75545694e-02
0.63021311 2.60722498e-02
0.63124224 3.61724355e-02
0.63227088 4.77861459e-02
0.63329899 6.08319787e-02
0.63432658 7.52166154e-02
0.63535360 9.08355504e-02
0.63638005 1.07573778e-01
0.63740590 1.25306605e-01
0.63843113 1.43900576e-01
0.63945573 1.63214582e-01
0.64047966 1.83100912e-01
0.64150291 2.03406390e-01
0.64252546 2.23973337e-01
0.64354728 2.44641358e-01
0.64456836 2.65248045e-01
0.64558866 2.85630607e-01
0.64660816 3.05626831e-01
0.64762681 3.25076932e-01
0.64864460 3.43824678e-01
0.64966147 3.61718710e-01
0.65067741 3.78613918e-01
0.65169238 3.94372641e-01
0.65270633 4.08865518e-01
0.65371924 4.21973297e-01
0.65473107 4.33587411e-01
0.65574178 4.43611061e-01
0.65675132 4.51960133e-01
0.65775967 4.58563614e-01
0.65876679 4.63364794e-01
0.65977262 4.66321303e-01
0.66077714 4.67405932e-01
0.66178031 4.66607079e-01
0.66278208 4.63928101e-01
0.66378244 4.59387844e-01
0.66478133 4.53020416e-01
0.66577874 4.44875328e-01
0.66677463 4.35016348e-01
0.66776897 4.23521691e-01
0.66876175 4.10482667e-01
0.66975294 3.96003699e-01
0.67074252 3.80201092e-01
0.67173046 3.63202123e-01
0.67271674 3.45143637e-01
0.67370134 3.26172282e-01
0.67468423 3.06441831e-01
0.67566537 2.86112634e-01
0.67664475 2.65350184e-01
0.67762230 2.44324109e-01
0.67859801 2.23206238e-01
0.67957181 2.02169390e-01
0.68054366 1.81386176e-01
0.68151348 1.61027483e-01
0.68248120 1.41260946e-01
0.68344673 1.22249317e-01
0.68440999 1.04149167e-01
0.68537089 8.71092243e-02
0.68632935 7.12691813e-02
0.68728531 5.67586790e-02
0.68823866 4.36962608e-02
0.68918934 3.21883322e-02
0.69013724 2.23282095e-02
0.69108227 1.41954371e-02
0.69202432 7.85514822e-03
0.69296329 3.35747458e-03
0.69389909 7.37195382e-04
0.69483158 1.35735450e-05
0.69576066 1.19021993e-03
0.69668622 4.25524341e-03
0.69760816 9.18155976e-03
0.69852633 1.59270758e-02
0.69944061 2.44351281e-02
0.70035085 3.46352557e-02
0.70125690 4.64437747e-02
0.70215856 5.97641044e-02
0.70305566 7.44883647e-02
0.70394810 9.05003341e-02
0.70483582 1.07676362e-01
0.70571868 1.25882959e-01
0.70659634 1.44976760e-01
0.70746856 1.64810332e-01
0.70833511 1.85234350e-01
0.70919573 2.06095406e-01
0.71005364 2.27322016e-01
0.71091383 2.48895378e-01
0.71177606 2.70681812e-01
0.71263786 2.92476128e-01
0.71349863 3.14099382e-01
0.71435837 3.35399926e-01
0.71521709 3.56232869e-01
0.71607477 3.76449228e-01
0.71693141 3.95903960e-01
0.71778702 4.14455734e-01
0.71864157 4.31969128e-01
0.71949508 4.48315028e-01
0.72034752 4.63371587e-01
0.72119891 4.77025343e-01
0.72204924 4.89171802e-01
0.72289849 4.99717213e-01
0.72374667 5.08578156e-01
0.72459377 5.15682910e-01
0.72543979 5.20972021e-01
0.72628472 5.24399034e-01
0.72712856 5.25930602e-01
0.72797130 5.25546818e-01
0.72881294 5.23242432e-01
0.72965347 5.19025573e-01
0.73049289 5.12918368e-01
0.73133120 5.04957810e-01
0.73216838 4.95194666e-01
0.73300444 4.83693382e-01
0.73383937 4.70531559e-01
0.73467317 4.55799995e-01
0.73550583 4.39602627e-01
0.73633734 4.22054374e-01
0.73716771 4.03281275e-01
0.73799692 3.83419583e-01
0.73882498 3.62615081e-01
0.73965188 3.41021348e-01
0.74047761 3.18799373e-01
0.74130217 2.96115949e-01
0.74212555 2.73142833e-01
0.74294776 2.50055163e-01
0.74376878 2.27030347e-01
0.74458861 2.04246675e-01
0.74540725 1.81882029e-01
0.74622469 1.60112449e-01
0.74704093 1.39110767e-01
0.74785597 1.19045459e-01
0.74866979 1.00078982e-01
0.74948240 8.23667796e-02
0.75029379 6.60558438e-02
0.75110395 5.12836066e-02
0.75191288 3.81767808e-02
0.75272059 2.68502599e-02
0.75352705 1.74061717e-02
0.75433227 9.93297060e-03
0.75513624 4.50463329e-03
0.75593897 1.17997358e-03
0.75674044 2.04195332e-06
0.75754065 9.97673159e-04
0.75833959 4.17713657e-03
0.75913727 9.53391456e-03
0.75993367 1.70446023e-02
0.76072880 2.66689599e-02
0.76152265 3.83500779e-02
0.76231521 5.20146956e-02
0.76310648 6.75736418e-02
0.76389646 8.49223439e-02
0.76468514 1.03941634e-01
0.76547252 1.24498454e-01
0.76625859 1.46446791e-01
0.76704335 1.69628906e-01
0.76782680 1.93876212e-01
0.76860892 2.19010655e-01
0.76938973 2.44846058e-01
0.77016920 2.71189409e-01
0.77094735 2.97842615e-01
0.77172416 3.24603565e-01
0.77249962 3.51268212e-01
0.77327375 3.77631909e-01
0.77404652 4.03490646e-01
0.77481794 4.28643294e-01
0.77558801 4.52893193e-01
0.77635671 4.76049538e-01
0.77712404 4.97928415e-01
0.77789001 5.18355338e-01
0.77865460 5.37166004e-01
0.77941782 5.54208299e-01
0.78017965 5.69342257e-01
0.78094010 5.82442979e-01
0.78169915 5.93400634e-01
0.78245681 6.02122040e-01
0.78321307 6.08530647e-01
0.78396793 6.12568465e-01
0.78472138 6.14195363e-01
0.78547342 6.13390411e-01
0.78622404 6.10152476e-01
0.78697325 6.04499560e-01
0.78772104 5.96468814e-01
0.78846739 5.86116591e-01
0.78921232 5.73518134e-01
0.78995582 5.58767861e-01
0.79069788 5.41977363e-01
0.79143850 5.23275618e-01
0.79217767 5.02807238e-01
0.79291539 4.80732214e-01
0.79365166 4.57224025e-01
0.79438648 4.32469328e-01
0.79511983 4.06665198e-01
0.79585172 3.80018739e-01
0.79658214 3.52744783e-01
0.79731109 3.25064638e-01
0.79803856 2.97204107e-01
0.79876455 2.69391739e-01
0.79948906 2.41856784e-01
0.80021208 2.14827957e-01
0.80093360 1.88530932e-01
0.80165363 1.63186828e-01
0.80237216 1.39010307e-01
0.80308918 1.16207832e-01
0.80380470 9.49758422e-02
0.80451870 7.54992216e-02
0.80523119 5.79496482e-02
0.80594216 4.24841684e-02
0.80665161 2.92438127e-02
0.80735953 1.83523867e-02
0.80806592 9.91534140e-03
0.80877078 4.01883668e-03
0.80947410 7.28935851e-04
0.81017588 9.09664533e-05
0.81087612 2.12904230e-03
0.81157482 6.84575829e-03
0.81227196 1.42220634e-02
0.81296755 2.42173164e-02
0.81366159 3.67694728e-02
0.81435406 5.17955608e-02
0.81504497 6.91921601e-02
0.81573432 8.88362053e-02
0.81642210 1.10585831e-01
0.81710830 1.34281634e-01
0.81779293 1.59747657e-01
0.81847598 1.86792763e-01
0.81915745 2.15212307e-01
0.81983733 2.44789431e-01
0.82051563 2.75297065e-01
0.82119233 3.06499508e-01
0.82186745 3.38154258e-01
0.82254096 3.70014455e-01
0.82321287 4.01830265e-01
0.82388318 4.33351506e-01
0.82455189 4.64329329e-01
0.82521898 4.94517895e-01
0.82588447 5.23676565e-01
0.82654834 5.51572837e-01
0.82721059 5.77983211e-01
0.82787122 6.02695117e-01
0.82853023 6.25508359e-01
0.82918761 6.46237946e-01
0.82984337 6.64715495e-01
0.83049750 6.80789157e-01
0.83115000 6.94325918e-01
0.83180086 7.05213391e-01
0.83245008 7.13359694e-01
0.83309767 7.18693843e-01
0.83374362 7.21167782e-01
0.83438792 7.20756762e-01
0.83503058 7.17459574e-01
0.83567159 7.11298062e-01
0.83631095 7.02316761e-01
0.83694867 6.90583549e-01
0.83758473 6.76188700e-01
0.83821913 6.59243688e-01
0.83885188 6.39881889e-01
0.83948297 6.18254557e-01
0.84011240 5.94533614e-01
0.84074017 5.68907228e-01
0.84136627 5.41579593e-01
0.84199071 5.12769409e-01
0.84261348 4.82707417e-01
0.84323459 4.51635573e-01
0.84385402 4.19804254e-01
0.84447178 3.87471418e-01
0.84508787 3.54898563e-01
0.84570228 3.22350515e-01
0.84631501 2.90092696e-01
0.84692607 2.58389089e-01
0.84753545 2.27500421e-01
0.84814314 1.97681489e-01
0.84874916 1.69179490e-01
0.84935349 1.42231657e-01
0.84995613 1.17063753e-01
0.85055709 9.38880782e-02
0.85115636 7.29017562e-02
0.85175394 5.42851608e-02
0.85234982 3.82004788e-02
0.85294402 2.47903939e-02
0.85353652 1.41768572e-02
0.85412733 6.46020201e-03
0.85471645 1.71823478e-03
0.85530386 5.62323552e-06
0.85588958 1.35342750e-03
0.85647360 5.76882230e-03
0.85705593 1.32350125e-02
0.85763655 2.37113173e-02
0.85821547 3.71334825e-02
0.85879270 5.34141118e-02
0.85936822 7.24433179e-02
0.85994204 9.40895717e-02
0.86051416 1.18200715e-01
0.86108457 1.44605229e-01
0.86165329 1.73113350e-01
0.86222030 2.03518790e-01
0.86278560 2.35600126e-01
0.86334921 2.69122433e-01
0.86391111 3.03839469e-01
0.86447131 3.39495264e-01
0.86502980 3.75826275e-01
0.86558659 4.12563184e-01
0.86614167 4.49433051e-01
0.86669505 4.86161962e-01
0.86724672 5.22476358e-01
0.86779669 5.58105559e-01
0.86834495 5.92783322e-01
0.86889151 6.26250712e-01
0.86943636 6.58257668e-01
0.86997950 6.88565147e-01
0.87052094 7.16946373e-01
0.87106068 7.43188634e-01
0.87159870 7.67095283e-01
0.87213503 7.88486839e-01
0.87266964 8.07202546e-01
0.87320256 8.23101200e-01
0.87373376 8.36064132e-01
0.87426327 8.45993923e-01
0.87479107 8.52816364e-01
0.87531717 8.56480307e-01
0.87584157 8.56957878e-01
0.87636426 8.54245661e-01
0.87688526 8.48363364e-01
0.87740455 8.39354764e-01
0.87792215 8.27287381e-01
0.87843804 8.12250390e-01
0.87895224 7.94355819e-01
0.87946475 7.73736492e-01
0.87997555 7.50546796e-01
0.88048467 7.24958260e-01
0.88099209 6.97161607e-01
0.88149781 6.67362915e-01
0.88200185 6.35783830e-01
0.88250419 6.02659337e-01
0.88300485 5.68235528e-01
0.88350382 5.32767598e-01
0.88400110 4.96519222e-01
0.88449669 4.59759674e-01
0.88499060 4.22762404e-01
0.88548283 3.85802125e-01
0.88597337 3.49153238e-01
0.88646223 3.13088684e-01
0.88694942 2.77876956e-01
0.88743493 2.43781021e-01
0.88791876 2.11055715e-01
0.88840092 1.79946185e-01
0.88888141 1.50686123e-01
0.88936022 1.23495905e-01
0.88983737 9.85814031e-02
0.89031285 7.61321934e-02
0.89078666 5.63203720e-02
0.89125881 3.92993671e-02
0.89172930 2.52029776e-02
0.89219812 1.41443788e-02
0.89266529 6.21540948e-03
0.89313080 1.48594526e-03
0.89359465 3.49318013e-06
0.89405684 1.79288453e-03
0.89451739 6.85615878e-03
0.89497628 1.51726151e-02
0.89543352 2.66990129e-02
0.89588912 4.13699154e-02
0.89634307 5.90982235e-02
0.89679537 7.97757941e-02
0.89724603 1.03274317e-01
0.89769506 1.29446266e-01
0.89814244 1.58125772e-01
0.89858819 1.89130122e-01
0.89903230 2.22260812e-01
0.89947478 2.57305052e-01
0.89991563 2.94037231e-01
0.90035485 3.32219654e-01
0.90079244 3.71605418e-01
0.90122840 4.11939878e-01
0.90166275 4.52962431e-01
0.90209547 4.94408446e-01
0.90252658 5.36010516e-01
0.90295607 5.77500583e-01
0.90338394 6.18611708e-01
0.90381021 6.59080721e-01
0.90423486 6.98648223e-01
0.90465791 7.37060965e-01
0.90507936 7.74074416e-01
0.90549920 8.09453342e-01
0.90591745 8.42973862e-01
0.90633410 8.74424093e-01
0.90674916 9.03606317e-01
0.90716263 9.30337794e-01
0.90757452 9.54449862e-01
0.90798483 9.75791180e-01
0.90839355 9.94229072e-01
0.90880071 1.00965061e+00
0.90920629 1.02196191e+00
0.90961030 1.03109010e+00
0.91001274 1.03698166e+00
0.91041362 1.03960389e+00
0.91081294 1.03894515e+00
0.91121071 1.03501468e+00
0.91160692 1.02784279e+00
0.91200159 1.01747907e+00
0.91239470 1.00399286e+00
0.91278628 9.87473878e-01
0.91317631 9.68030406e-01
0.91356481 9.45788899e-01
0.91395178 9.20891994e-01
0.91433722 8.93498908e-01
0.91472114 8.63784370e-01
0.91510353 8.31936147e-01
0.91548440 7.98155479e-01
0.91586376 7.62655012e-01
0.91624162 7.25657060e-01
0.91661796 6.87392515e-01
0.91699281 6.48100788e-01
0.91736616 6.08026552e-01
0.91773801 5.67418405e-01
0.91810837 5.26527576e-01
0.91847725 4.85607227e-01
0.91884464 4.44910105e-01
0.91921056 4.04687122e-01
0.91957499 3.65185569e-01
0.91993795 3.26648325e-01
0.92029944 2.89312121e-01
0.92065947 2.53406467e-01
0.92101803 2.19151439e-01
0.92137512 1.86757229e-01
0.92173076 1.56422357e-01
0.92208494 1.28333258e-01
0.92243767 1.02662612e-01
0.92278894 7.95688667e-02
0.92313877 5.91954009e-02
0.92348716 4.16695938e-02
0.92383410 2.71021380e-02
0.92417961 1.55865486e-02
0.92452368 7.19866186e-03
0.92486633 1.99638793e-03
0.92520754 1.94590145e-05
0.92554734 1.28934038e-03
0.92588571 5.80922844e-03
0.92622267 1.35641525e-02
0.92655821 2.45211713e-02
0.92689235 3.86297124e-02
0.92722508 5.58219132e-02
0.92755641 7.60131258e-02
0.92788634 9.91025825e-02
0.92821487 1.24973854e-01
0.92854202 1.53495851e-01
0.92886778 1.84523384e-01
0.92919215 2.17898259e-01
0.92951515 2.53450080e-01
0.92983677 2.90997292e-01
0.93015702 3.30347285e-01
0.93047590 3.71297487e-01
0.93079342 4.13637839e-01
0.93110958 4.57152456e-01
0.93142438 5.01619737e-01
0.93173783 5.46814497e-01
0.93204993 5.92507897e-01
0.93236068 6.38469442e-01
0.93267009 6.84468378e-01
0.93297817 7.30275442e-01
0.93328491 7.75661719e-01
0.93359032 8.20402260e-01
0.93389441 8.64276263e-01
0.93419717 9.07068696e-01
0.93449862 9.48570518e-01
0.93479876 9.88579483e-01
0.93509759 1.02690268e+00
0.93539512 1.06335590e+00
0.93569135 1.09776538e+00
0.93598629 1.12996824e+00
0.93627994 1.15981234e+00
0.93657231 1.18715896e+00
0.93686339 1.21188178e+00
0.93715320 1.23386767e+00
0.93744174 1.25301798e+00
0.93772902 1.26924702e+00
0.93801504 1.28248033e+00
0.93829980 1.29265801e+00
0.93858332 1.29973777e+00
0.93886559 1.30369406e+00
0.93914662 1.30451605e+00
0.93942641 1.30220756e+00
0.93970498 1.29678812e+00
0.93998232 1.28829210e+00
0.94025844 1.27676741e+00
0.94053334 1.26227687e+00
0.94080703 1.24489766e+00
0.94107951 1.22471986e+00
0.94135078 1.20184587e+00
0.94162086 1.17639090e+00
0.94188975 1.14848119e+00
0.94215744 1.11825450e+00
0.94242394 1.08585895e+00
0.94268926 1.05145220e+00
0.94295341 1.01520031e+00
0.94321637 9.77278846e-01
0.94347817 9.37868827e-01
0.94373880 8.97156859e-01
0.94399826 8.55335380e-01
0.94425657 8.12600710e-01
0.94451372 7.69152139e-01
0.94476971 7.25192465e-01
0.94502456 6.80925370e-01
0.94527826 6.36554990e-01
0.94553082 5.92286310e-01
0.94578224 5.48321311e-01
0.94603253 5.04859107e-01
0.94628169 4.62097565e-01
0.94652972 4.20232024e-01
0.94677663 3.79453187e-01
0.94702242 3.39946484e-01
0.94726709 3.01890504e-01
0.94751065 2.65456945e-01
0.94775311 2.30809593e-01
0.94799446 1.98103932e-01
0.94823470 1.67486323e-01
0.94847386 1.39093628e-01
0.94871192 1.13052697e-01
0.94894889 8.94799493e-02
0.94918478 6.84810864e-02
0.94941959 5.01506488e-02
0.94965332 3.45717952e-02
0.94988599 2.18160284e-02
0.95011759 1.19432700e-02
0.95034812 5.00170411e-03
0.95057760 1.02750296e-03
0.95080603 4.46147475e-05
0.95103341 2.06483585e-03
0.95125974 7.08789167e-03
0.95148503 1.51015917e-02
0.95170928 2.60819937e-02
0.95193250 3.99936307e-02
0.95215469 5.67898194e-02
0.95237586 7.64128973e-02
0.95259601 9.87945814e-02
0.95281515 1.23856308e-01
0.95303328 1.51509782e-01
0.95325041 1.81657243e-01
0.95346654 2.14191988e-01
0.95368168 2.48998808e-01
0.95389583 2.85954154e-01
0.95410899 3.24926481e-01
0.95432118 3.65776740e-01
0.95453239 4.08359764e-01
0.95474264 4.52524878e-01
0.95495193 4.98115848e-01
0.95516025 5.44971915e-01
0.95536763 5.92928063e-01
0.95557405 6.41815636e-01
0.95577952 6.91463432e-01
0.95598405 7.41697372e-01
0.95618765 7.92341500e-01
0.95639030 8.43219005e-01
0.95659203 8.94153706e-01
0.95679283 9.44970291e-01
0.95699270 9.95494626e-01
0.95719166 1.04555430e+00
0.95738969 1.09497915e+00
0.95758682 1.14360257e+00
0.95778303 1.19126156e+00
0.95797835 1.23779594e+00
0.95817276 1.28304829e+00
0.95836627 1.32686588e+00
0.95855889 1.36910465e+00
0.95875061 1.40962692e+00
0.95894145 1.44830342e+00
0.95913141 1.48501389e+00
0.95932049 1.51964293e+00
0.95950869 1.55208083e+00
0.95969602 1.58222716e+00
0.95988248 1.60999122e+00
0.96006807 1.63528574e+00
0.96025281 1.65802409e+00
0.96043668 1.67813048e+00
0.96061970 1.69554855e+00
0.96080187 1.71023375e+00
0.96098319 1.72215319e+00
0.96116367 1.73128046e+00
0.96134331 1.73760025e+00
0.96152211 1.74110690e+00
0.96170008 1.74180173e+00
0.96187722 1.73969489e+00
0.96205354 1.73480819e+00
0.96222904 1.72716262e+00
0.96240373 1.71677546e+00
0.96257762 1.70368029e+00
0.96275070 1.68792802e+00
0.96292298 1.66957766e+00
0.96309447 1.64869709e+00
0.96326516 1.62536166e+00
0.96343507 1.59965302e+00
0.96360420 1.57166056e+00
0.96377255 1.54147767e+00
0.96394013 1.50920755e+00
0.96410694 1.47495608e+00
0.96427298 1.43883410e+00
0.96443827 1.40095449e+00
0.96460280 1.36143400e+00
0.96476659 1.32039568e+00
0.96492962 1.27796944e+00
0.96509192 1.23428813e+00
0.96525348 1.18948874e+00
0.96541431 1.14371186e+00
0.96557441 1.09709954e+00
0.96573379 1.04979753e+00
0.96589245 1.00195265e+00
0.96605039 9.53713735e-01
0.96620761 9.05229515e-01
0.96636413 8.56649987e-01
0.96651994 8.08124900e-01
0.96667505 7.59803325e-01
0.96682946 7.11833009e-01
0.96698318 6.64360595e-01
0.96713620 6.17531290e-01
0.96728854 5.71488302e-01
0.96744019 5.26372871e-01
0.96759117 4.82323573e-01
0.96774147 4.39475917e-01
0.96789109 3.97962159e-01
0.96804004 3.57910291e-01
0.96818833 3.19444401e-01
0.96833595 2.82684078e-01
0.96848291 2.47744148e-01
0.96862920 2.14734155e-01
0.96877484 1.83758066e-01
0.96891983 1.54913993e-01
0.96906416 1.28294173e-01
0.96920785 1.03984776e-01
0.96935089 8.20654712e-02
0.96949329 6.26094166e-02
0.96963505 4.56829275e-02
0.96977617 3.13454881e-02
0.96991666 1.96494164e-02
0.97005652 1.06399603e-02
0.97019575 4.35506946e-03
0.97033436 8.25375023e-04
0.97047234 7.42419871e-05
0.97060970 2.11785486e-03
0.97074644 6.96526627e-03
0.97088257 1.46183956e-02
0.97101808 2.50720771e-02
0.97115298 3.83141389e-02
0.97128728 5.43254671e-02
0.97142098 7.30801148e-02
0.97155407 9.45455936e-02
0.97168657 1.18682567e-01
0.97181848 1.45445400e-01
0.97194980 1.74782116e-01
0.97208053 2.06634672e-01
0.97221067 2.40939395e-01
0.97234023 2.77627218e-01
0.97246921 3.16622393e-01
0.97259762 3.57843365e-01
0.97272546 4.01203057e-01
0.97285272 4.46608679e-01
0.97297943 4.93962123e-01
0.97310556 5.43160363e-01
0.97323114 5.94095007e-01
0.97335616 6.46654195e-01
0.97348062 7.00722864e-01
0.97360452 7.56187689e-01
0.97372788 8.12932577e-01
0.97385068 8.70833139e-01
0.97397294 9.29759515e-01
0.97409466 9.89580046e-01
0.97421583 1.05015950e+00
0.97433647 1.11136032e+00
0.97445657 1.17304218e+00
0.97457613 1.23506390e+00
0.97469516 1.29728102e+00
0.97481366 1.35955235e+00
0.97493162 1.42175038e+00
0.97504905 1.48375369e+00
0.97516596 1.54542633e+00
0.97528233 1.60662497e+00
0.97539819 1.66720705e+00
0.97551352 1.72703281e+00
0.97562833 1.78596290e+00
0.97574262 1.84385842e+00
0.97585639 1.90058317e+00
0.97596965 1.95600371e+00
0.97608238 2.00998902e+00
0.97619460 2.06241601e+00
0.97630630 2.11318512e+00
0.97641748 2.16220753e+00
0.97652815 2.20937983e+00
0.97663830 2.25459329e+00
0.97674794 2.29774626e+00
0.97685706 2.33874252e+00
0.97696567 2.37748943e+00
0.97707377 2.41389928e+00
0.97718136 2.44790223e+00
0.97728844 2.47944421e+00
0.97739500 2.50847245e+00
0.97750105 2.53493016e+00
0.97760660 2.55876655e+00
0.97771163 2.57993629e+00
0.97781616 2.59840651e+00
0.97792018 2.61415841e+00
0.97802370 2.62717012e+00
0.97812671 2.63742585e+00
0.97822921 2.64492050e+00
0.97833121 2.64964744e+00
0.97843271 2.65160022e+00
0.97853371 2.65077643e+00
0.97863421 2.64718104e+00
0.97873421 2.64082480e+00
0.97883372 2.63172440e+00
0.97893272 2.61990359e+00
0.97903124 2.60539500e+00
0.97912925 2.58824421e+00
0.97922678 2.56850345e+00
0.97932381 2.54622582e+00
0.97942035 2.52146986e+00
0.97951640 2.49429581e+00
0.97961196 2.46476911e+00
0.97970703 2.43295882e+00
0.97980161 2.39893628e+00
0.97989570 2.36277722e+00
0.97998931 2.32456228e+00
0.98008243 2.28437855e+00
0.98017506 2.24232149e+00
0.98026721 2.19849362e+00
0.98035888 2.15300105e+00
0.98045006 2.10594830e+00
0.98054076 2.05743709e+00
0.98063097 2.00757126e+00
0.98072070 1.95645904e+00
0.98080995 1.90420763e+00
0.98089871 1.85092026e+00
0.98098700 1.79670160e+00
0.98107480 1.74166974e+00
0.98116213 1.68594765e+00
0.98124899 1.62966089e+00
0.98133537 1.57292097e+00
0.98142127 1.51582479e+00
0.98150671 1.45848331e+00
0.98159168 1.40102577e+00
0.98167618 1.34358101e+00
0.98176021 1.28626969e+00
0.98184378 1.22919829e+00
0.98192688 1.17245774e+00
0.98200953 1.11613661e+00
0.98209173 1.06032859e+00
0.98217347 1.00512585e+00
0.98225476 9.50618295e-01
0.98233560 8.96894842e-01
0.98241600 8.44050024e-01
0.98249595 7.92179283e-01
0.98257546 7.41375313e-01
0.98265452 6.91726393e-01
0.98273315 6.43311298e-01
0.98281135 5.96200396e-01
0.98288911 5.50467106e-01
0.98296645 5.06186409e-01
0.98304335 4.63429108e-01
0.98311983 4.22260229e-01
0.98319589 3.82736573e-01
0.98327153 3.44909609e-01
0.98334674 3.08832870e-01
0.98342155 2.74559176e-01
0.98349594 2.42137917e-01
0.98356992 2.11614010e-01
0.98364349 1.83026982e-01
0.98371666 1.56411038e-01
0.98378943 1.31799492e-01
0.98386179 1.09224000e-01
0.98393376 8.87125459e-02
0.98400534 7.02897014e-02
0.98407652 5.39763163e-02
0.98414732 3.97899425e-02
0.98421773 2.77455197e-02
0.98428777 1.78556844e-02
0.98435742 1.01304192e-02
0.98442669 4.57705240e-03
0.98449560 1.20036570e-03
0.98456413 2.67724777e-06
0.98463230 9.83865976e-04
0.98470010 4.14129181e-03
0.98476755 9.46991131e-03
0.98483464 1.69625292e-02
0.98490138 2.66099585e-02
0.98496776 3.84011334e-02
0.98503380 5.23228183e-02
0.98509949 6.83592671e-02
0.98516485 8.64929469e-02
0.98522986 1.06704809e-01
0.98529454 1.28974048e-01
0.98535889 1.53278759e-01
0.98542291 1.79594732e-01
0.98548661 2.07894758e-01
0.98554998 2.38149810e-01
0.98561303 2.70330759e-01
0.98567576 3.04407853e-01
0.98573819 3.40350826e-01
0.98580030 3.78128908e-01
0.98586210 4.17709901e-01
0.98592359 4.59056450e-01
0.98598479 5.02128349e-01
0.98604568 5.46888634e-01
0.98610628 5.93302309e-01
0.98616659 6.41333167e-01
0.98622660 6.90945339e-01
0.98628633 7.42101898e-01
0.98634578 7.94760512e-01
0.98640494 8.48871781e-01
0.98646382 9.04386991e-01
0.98652242 9.61261122e-01
0.98658076 1.01944986e+00
0.98663882 1.07890793e+00
0.98669661 1.13959054e+00
0.98675414 1.20145105e+00
0.98681140 1.26443580e+00
0.98686840 1.32848237e+00
0.98692514 1.39353720e+00
0.98698163 1.45955210e+00
0.98703787 1.52647913e+00
0.98709385 1.59427078e+00
0.98714959 1.66287951e+00
0.98720507 1.73225867e+00
0.98726032 1.80235006e+00
0.98731532 1.87308688e+00
0.98737009 1.94442027e+00
0.98742461 2.01631135e+00
0.98747890 2.08870678e+00
0.98753296 2.16153439e+00
0.98758678 2.23472886e+00
0.98764038 2.30824733e+00
0.98769375 2.38205805e+00
0.98774690 2.45611416e+00
0.98779982 2.53036080e+00
0.98785253 2.60473511e+00
0.98790502 2.67916590e+00
0.98795729 2.75356869e+00
0.98800935 2.82786127e+00
0.98806119 2.90199326e+00
0.98811283 2.97593183e+00
0.98816425 3.04964413e+00
0.98821547 3.12307489e+00
0.98826649 3.19614755e+00
0.98831730 3.26879527e+00
0.98836791 3.34095238e+00
0.98841832 3.41253658e+00
0.98846854 3.48345494e+00
0.98851856 3.55365624e+00
0.98856838 3.62312050e+00
0.98861801 3.69183536e+00
0.98866745 3.75977601e+00
0.98871670 3.82686964e+00
0.98876577 3.89302335e+00
0.98881464 3.95814531e+00
0.98886333 4.02215896e+00
0.98891184 4.08499950e+00
0.98896016 4.14661100e+00
0.98900830 4.20696859e+00
0.98905626 4.26606126e+00
0.98910405 4.32386534e+00
0.98915165 4.38033890e+00
0.98919908 4.43539723e+00
0.98924633 4.48896855e+00
0.98929342 4.54099958e+00
0.98934033 4.59144502e+00
0.98938706 4.64025909e+00
0.98943363 4.68737701e+00
0.98948003 4.73273732e+00
0.98952626 4.77629526e+00
0.98957233 4.81801482e+00
0.98961823 4.85785862e+00
0.98966397 4.89578271e+00
0.98970954 4.93173753e+00
0.98975495 4.96566870e+00
0.98980020 4.99752080e+00
0.98984528 5.02723681e+00
0.98989021 5.05476202e+00
0.98993498 5.08004359e+00
0.98997959 5.10303821e+00
0.99002404 5.12372635e+00
0.99006834 5.14208647e+00
0.99011248 5.15811570e+00
0.99015647 5.17184859e+00
0.99020030 5.18330054e+00
0.99024398 5.19242294e+00
0.99028750 5.19914977e+00
0.99033087 5.20342045e+00
0.99037409 5.20518366e+00
0.99041716 5.20439868e+00
0.99046007 5.20103802e+00
0.99050283 5.19509808e+00
0.99054544 5.18659614e+00
0.99058791 5.17555716e+00
0.99063022 5.16201568e+00
0.99067238 5.14600413e+00
0.99071439 5.12753190e+00
0.99075625 5.10658752e+00
0.99079797 5.08319018e+00
0.99083954 5.05738236e+00
0.99088095 5.02921045e+00
0.99092222 4.99872163e+00
0.99096335 4.96595796e+00
0.99100432 4.93093694e+00
0.99104515 4.89368051e+00
0.99108584 4.85423563e+00
0.99112638 4.81266468e+00
0.99116677 4.76902228e+00
0.99120703 4.72335946e+00
0.99124713 4.67572165e+00
0.99128710 4.62615064e+00
0.99132692 4.57467602e+00
0.99136660 4.52131526e+00
0.99140614 4.46609135e+00
0.99144554 4.40903304e+00
0.99148480 4.35016848e+00
0.99152392 4.28954364e+00
0.99156290 4.22723299e+00
0.99160174 4.16330241e+00
0.99164044 4.09779028e+00
0.99167900 4.03072553e+00
0.99171743 3.96214144e+00
0.99175572 3.89207564e+00
0.99179388 3.82056982e+00
0.99183189 3.74768499e+00
0.99186978 3.67350203e+00
0.99190752 3.59808944e+00
0.99194513 3.52150282e+00
0.99198261 3.44380919e+00
0.99201995 3.36507344e+00
0.99205716 3.28536911e+00
0.99209423 3.20479867e+00
0.99213117 3.12350070e+00
0.99216797 3.04158356e+00
0.99220464 2.95911741e+00
0.99224118 2.87617038e+00
0.99227757 2.79282572e+00
0.99231384 2.70917163e+00
0.99234997 2.62530300e+00
0.99238597 2.54132220e+00
0.99242183 2.45732712e+00
0.99245756 2.37341109e+00
0.99249315 2.28966655e+00
0.99252862 2.20619237e+00
0.99256394 2.12308240e+00
0.99259914 2.04043115e+00
0.99263420 1.95832634e+00
0.99266914 1.87685576e+00
0.99270393 1.79610313e+00
0.99273860 1.71614992e+00
0.99277314 1.63707355e+00
0.99280755 1.55896048e+00
0.99284183 1.48190009e+00
0.99287598 1.40598179e+00
0.99291000 1.33130566e+00
0.99294390 1.25796909e+00
0.99297766 1.18604943e+00
0.99301130 1.11561464e+00
0.99304482 1.04673142e+00
0.99307821 9.79463077e-01
0.99311147 9.13873277e-01
0.99314460 8.50029470e-01
0.99317762 7.87997731e-01
0.99321051 7.27844170e-01
0.99324327 6.69635975e-01
0.99327591 6.13438233e-01
0.99330844 5.59316296e-01
0.99334083 5.07334179e-01
0.99337311 4.57554216e-01
0.99340527 4.10035908e-01
0.99343731 3.64840137e-01
0.99346923 3.22026015e-01
0.99350103 2.81651234e-01
0.99353272 2.43771506e-01
0.99356429 2.08441040e-01
0.99359574 1.75713416e-01
0.99362707 1.45640994e-01
0.99365829 1.18269707e-01
0.99368940 9.36420984e-02
0.99372039 7.17990472e-02
0.99375126 5.27800555e-02
0.99378202 3.66238284e-02
0.99381267 2.33671406e-02
0.99384320 1.30450667e-02
0.99387362 5.69057389e-03
0.99390393 1.33467995e-03
0.99393412 6.17988007e-06
0.99396421 1.73174589e-03
0.99399418 6.53584829e-03
0.99402404 1.44408243e-02
0.99405380 2.54667153e-02
0.99408344 3.96314279e-02
0.99411298 5.69503613e-02
0.99414240 7.74364860e-02
0.99417172 1.01100229e-01
0.99420094 1.27950173e-01
0.99423005 1.57995728e-01
0.99425905 1.91245028e-01
0.99428794 2.27702507e-01
0.99431673 2.67369837e-01
0.99434541 3.10247051e-01
0.99437399 3.56332069e-01
0.99440247 4.05622189e-01
0.99443084 4.58111236e-01
0.99445910 5.13789714e-01
0.99448726 5.72645213e-01
0.99451532 6.34662464e-01
0.99454328 6.99823058e-01
0.99457114 7.68106258e-01
0.99459889 8.39487629e-01
0.99462655 9.13941120e-01
0.99465410 9.91436918e-01
0.99468156 1.07194340e+00
0.99470892 1.15542586e+00
0.99473617 1.24185354e+00
0.99476333 1.33121930e+00
0.99479039 1.42353155e+00
0.99481736 1.51877759e+00
0.99484422 1.61691616e+00
0.99487099 1.71790451e+00
0.99489766 1.82169429e+00
0.99492424 1.92823612e+00
0.99495072 2.03747605e+00
0.99497711 2.14935810e+00
0.99500339 2.26382254e+00
0.99502959 2.38080788e+00
0.99505569 2.50024841e+00
0.99508169 2.62208588e+00
0.99510761 2.74628233e+00
0.99513342 2.87280338e+00
0.99515915 3.00158739e+00
0.99518478 3.13256123e+00
0.99521032 3.26564647e+00
0.99523577 3.40075945e+00
0.99526113 3.53787691e+00
0.99528640 3.67703969e+00
0.99531158 3.81824234e+00
0.99533666 3.96140179e+00
0.99536166 4.10642594e+00
0.99538657 4.25322243e+00
0.99541138 4.40169206e+00
0.99543611 4.55173357e+00
0.99546075 4.70326670e+00
0.99548530 4.85625471e+00
0.99550976 5.01066836e+00
0.99553413 5.16642734e+00
0.99555842 5.32342081e+00
0.99558261 5.48154998e+00
0.99560672 5.64070870e+00
0.99563074 5.80079164e+00
0.99565468 5.96168762e+00
0.99567853 6.12328527e+00
0.99570229 6.28551511e+00
0.99572597 6.44847080e+00
0.99574957 6.61226976e+00
0.99577308 6.77685618e+00
0.99579651 6.94209141e+00
0.99581985 7.10783709e+00
0.99584310 7.27397265e+00
0.99586627 7.44045740e+00
0.99588936 7.60729679e+00
0.99591236 7.77441256e+00
0.99593528 7.94167618e+00
0.99595812 8.10895988e+00
0.99598087 8.27613802e+00
0.99600354 8.44308949e+00
0.99602613 8.60969236e+00
0.99604864 8.77582447e+00
0.99607106 8.94137219e+00
0.99609341 9.10620309e+00
0.99611567 9.27025750e+00
0.99613786 9.43374449e+00
0.99615996 9.59690701e+00
0.99618199 9.75970164e+00
0.99620393 9.92194834e+00
0.99622579 1.00834743e+01
0.99624758 1.02441477e+01
0.99626929 1.04039689e+01
0.99629091 1.05629469e+01
0.99631246 1.07209975e+01
0.99633393 1.08779757e+01
0.99635532 1.10337651e+01
0.99637663 1.11882367e+01
0.99639786 1.13412709e+01
0.99641902 1.14927574e+01
0.99644009 1.16425749e+01
0.99646110 1.17906242e+01
0.99648202 1.19367760e+01
0.99650287 1.20811283e+01
0.99652365 1.22241058e+01
0.99654435 1.23659494e+01
0.99656497 1.25065154e+01
0.99658552 1.26456159e+01
0.99660599 1.27830826e+01
0.99662639 1.29187620e+01
0.99664671 1.30524948e+01
0.99666696 1.31841939e+01
0.99668714 1.33139154e+01
0.99670724 1.34416157e+01
0.99672726 1.35671743e+01
0.99674721 1.36904534e+01
0.99676709 1.38113428e+01
0.99678690 1.39296989e+01
0.99680663 1.40454204e+01
0.99682629 1.41584076e+01
0.99684588 1.42687724e+01
0.99686540 1.43770386e+01
0.99688485 1.44837169e+01
0.99690423 1.45888016e+01
0.99692353 1.46920562e+01
0.99694277 1.47933054e+01
0.99696193 1.48923789e+01
0.99698103 1.49891228e+01
0.99700005 1.50834231e+01
0.99701900 1.51752507e+01
0.99703788 1.52645753e+01
0.99705669 1.53512740e+01
0.99707544 1.54352258e+01
0.99709411 1.55163386e+01
0.99711271 1.55945068e+01
0.99713125 1.56696280e+01
0.99714972 1.57415958e+01
0.99716812 1.58104552e+01
0.99718645 1.58767922e+01
0.99720472 1.59412955e+01
0.99722292 1.60040383e+01
0.99724105 1.60647881e+01
0.99725911 1.61233539e+01
0.99727711 1.61795835e+01
0.99729504 1.62333348e+01
0.99731291 1.62844997e+01
0.99733070 1.63329646e+01
0.99734843 1.63786950e+01
0.99736610 1.64217530e+01
0.99738370 1.64620952e+01
0.99740123 1.64996388e+01
0.99741870 1.65342808e+01
0.99743610 1.65659228e+01
0.99745344 1.65944521e+01
0.99747072 1.66199355e+01
0.99748793 1.66428903e+01
0.99750508 1.66638737e+01
0.99752217 1.66829732e+01
0.99753919 1.67001123e+01
0.99755615 1.67152026e+01
0.99757304 1.67281083e+01
0.99758987 1.67387338e+01
0.99760664 1.67469721e+01
0.99762334 1.67527191e+01
0.99763998 1.67558967e+01
0.99765656 1.67564117e+01
0.99767308 1.67541627e+01
0.99768953 1.67491177e+01
0.99770592 1.67413322e+01
0.99772225 1.67308204e+01
0.99773852 1.67175516e+01
0.99775473 1.67017627e+01
0.99777088 1.66841528e+01
0.99778697 1.66651840e+01
0.99780300 1.66447684e+01
0.99781897 1.66226945e+01
0.99783488 1.65988123e+01
0.99785072 1.65729913e+01
0.99786651 1.65451657e+01
0.99788224 1.65153001e+01
0.99789790 1.64833658e+01
0.99791351 1.64492558e+01
0.99792905 1.64129163e+01
0.99794454 1.63742803e+01
0.99795997 1.63333271e+01
0.99797534 1.62900454e+01
0.99799064 1.62444029e+01
0.99800590 1.61963755e+01
0.99802109 1.61463497e+01
0.99803623 1.60950610e+01
0.99805131 1.60428252e+01
0.99806633 1.59895165e+01
0.99808129 1.59349599e+01
0.99809620 1.58790098e+01
0.99811104 1.58215688e+01
0.99812583 1.57625432e+01
0.99814056 1.57018660e+01
0.99815524 1.56394715e+01
0.99816985 1.55753443e+01
0.99818441 1.55094479e+01
0.99819891 1.54417903e+01
0.99821335 1.53724100e+01
0.99822774 1.53013918e+01
0.99824208 1.52287340e+01
0.99825635 1.51545332e+01
0.99827058 1.50792640e+01
0.99828474 1.50034163e+01
0.99829885 1.49269943e+01
0.99831291 1.48497984e+01
0.99832690 1.47716954e+01
0.99834085 1.46925768e+01
0.99835473 1.46123647e+01
0.99836856 1.45309805e+01
0.99838234 1.44484436e+01
0.99839606 1.43647817e+01
0.99840972 1.42799800e+01
0.99842333 1.41940284e+01
0.99843688 1.41069307e+01
0.99845038 1.40186919e+01
0.99846383 1.39293093e+01
0.99847721 1.38387667e+01
0.99849055 1.37472852e+01
0.99850383 1.36553839e+01
0.99851706 1.35633198e+01
0.99853024 1.34710051e+01
0.99854335 1.33783300e+01
0.99855642 1.32852578e+01
0.99856943 1.31917233e+01
0.99858239 1.30976745e+01
0.99859529 1.30030542e+01
0.99860814 1.29078187e+01
0.99862093 1.28119391e+01
0.99863367 1.27154017e+01
0.99864635 1.26181914e+01
0.99865898 1.25203068e+01
0.99867156 1.24217528e+01
0.99868409 1.23225389e+01
0.99869656 1.22226768e+01
0.99870898 1.21224638e+01
0.99872134 1.20223275e+01
0.99873365 1.19223975e+01
0.99874591 1.18225687e+01
0.99875812 1.17227549e+01
0.99877027 1.16228894e+01
0.99878237 1.15229249e+01
0.99879441 1.14228240e+01
0.99880640 1.13225487e+01
0.99881833 1.12220880e+01
0.99883022 1.11214195e+01
0.99884204 1.10205479e+01
0.99885382 1.09194584e+01
0.99886554 1.08181827e+01
0.99887721 1.07167472e+01
0.99888882 1.06151722e+01
0.99890039 1.05135028e+01
0.99891190 1.04119683e+01
0.99892335 1.03108489e+01
0.99893476 1.02102021e+01
0.99894611 1.01099496e+01
0.99895740 1.00100308e+01
0.99896864 9.91040045e+00
0.99897983 9.81101566e+00
0.99899097 9.71183973e+00
0.99900204 9.61284877e+00
0.99901307 9.51402025e+00
0.99902404 9.41535445e+00
0.99903496 9.31685951e+00
0.99904582 9.21853143e+00
0.99905663 9.12037862e+00
0.99906738 9.02241729e+00
0.99907808 8.92466619e+00
0.99908873 8.82715094e+00
0.99909932 8.73000278e+00
0.99910985 8.63342608e+00
0.99912034 8.53748027e+00
0.99913076 8.44211686e+00
0.99914114 8.34729565e+00
0.99915145 8.25298043e+00
0.99916171 8.15914755e+00
0.99917192 8.06577271e+00
0.99918207 7.97284795e+00
0.99919216 7.88036551e+00
0.99920220 7.78832652e+00
0.99921218 7.69672919e+00
0.99922210 7.60557668e+00
0.99923197 7.51488094e+00
0.99924178 7.42465573e+00
0.99925153 7.33490428e+00
0.99926122 7.24564300e+00
0.99927086 7.15689161e+00
0.99928044 7.06874442e+00
0.99928996 6.98129416e+00
0.99929943 6.89452446e+00
0.99930883 6.80840623e+00
0.99931818 6.72293374e+00
0.99932747 6.63810309e+00
0.99933669 6.55391592e+00
0.99934586 6.47037585e+00
0.99935497 6.38747556e+00
0.99936401 6.30520253e+00
0.99937300 6.22354925e+00
0.99938192 6.14251130e+00
0.99939078 6.06209099e+00
0.99939957 5.98228642e+00
0.99940831 5.90309836e+00
0.99941698 5.82452308e+00
0.99942559 5.74657587e+00
0.99943413 5.66926937e+00
0.99944261 5.59263083e+00
0.99945103 5.51671246e+00
0.99945938 5.44153160e+00
0.99946767 5.36706982e+00
0.99947589 5.29331348e+00
0.99948404 5.22026187e+00
0.99949212 5.14792597e+00
0.99950014 5.07630013e+00
0.99950808 5.00537877e+00
0.99951596 4.93514624e+00
0.99952376 4.86558360e+00
0.99953150 4.79668694e+00
0.99953916 4.72845889e+00
0.99954675 4.66091930e+00
0.99955427 4.59408266e+00
0.99956171 4.52794811e+00
0.99956908 4.46250590e+00
0.99957637 4.39775440e+00
0.99958359 4.33369991e+00
0.99959073 4.27034134e+00
0.99959779 4.20767851e+00
0.99960478 4.14569557e+00
0.99961169 4.08436765e+00
0.99961851 4.02369254e+00
0.99962526 3.96368045e+00
0.99963193 3.90434658e+00
0.99963851 3.84569456e+00
0.99964501 3.78770090e+00
0.99965143 3.73035106e+00
0.99965776 3.67366243e+00
0.99966400 3.61765399e+00
0.99967016 3.56234235e+00
0.99967623 3.50772721e+00
0.99968221 3.45378431e+00
0.99968810 3.40048611e+00
0.99969391 3.34782730e+00
0.99969962 3.29580985e+00
0.99970524 3.24443330e+00
0.99971077 3.19368872e+00
0.99971621 3.14356316e+00
0.99972155 3.09405974e+00
0.99972680 3.04518815e+00
0.99973196 2.99695145e+00
0.99973702 2.94934488e+00
0.99974199 2.90235259e+00
0.99974687 2.85595712e+00
0.99975165 2.81014750e+00
0.99975634 2.76491758e+00
0.99976093 2.72025283e+00
0.99976543 2.67612216e+00
0.99976984 2.63251460e+00
0.99977415 2.58944755e+00
0.99977836 2.54694372e+00
0.99978249 2.50502072e+00
0.99978652 2.46367753e+00
0.99979046 2.42290262e+00
0.99979431 2.38269167e+00
0.99979807 2.34305339e+00
0.99980174 2.30399871e+00
0.99980532 2.26553674e+00
0.99980882 2.22768086e+00
0.99981223 2.19042600e+00
0.99981555 2.15375257e+00
0.99981879 2.11764366e+00
0.99982196 2.08208691e+00
0.99982504 2.04709159e+00
0.99982804 2.01267900e+00
0.99983097 1.97885638e+00
0.99983383 1.94562648e+00
0.99983661 1.91299682e+00
0.99983933 1.88098220e+00
0.99984197 1.84959320e+00
0.99984456 1.81882375e+00
0.99984708 1.78865715e+00
0.99984954 1.75907304e+00
0.99985194 1.73007411e+00
0.99985429 1.70168774e+00
0.99985659 1.67391840e+00
0.99985884 1.64673855e+00
0.99986105 1.62011692e+00
0.99986321 1.59402899e+00
0.99986534 1.56848780e+00
0.99986743 1.54352067e+00
0.99986948 1.51911224e+00
0.99987151 1.49523017e+00
0.99987351 1.47184289e+00
0.99987549 1.44895296e+00
0.99987744 1.42661420e+00
0.99987937 1.40486481e+00
0.99988128 1.38370960e+00
0.99988317 1.36315571e+00
0.99988504 1.34322546e+00
0.99988687 1.32399144e+00
0.99988868 1.30555363e+00
0.99989045 1.28795429e+00
0.99989219 1.27118400e+00
0.99989388 1.25522175e+00
0.99989554 1.24003145e+00
0.99989716 1.22557795e+00
0.99989875 1.21183675e+00
0.99990032 1.19875224e+00
0.99990186 1.18623702e+00
0.99990339 1.17420305e+00
0.99990492 1.16256502e+00
0.99990645 1.15124019e+00
0.99990799 1.14015371e+00
0.99990954 1.12925314e+00
0.99991112 1.11850298e+00
0.99991273 1.10785963e+00
0.99991438 1.09727400e+00
0.99991607 1.08670984e+00
0.99991782 1.07613730e+00
0.99991962 1.06552792e+00
0.99992147 1.05485238e+00
0.99992339 1.04409062e+00
0.99992538 1.03324182e+00
0.99992743 1.02231478e+00
0.99992956 1.01130857e+00
0.99993176 1.00021630e+00
0.99993404 9.89034572e-01
0.99993638 9.77762918e-01
0.99993880 9.66400143e-01
0.99994129 9.54945498e-01
0.99994386 9.43406741e-01
0.99994649 9.31805068e-01
0.99994919 9.20156751e-01
0.99995196 9.08463675e-01
0.99995480 8.96725837e-01
0.99995770 8.84947670e-01
0.99996066 8.73135899e-01
0.99996367 8.61301457e-01
0.99996675 8.49460166e-01
0.99996988 8.37639464e-01
0.99997306 8.25880987e-01
0.99997629 8.14211874e-01
0.99997956 8.02623131e-01
0.99998288 7.91071748e-01
0.99998623 7.79500935e-01
0.99998963 7.67877746e-01
0.99999305 7.56206730e-01
0.99999651 7.44514742e-01
1.00000000 7.32826960e-01
1.00000925 7.02475323e-01
1.00001867 6.72741189e-01
1.00002824 6.44314340e-01
1.00003791 6.17426406e-01
1.00004767 5.91325140e-01
1.00005749 5.65557465e-01
1.00006734 5.40493933e-01
1.00007723 5.16461802e-01
1.00008712 4.93360082e-01
1.00009701 4.71074457e-01
1.00010689 4.49695641e-01
1.00011673 4.29247546e-01
1.00012652 4.09547628e-01
1.00013628 3.90487643e-01
1.00014600 3.72218218e-01
1.00015568 3.54987714e-01
1.00016534 3.38829809e-01
1.00017496 3.23512019e-01
1.00018452 3.08772307e-01
1.00019402 2.94428752e-01
1.00020346 2.80500586e-01
1.00021284 2.67168540e-01
1.00022216 2.54482533e-01
1.00023144 2.42383424e-01
1.00024066 2.30856481e-01
1.00024981 2.19898195e-01
1.00025890 2.09476643e-01
1.00026794 1.99550894e-01
1.00027693 1.90090328e-01
1.00028588 1.81066102e-01
1.00029480 1.72455951e-01
1.00030370 1.64244248e-01
1.00031256 1.56413746e-01
1.00032140 1.48944848e-01
1.00033022 1.41818741e-01
1.00033902 1.35020658e-01
1.00034780 1.28537523e-01
1.00035658 1.22356445e-01
1.00036534 1.16465915e-01
1.00037410 1.10853546e-01
1.00038285 1.05505130e-01
1.00039160 1.00406213e-01
1.00040033 9.55437142e-02
1.00040906 9.09072463e-02
1.00041778 8.64895762e-02
1.00042650 8.22827408e-02
1.00043520 7.82754677e-02
1.00044390 7.44562210e-02
1.00045259 7.08156763e-02
1.00046128 6.73452490e-02
1.00046995 6.40386858e-02
1.00047860 6.08935763e-02
1.00048725 5.79073848e-02
1.00049588 5.50754830e-02
1.00050450 5.23895567e-02
1.00051310 4.98394301e-02
1.00052168 4.74183864e-02
1.00053025 4.51218110e-02
1.00053881 4.29445417e-02
1.00054734 4.08804420e-02
1.00055586 3.89224013e-02
1.00056436 3.70637843e-02
1.00057285 3.52988587e-02
1.00058131 3.36224406e-02
1.00058975 3.20296943e-02
1.00059817 3.05161299e-02
1.00060657 2.90780031e-02
1.00061494 2.77119747e-02
1.00062328 2.64148050e-02
1.00063159 2.51830524e-02
1.00063988 2.40131219e-02
1.00064813 2.29018571e-02
1.00065634 2.18467347e-02
1.00066451 2.08453991e-02
1.00067265 1.98953852e-02
1.00068073 1.89939890e-02
1.00068877 1.81385821e-02
1.00069676 1.73271009e-02
1.00070468 1.65577261e-02
1.00071255 1.58285833e-02
