# r/R  c_s(cm/s) -- Model S (Christensen-Dalsgaard et al. 1996)
1.0000000000e+00 6.8643880126e+05
9.9999213910e-01 6.8657305336e+05
9.9998421661e-01 6.8670652810e+05
9.9997623726e-01 6.8684062554e+05
9.9996820508e-01 6.8697749117e+05
9.9996012407e-01 6.8712024509e+05
9.9995199770e-01 6.8726374080e+05
9.9994382940e-01 6.8740623500e+05
9.9993562220e-01 6.8754996227e+05
9.9992737881e-01 6.8769730216e+05
9.9991910182e-01 6.8785221189e+05
9.9991079353e-01 6.8801310458e+05
9.9990245625e-01 6.8817661038e+05
9.9989409168e-01 6.8834381755e+05
9.9988570184e-01 6.8851686252e+05
9.9987728831e-01 6.8869875278e+05
9.9986885253e-01 6.8889132906e+05
9.9986039607e-01 6.8909224780e+05
9.9985191994e-01 6.8930050489e+05
9.9984342500e-01 6.8951521620e+05
9.9983491183e-01 6.8973465299e+05
9.9982638114e-01 6.8995577457e+05
9.9981783337e-01 6.9017260729e+05
9.9980926908e-01 6.9038969561e+05
9.9980068900e-01 6.9061336470e+05
9.9979209356e-01 6.9085273359e+05
9.9978348333e-01 6.9111537301e+05
9.9977485874e-01 6.9138595856e+05
9.9976622037e-01 6.9166960875e+05
9.9975756879e-01 6.9197930832e+05
9.9974890471e-01 6.9233127984e+05
9.9974022915e-01 6.9274577190e+05
9.9973154340e-01 6.9322364362e+05
9.9972285004e-01 6.9376362187e+05
9.9971415007e-01 6.9436543981e+05
9.9970544278e-01 6.9502830982e+05
9.9969672745e-01 6.9574880912e+05
9.9968800451e-01 6.9653658426e+05
9.9967927411e-01 6.9739989063e+05
9.9967053681e-01 6.9833993456e+05
9.9966179233e-01 6.9935564295e+05
9.9965304053e-01 7.0044481615e+05
9.9964428070e-01 7.0160594894e+05
9.9963551195e-01 7.0284401394e+05
9.9962673245e-01 7.0416337758e+05
9.9961793973e-01 7.0556774696e+05
9.9960912964e-01 7.0706122380e+05
9.9960029758e-01 7.0864744915e+05
9.9959143967e-01 7.1032215834e+05
9.9958255219e-01 7.1208084347e+05
9.9957363399e-01 7.1391980582e+05
9.9956468621e-01 7.1583392335e+05
9.9955570267e-01 7.1781681441e+05
9.9954667420e-01 7.1986104676e+05
9.9953759346e-01 7.2195450497e+05
9.9952844654e-01 7.2408635921e+05
9.9951922825e-01 7.2624567123e+05
9.9950995785e-01 7.2842116393e+05
9.9950064380e-01 7.3060253659e+05
9.9949127189e-01 7.3277870203e+05
9.9948183809e-01 7.3493830506e+05
9.9947234644e-01 7.3729430814e+05
9.9946279261e-01 7.3978967827e+05
9.9945317547e-01 7.4234716454e+05
9.9944352344e-01 7.4480365858e+05
9.9943384987e-01 7.4701962678e+05
9.9942414155e-01 7.4909850582e+05
9.9941439188e-01 7.5121918883e+05
9.9940459972e-01 7.5349068507e+05
9.9939476764e-01 7.5587822498e+05
9.9938490354e-01 7.5829747555e+05
9.9937501949e-01 7.6080496791e+05
9.9936513127e-01 7.6347409591e+05
9.9935525382e-01 7.6625630524e+05
9.9934540178e-01 7.6909550968e+05
9.9933559296e-01 7.7211545324e+05
9.9932584415e-01 7.7549889769e+05
9.9931617446e-01 7.7905795247e+05
9.9930661403e-01 7.8243188624e+05
9.9929719833e-01 7.8574770542e+05
9.9928795765e-01 7.8925511668e+05
9.9928447085e-01 7.9064092461e+05
9.9928101450e-01 7.9205618787e+05
9.9927759045e-01 7.9350825503e+05
9.9927420072e-01 7.9499976173e+05
9.9927084788e-01 7.9652951121e+05
9.9926753425e-01 7.9808511492e+05
9.9926426268e-01 7.9964591482e+05
9.9926103648e-01 8.0119833507e+05
9.9925785852e-01 8.0273544005e+05
9.9925473168e-01 8.0426151400e+05
9.9925165839e-01 8.0578394326e+05
9.9924864139e-01 8.0730436315e+05
9.9924568311e-01 8.0882216217e+05
9.9924278599e-01 8.1033575034e+05
9.9923995233e-01 8.1184188370e+05
9.9923718443e-01 8.1333692699e+05
9.9923448431e-01 8.1481707859e+05
9.9923185295e-01 8.1627807419e+05
9.9922929195e-01 8.1772033222e+05
9.9922680216e-01 8.1914563052e+05
9.9922438460e-01 8.2055114203e+05
9.9922203997e-01 8.2193325287e+05
9.9921976842e-01 8.2328861275e+05
9.9921757010e-01 8.2461472716e+05
9.9921544414e-01 8.2590902027e+05
9.9921338954e-01 8.2716941351e+05
9.9921140428e-01 8.2839457889e+05
9.9920948579e-01 8.2958949480e+05
9.9920763062e-01 8.3075655275e+05
9.9920583432e-01 8.3189631237e+05
9.9920409171e-01 8.3300953036e+05
9.9920239835e-01 8.3409615130e+05
9.9920074936e-01 8.3515677138e+05
9.9919913956e-01 8.3619241438e+05
9.9919756178e-01 8.3720529454e+05
9.9919600884e-01 8.3819865184e+05
9.9919447284e-01 8.3918229474e+05
9.9919294618e-01 8.4015987459e+05
9.9919142138e-01 8.4113241974e+05
9.9918989069e-01 8.4209993993e+05
9.9918834694e-01 8.4306244337e+05
9.9918678323e-01 8.4401870417e+05
9.9918519368e-01 8.4496592649e+05
9.9918357269e-01 8.4590374419e+05
9.9918191594e-01 8.4684141951e+05
9.9918022086e-01 8.4777447356e+05
9.9917848758e-01 8.4869532504e+05
9.9917671741e-01 8.4959500247e+05
9.9917491263e-01 8.5046520237e+05
9.9917307656e-01 8.5129908575e+05
9.9917121277e-01 8.5210754787e+05
9.9916932486e-01 8.5288814522e+05
9.9916741513e-01 8.5363599635e+05
9.9916548444e-01 8.5434760154e+05
9.9916353250e-01 8.5502132831e+05
9.9916155787e-01 8.5566242746e+05
9.9915955883e-01 8.5628459332e+05
9.9915753323e-01 8.5688765051e+05
9.9915547820e-01 8.5747164125e+05
9.9915339101e-01 8.5803643985e+05
9.9915126792e-01 8.5858370621e+05
9.9914910578e-01 8.5912540571e+05
9.9914690142e-01 8.5966761130e+05
9.9914465198e-01 8.6021031058e+05
9.9914235459e-01 8.6075389363e+05
9.9914000609e-01 8.6129938975e+05
9.9913760345e-01 8.6185049674e+05
9.9913514382e-01 8.6241804121e+05
9.9913262460e-01 8.6300346754e+05
9.9913004335e-01 8.6360695411e+05
9.9912739778e-01 8.6423023890e+05
9.9912468531e-01 8.6487429830e+05
9.9912190334e-01 8.6554484598e+05
9.9911904973e-01 8.6624506415e+05
9.9911612260e-01 8.6697745604e+05
9.9911312024e-01 8.6774402118e+05
9.9911004035e-01 8.6854611455e+05
9.9910688120e-01 8.6938907255e+05
9.9910364093e-01 8.7027423674e+05
9.9910031796e-01 8.7120111692e+05
9.9909691100e-01 8.7216847096e+05
9.9909341861e-01 8.7317509314e+05
9.9908983935e-01 8.7422045710e+05
9.9908617194e-01 8.7530785932e+05
9.9908241536e-01 8.7643717813e+05
9.9907856862e-01 8.7760995779e+05
9.9907463113e-01 8.7882669382e+05
9.9907060176e-01 8.8008721451e+05
9.9906648007e-01 8.8138972998e+05
9.9906226533e-01 8.8273386715e+05
9.9905795727e-01 8.8412089627e+05
9.9905355546e-01 8.8555218807e+05
9.9904905989e-01 8.8702835876e+05
9.9904447027e-01 8.8854846795e+05
9.9903978618e-01 8.9010811016e+05
9.9903500791e-01 8.9170604483e+05
9.9903013544e-01 8.9334106456e+05
9.9902516879e-01 8.9501160088e+05
9.9902010824e-01 8.9671567068e+05
9.9901495393e-01 8.9845088867e+05
9.9900970615e-01 9.0021673604e+05
9.9900436534e-01 9.0201234835e+05
9.9899893192e-01 9.0383769364e+05
9.9899340646e-01 9.0569273752e+05
9.9898778940e-01 9.0757492547e+05
9.9898208131e-01 9.0948322012e+05
9.9897628277e-01 9.1141671784e+05
9.9897039463e-01 9.1337489999e+05
9.9896441734e-01 9.1535658613e+05
9.9895835174e-01 9.1735943686e+05
9.9895219856e-01 9.1938005114e+05
9.9894595866e-01 9.2141881549e+05
9.9893963261e-01 9.2347557872e+05
9.9893322156e-01 9.2555073273e+05
9.9892672638e-01 9.2764526434e+05
9.9892014778e-01 9.2975696714e+05
9.9891348676e-01 9.3188310764e+05
9.9890674420e-01 9.3402406918e+05
9.9889992122e-01 9.3617969820e+05
9.9889301871e-01 9.3834976230e+05
9.9888603766e-01 9.4053409544e+05
9.9887897865e-01 9.4272980154e+05
9.9887184267e-01 9.4493596233e+05
9.9886463003e-01 9.4715198920e+05
9.9885734172e-01 9.4937752716e+05
9.9884997833e-01 9.5161217192e+05
9.9884254055e-01 9.5385558008e+05
9.9883502912e-01 9.5610659442e+05
9.9882744462e-01 9.5836480762e+05
9.9881978774e-01 9.6063058187e+05
9.9881205894e-01 9.6290438674e+05
9.9880425920e-01 9.6518628956e+05
9.9879638883e-01 9.6747517875e+05
9.9878844868e-01 9.6976992602e+05
9.9878043947e-01 9.7206936101e+05
9.9877236162e-01 9.7437272664e+05
9.9876421601e-01 9.7667940503e+05
9.9875600320e-01 9.7898947476e+05
9.9874772392e-01 9.8130276219e+05
9.9873937902e-01 9.8361831245e+05
9.9873096894e-01 9.8593444674e+05
9.9872249439e-01 9.8825142961e+05
9.9871395580e-01 9.9057252340e+05
9.9870535361e-01 9.9289783642e+05
9.9869668796e-01 9.9522748791e+05
9.9868795942e-01 9.9756222710e+05
9.9867916828e-01 9.9990129470e+05
9.9867031483e-01 1.0022442875e+06
9.9866139921e-01 1.0045911258e+06
9.9865242199e-01 1.0069413414e+06
9.9864338347e-01 1.0092945537e+06
9.9863428392e-01 1.0116501273e+06
9.9862512379e-01 1.0140071835e+06
9.9861590335e-01 1.0163650529e+06
9.9860662290e-01 1.0187239397e+06
9.9859728286e-01 1.0210832629e+06
9.9858788381e-01 1.0234424312e+06
9.9857842618e-01 1.0258013510e+06
9.9856891041e-01 1.0281587088e+06
9.9855933706e-01 1.0305120845e+06
9.9854970627e-01 1.0328661650e+06
9.9854001834e-01 1.0352243528e+06
9.9853027327e-01 1.0375860520e+06
9.9852047106e-01 1.0399520086e+06
9.9851061184e-01 1.0423216590e+06
9.9850069591e-01 1.0446952714e+06
9.9849072327e-01 1.0470730333e+06
9.9848069406e-01 1.0494544935e+06
9.9847060856e-01 1.0518393050e+06
9.9846046664e-01 1.0542269682e+06
9.9845026872e-01 1.0566172080e+06
9.9844001495e-01 1.0590088858e+06
9.9842970548e-01 1.0614014475e+06
9.9841934072e-01 1.0637934198e+06
9.9840892069e-01 1.0661832663e+06
9.9839844567e-01 1.0685694807e+06
9.9838791609e-01 1.0709504885e+06
9.9837733238e-01 1.0733257195e+06
9.9836669454e-01 1.0757043517e+06
9.9835600243e-01 1.0780886155e+06
9.9834525633e-01 1.0804788455e+06
9.9833445596e-01 1.0828749016e+06
9.9832360146e-01 1.0852770933e+06
9.9831269269e-01 1.0876852972e+06
9.9830172979e-01 1.0900986208e+06
9.9829071276e-01 1.0925170508e+06
9.9827964146e-01 1.0949403972e+06
9.9826851588e-01 1.0973671044e+06
9.9825733618e-01 1.0997964344e+06
9.9824610235e-01 1.1022265956e+06
9.9823481453e-01 1.1046562486e+06
9.9822347287e-01 1.1070837526e+06
9.9821207766e-01 1.1095067316e+06
9.9820062917e-01 1.1119233932e+06
9.9818912786e-01 1.1143318305e+06
9.9817757356e-01 1.1167430879e+06
9.9816596657e-01 1.1191615448e+06
9.9815430659e-01 1.1215877082e+06
9.9814259336e-01 1.1240208314e+06
9.9813082699e-01 1.1264623351e+06
9.9811900722e-01 1.1289114866e+06
9.9810713375e-01 1.1313680137e+06
9.9809520643e-01 1.1338311828e+06
9.9808322542e-01 1.1363003127e+06
9.9807119042e-01 1.1387740638e+06
9.9805910144e-01 1.1412513527e+06
9.9804695876e-01 1.1437306585e+06
9.9803476209e-01 1.1462102664e+06
9.9802251201e-01 1.1486882526e+06
9.9801020838e-01 1.1511617475e+06
9.9799785191e-01 1.1536282356e+06
9.9798544247e-01 1.1560866176e+06
9.9797298032e-01 1.1585524943e+06
9.9796046520e-01 1.1610295562e+06
9.9794789681e-01 1.1635180488e+06
9.9793527487e-01 1.1660163873e+06
9.9792259908e-01 1.1685255856e+06
9.9790986931e-01 1.1710442165e+06
9.9789708541e-01 1.1735714678e+06
9.9788424723e-01 1.1761067448e+06
9.9787135465e-01 1.1786486772e+06
9.9785840750e-01 1.1811957170e+06
9.9784540593e-01 1.1837459478e+06
9.9783234981e-01 1.1862977772e+06
9.9781923941e-01 1.1888487988e+06
9.9780607488e-01 1.1913985441e+06
9.9779285609e-01 1.1939431386e+06
9.9777958330e-01 1.1964801585e+06
9.9776625682e-01 1.1990121691e+06
9.9775287650e-01 1.2015557754e+06
9.9773944204e-01 1.2041113464e+06
9.9772595303e-01 1.2066785003e+06
9.9771240932e-01 1.2092568393e+06
9.9769881061e-01 1.2118454091e+06
9.9768515677e-01 1.2144445342e+06
9.9767144751e-01 1.2170526234e+06
9.9765768268e-01 1.2196690824e+06
9.9764386229e-01 1.2222939746e+06
9.9762998605e-01 1.2249273428e+06
9.9761605367e-01 1.2275667565e+06
9.9760206529e-01 1.2302100500e+06
9.9758802092e-01 1.2328542735e+06
9.9757392056e-01 1.2354964741e+06
9.9755976448e-01 1.2381319551e+06
9.9754555284e-01 1.2407571848e+06
9.9753128578e-01 1.2433845082e+06
9.9751696315e-01 1.2460250415e+06
9.9750258467e-01 1.2486769887e+06
9.9748815020e-01 1.2513405650e+06
9.9747365901e-01 1.2540173779e+06
9.9745911126e-01 1.2567072756e+06
9.9744450621e-01 1.2594102543e+06
9.9742984374e-01 1.2621247274e+06
9.9741512354e-01 1.2648498876e+06
9.9740034549e-01 1.2675841080e+06
9.9738550928e-01 1.2703252650e+06
9.9737061507e-01 1.2730711976e+06
9.9735566271e-01 1.2758188760e+06
9.9734065220e-01 1.2785659114e+06
9.9732558383e-01 1.2813067550e+06
9.9731045774e-01 1.2840395026e+06
9.9729527437e-01 1.2867650056e+06
9.9728003327e-01 1.2895054670e+06
9.9726473432e-01 1.2922640576e+06
9.9724937692e-01 1.2950399510e+06
9.9723396081e-01 1.2978317767e+06
9.9721848568e-01 1.3006399896e+06
9.9720295097e-01 1.3034625320e+06
9.9718735653e-01 1.3062987374e+06
9.9717170207e-01 1.3091464979e+06
9.9715598746e-01 1.3120036045e+06
9.9714021254e-01 1.3148682645e+06
9.9712437717e-01 1.3177404549e+06
9.9710848122e-01 1.3206178294e+06
9.9709252453e-01 1.3234976424e+06
9.9707650725e-01 1.3263754666e+06
9.9706042939e-01 1.3292487636e+06
9.9704429122e-01 1.3321107013e+06
9.9702809274e-01 1.3349714214e+06
9.9701183382e-01 1.3378490596e+06
9.9699551417e-01 1.3407440691e+06
9.9697913335e-01 1.3436563971e+06
9.9696269123e-01 1.3465858634e+06
9.9694618708e-01 1.3495337770e+06
9.9692962061e-01 1.3524995188e+06
9.9691299155e-01 1.3554800859e+06
9.9689629960e-01 1.3584740827e+06
9.9687954433e-01 1.3614791950e+06
9.9686272560e-01 1.3644935069e+06
9.9684584341e-01 1.3675141219e+06
9.9682889747e-01 1.3705389430e+06
9.9681188778e-01 1.3735655150e+06
9.9679481448e-01 1.3765895669e+06
9.9677767773e-01 1.3796125911e+06
9.9676047765e-01 1.3826302214e+06
9.9674321412e-01 1.3856584863e+06
9.9672588698e-01 1.3887093040e+06
9.9670849566e-01 1.3917810697e+06
9.9669103959e-01 1.3948731113e+06
9.9667351862e-01 1.3979824600e+06
9.9665593232e-01 1.4011076159e+06
9.9663828026e-01 1.4042469390e+06
9.9662056216e-01 1.4073981881e+06
9.9660277772e-01 1.4105648259e+06
9.9658492681e-01 1.4137452446e+06
9.9656700899e-01 1.4169370208e+06
9.9654902412e-01 1.4201381125e+06
9.9653097205e-01 1.4233451938e+06
9.9651285265e-01 1.4265549673e+06
9.9649466591e-01 1.4297632437e+06
9.9647641211e-01 1.4329649615e+06
9.9645809127e-01 1.4361564600e+06
9.9643970352e-01 1.4393590885e+06
9.9642124857e-01 1.4425877750e+06
9.9640272586e-01 1.4458408867e+06
9.9638413495e-01 1.4491173328e+06
9.9636547511e-01 1.4524154822e+06
9.9634674637e-01 1.4557334317e+06
9.9632794798e-01 1.4590699241e+06
9.9630907967e-01 1.4624222925e+06
9.9629014145e-01 1.4657882074e+06
9.9627113272e-01 1.4691672974e+06
9.9625205335e-01 1.4725605282e+06
9.9623290320e-01 1.4759645720e+06
9.9621368198e-01 1.4793761735e+06
9.9619438969e-01 1.4827925224e+06
9.9617502618e-01 1.4862078928e+06
9.9615559160e-01 1.4896184880e+06
9.9613608595e-01 1.4930189515e+06
9.9611650938e-01 1.4964272017e+06
9.9609686173e-01 1.4998603306e+06
9.9607714229e-01 1.5033192181e+06
9.9605735078e-01 1.5068034330e+06
9.9603748647e-01 1.5103113480e+06
9.9601754894e-01 1.5138403987e+06
9.9599753789e-01 1.5173888905e+06
9.9597745305e-01 1.5209549008e+06
9.9595729369e-01 1.5245352220e+06
9.9593706010e-01 1.5281292936e+06
9.9591675171e-01 1.5317429464e+06
9.9589636836e-01 1.5353727104e+06
9.9587590979e-01 1.5390163291e+06
9.9585537598e-01 1.5426697489e+06
9.9583476664e-01 1.5463295854e+06
9.9581408179e-01 1.5499913771e+06
9.9579332155e-01 1.5536491118e+06
9.9577248594e-01 1.5573107689e+06
9.9575157466e-01 1.5609983191e+06
9.9573058743e-01 1.5647125825e+06
9.9570952367e-01 1.5684524482e+06
9.9568838281e-01 1.5722166545e+06
9.9566716471e-01 1.5760038626e+06
9.9564586864e-01 1.5798127145e+06
9.9562449432e-01 1.5836403862e+06
9.9560304161e-01 1.5874859093e+06
9.9558150993e-01 1.5913461457e+06
9.9555989914e-01 1.5952191269e+06
9.9553820909e-01 1.5991013187e+06
9.9551643965e-01 1.6029975090e+06
9.9549459052e-01 1.6069105189e+06
9.9547266170e-01 1.6108368480e+06
9.9545065306e-01 1.6147715761e+06
9.9542856444e-01 1.6187104629e+06
9.9540639599e-01 1.6226491686e+06
9.9538414772e-01 1.6266049699e+06
9.9536181918e-01 1.6305929241e+06
9.9533940995e-01 1.6346106132e+06
9.9531691946e-01 1.6386568224e+06
9.9529434727e-01 1.6427307226e+06
9.9527169295e-01 1.6468300561e+06
9.9524895608e-01 1.6509529542e+06
9.9522613622e-01 1.6550976871e+06
9.9520323294e-01 1.6592612858e+06
9.9518024595e-01 1.6634408942e+06
9.9515717483e-01 1.6676336420e+06
9.9513401957e-01 1.6718365356e+06
9.9511077989e-01 1.6760567410e+06
9.9508745578e-01 1.6802959699e+06
9.9506404696e-01 1.6845499469e+06
9.9504055343e-01 1.6888151395e+06
9.9501697491e-01 1.6930868563e+06
9.9499331167e-01 1.6973608561e+06
9.9496956357e-01 1.7016546189e+06
9.9494573020e-01 1.7059803795e+06
9.9492181139e-01 1.7103375767e+06
9.9489780629e-01 1.7147246712e+06
9.9487371462e-01 1.7191398518e+06
9.9484953593e-01 1.7235811126e+06
9.9482526967e-01 1.7280469945e+06
9.9480091524e-01 1.7325343195e+06
9.9477647238e-01 1.7370407134e+06
9.9475194063e-01 1.7415634791e+06
9.9472731973e-01 1.7461071303e+06
9.9470260966e-01 1.7506769901e+06
9.9467781000e-01 1.7552702868e+06
9.9465292061e-01 1.7598841926e+06
9.9462794134e-01 1.7645156890e+06
9.9460287189e-01 1.7691606909e+06
9.9457771214e-01 1.7738157048e+06
9.9455246193e-01 1.7784759364e+06
9.9452712127e-01 1.7831438904e+06
9.9450169002e-01 1.7878405161e+06
9.9447616744e-01 1.7925663940e+06
9.9445055312e-01 1.7973200498e+06
9.9442484648e-01 1.8020991623e+06
9.9439904680e-01 1.8069013025e+06
9.9437315365e-01 1.8117249205e+06
9.9434716660e-01 1.8165747746e+06
9.9432108537e-01 1.8214553368e+06
9.9429490966e-01 1.8263656654e+06
9.9426863918e-01 1.8313045058e+06
9.9424227352e-01 1.8362694942e+06
9.9421581223e-01 1.8412584657e+06
9.9418925518e-01 1.8462689766e+06
9.9416260193e-01 1.8512984005e+06
9.9413585191e-01 1.8563430628e+06
9.9410900497e-01 1.8613993464e+06
9.9408206054e-01 1.8664631260e+06
9.9405501848e-01 1.8715296784e+06
9.9402787864e-01 1.8765992773e+06
9.9400064046e-01 1.8816917949e+06
9.9397330363e-01 1.8868151699e+06
9.9394586774e-01 1.8919711198e+06
9.9391833234e-01 1.8971590226e+06
9.9389069702e-01 1.9023783899e+06
9.9386296133e-01 1.9076276646e+06
9.9383512457e-01 1.9129060991e+06
9.9380718644e-01 1.9182119650e+06
9.9377914636e-01 1.9235443535e+06
9.9375100392e-01 1.9289006157e+06
9.9372275839e-01 1.9342791092e+06
9.9369440920e-01 1.9396772223e+06
9.9366595576e-01 1.9450925462e+06
9.9363739781e-01 1.9505235260e+06
9.9360873461e-01 1.9559716420e+06
9.9357996617e-01 1.9614359811e+06
9.9355109191e-01 1.9669153723e+06
9.9352211154e-01 1.9724071867e+06
9.9349302507e-01 1.9779088978e+06
9.9346383236e-01 1.9834283939e+06
9.9343453282e-01 1.9889798822e+06
9.9340512603e-01 1.9945625926e+06
9.9337561127e-01 2.0001755371e+06
9.9334598796e-01 2.0058177577e+06
9.9331625554e-01 2.0114870055e+06
9.9328641328e-01 2.0171816836e+06
9.9325646089e-01 2.0229021815e+06
9.9322639780e-01 2.0286484402e+06
9.9319622345e-01 2.0344214731e+06
9.9316593753e-01 2.0402209272e+06
9.9313553933e-01 2.0460472203e+06
9.9310502857e-01 2.0518997909e+06
9.9307440452e-01 2.0577787592e+06
9.9304366691e-01 2.0636819773e+06
9.9301281500e-01 2.0696090737e+06
9.9298184853e-01 2.0755583343e+06
9.9295076675e-01 2.0815262658e+06
9.9291956940e-01 2.0875070999e+06
9.9288825633e-01 2.0935005378e+06
9.9285682710e-01 2.0995073558e+06
9.9282528171e-01 2.1055436933e+06
9.9279361931e-01 2.1116145075e+06
9.9276183961e-01 2.1177190423e+06
9.9272994188e-01 2.1238583833e+06
9.9269792556e-01 2.1300320117e+06
9.9266578978e-01 2.1362401835e+06
9.9263353412e-01 2.1424831497e+06
9.9260115756e-01 2.1487571081e+06
9.9256865982e-01 2.1550605708e+06
9.9253604004e-01 2.1613945197e+06
9.9250329779e-01 2.1677564776e+06
9.9247043220e-01 2.1741470277e+06
9.9243744300e-01 2.1805635287e+06
9.9240432960e-01 2.1870052633e+06
9.9237109128e-01 2.1934696470e+06
9.9233772777e-01 2.1999547689e+06
9.9230423834e-01 2.2064577150e+06
9.9227062241e-01 2.2129743810e+06
9.9223687957e-01 2.2195029700e+06
9.9220300922e-01 2.2260436496e+06
9.9216901095e-01 2.2325954614e+06
9.9213488475e-01 2.2391699792e+06
9.9210062990e-01 2.2457770413e+06
9.9206624569e-01 2.2524170857e+06
9.9203173183e-01 2.2590937048e+06
9.9199708775e-01 2.2658078014e+06
9.9196231272e-01 2.2725564983e+06
9.9192740617e-01 2.2793383998e+06
9.9189236782e-01 2.2861547096e+06
9.9185719723e-01 2.2930050090e+06
9.9182189369e-01 2.2998904498e+06
9.9178645734e-01 2.3068127913e+06
9.9175088747e-01 2.3137741431e+06
9.9171518420e-01 2.3207763203e+06
9.9167934699e-01 2.3278222327e+06
9.9164337595e-01 2.3349096868e+06
9.9160727081e-01 2.3420432965e+06
9.9157103129e-01 2.3492253932e+06
9.9153465766e-01 2.3564564395e+06
9.9149814936e-01 2.3637370806e+06
9.9146150667e-01 2.3710663653e+06
9.9142472930e-01 2.3784406520e+06
9.9138781740e-01 2.3858559845e+06
9.9135077111e-01 2.3933158110e+06
9.9131359057e-01 2.4008344436e+06
9.9127627565e-01 2.4084128827e+06
9.9123882605e-01 2.4160481805e+06
9.9120124148e-01 2.4237391713e+06
9.9116352195e-01 2.4314832164e+06
9.9112566689e-01 2.4392768266e+06
9.9108767586e-01 2.4471181227e+06
9.9104954885e-01 2.4550108635e+06
9.9101128545e-01 2.4629523363e+06
9.9097288551e-01 2.4709384010e+06
9.9093434859e-01 2.4789652332e+06
9.9089567427e-01 2.4870282190e+06
9.9085686183e-01 2.4951232339e+06
9.9081791083e-01 2.5032460259e+06
9.9077882042e-01 2.5113999142e+06
9.9073959031e-01 2.5195883584e+06
9.9070021978e-01 2.5278099018e+06
9.9066070854e-01 2.5360615835e+06
9.9062105602e-01 2.5443408086e+06
9.9058126165e-01 2.5526443888e+06
9.9054132470e-01 2.5609690143e+06
9.9050124489e-01 2.5693129110e+06
9.9046102180e-01 2.5776761005e+06
9.9042065498e-01 2.5860611537e+06
9.9038014401e-01 2.5944682993e+06
9.9033948816e-01 2.6029017731e+06
9.9029868688e-01 2.6113650872e+06
9.9025773943e-01 2.6198609151e+06
9.9021664539e-01 2.6283888075e+06
9.9017540418e-01 2.6369458423e+06
9.9013401566e-01 2.6455358812e+06
9.9009247925e-01 2.6541623409e+06
9.9005079453e-01 2.6628282253e+06
9.9000896120e-01 2.6715377661e+06
9.8996697885e-01 2.6802922412e+06
9.8992484702e-01 2.6890872718e+06
9.8988256545e-01 2.6979226461e+06
9.8984013397e-01 2.7068033973e+06
9.8979755218e-01 2.7157328791e+06
9.8975481977e-01 2.7247143954e+06
9.8971193617e-01 2.7337514607e+06
9.8966890095e-01 2.7428436875e+06
9.8962571383e-01 2.7519891957e+06
9.8958237423e-01 2.7611839989e+06
9.8953888157e-01 2.7704222952e+06
9.8949523528e-01 2.7796990745e+06
9.8945143480e-01 2.7890071738e+06
9.8940747953e-01 2.7983404946e+06
9.8936336949e-01 2.8077040340e+06
9.8931910395e-01 2.8171091198e+06
9.8927468235e-01 2.8265550171e+06
9.8923010381e-01 2.8360442385e+06
9.8918536734e-01 2.8455778015e+06
9.8914047192e-01 2.8551545341e+06
9.8909541685e-01 2.8647713573e+06
9.8905020111e-01 2.8744247496e+06
9.8900482371e-01 2.8841125214e+06
9.8895928406e-01 2.8938312646e+06
9.8891358088e-01 2.9035785814e+06
9.8886771315e-01 2.9133527662e+06
9.8882168017e-01 2.9231530327e+06
9.8877548064e-01 2.9329798685e+06
9.8872911369e-01 2.9428342026e+06
9.8868257819e-01 2.9527165884e+06
9.8863587312e-01 2.9626238115e+06
9.8858899733e-01 2.9725509893e+06
9.8854194954e-01 2.9825009752e+06
9.8849472859e-01 2.9924714030e+06
9.8844733320e-01 3.0024632847e+06
9.8839976192e-01 3.0124719820e+06
9.8835201347e-01 3.0224891465e+06
9.8830408611e-01 3.0325163777e+06
9.8825597886e-01 3.0425584884e+06
9.8820768998e-01 3.0526224076e+06
9.8815921861e-01 3.0627156180e+06
9.8811056318e-01 3.0728357177e+06
9.8806172267e-01 3.0829818746e+06
9.8801269551e-01 3.0931508620e+06
9.8796348026e-01 3.1033335249e+06
9.8791407550e-01 3.1135231889e+06
9.8786447962e-01 3.1237122727e+06
9.8781469078e-01 3.1339082993e+06
9.8776470783e-01 3.1441212989e+06
9.8771452903e-01 3.1543587053e+06
9.8766415267e-01 3.1646263133e+06
9.8761357716e-01 3.1749109373e+06
9.8756280094e-01 3.1852093057e+06
9.8751182183e-01 3.1955182197e+06
9.8746063842e-01 3.2058371069e+06
9.8740924854e-01 3.2161574967e+06
9.8735765019e-01 3.2264789983e+06
9.8730584164e-01 3.2368099711e+06
9.8725382116e-01 3.2471563920e+06
9.8720158676e-01 3.2575226970e+06
9.8714913656e-01 3.2679004602e+06
9.8709646869e-01 3.2782799920e+06
9.8704358115e-01 3.2886567037e+06
9.8699047192e-01 3.2990273956e+06
9.8693713857e-01 3.3093902242e+06
9.8688357923e-01 3.3197466982e+06
9.8682979160e-01 3.3301062125e+06
9.8677577338e-01 3.3404744143e+06
9.8672152228e-01 3.3508469767e+06
9.8666703585e-01 3.3612139936e+06
9.8661231180e-01 3.3715755229e+06
9.8655734812e-01 3.3819387817e+06
9.8650214294e-01 3.3923100973e+06
9.8644669383e-01 3.4026771827e+06
9.8639099847e-01 3.4130378205e+06
9.8633505459e-01 3.4233973016e+06
9.8627885987e-01 3.4337552500e+06
9.8622241188e-01 3.4441159135e+06
9.8616570832e-01 3.4544806716e+06
9.8610874676e-01 3.4648526855e+06
9.8605152474e-01 3.4752333102e+06
9.8599403968e-01 3.4856097011e+06
9.8593628887e-01 3.4959782133e+06
9.8587826956e-01 3.5063407386e+06
9.8581997918e-01 3.5166973601e+06
9.8576141514e-01 3.5270497547e+06
9.8570257485e-01 3.5373988502e+06
9.8564345545e-01 3.5477446213e+06
9.8558405463e-01 3.5580843617e+06
9.8552436910e-01 3.5684035597e+06
9.8546439613e-01 3.5787020038e+06
9.8540413299e-01 3.5889821167e+06
9.8534357665e-01 3.5992484380e+06
9.8528272455e-01 3.6095048547e+06
9.8522157381e-01 3.6197574952e+06
9.8516012126e-01 3.6300109564e+06
9.8509836390e-01 3.6402553175e+06
9.8503629857e-01 3.6504817130e+06
9.8497392210e-01 3.6606951251e+06
9.8491123177e-01 3.6709010388e+06
9.8484822442e-01 3.6811026598e+06
9.8478489760e-01 3.6913054727e+06
9.8472124860e-01 3.7015142084e+06
9.8465727425e-01 3.7117236150e+06
9.8459297140e-01 3.7219236398e+06
9.8452833702e-01 3.7321150822e+06
9.8446336782e-01 3.7423022032e+06
9.8439806092e-01 3.7524862792e+06
9.8433241331e-01 3.7626710602e+06
9.8426642198e-01 3.7728578490e+06
9.8420008405e-01 3.7830363277e+06
9.8413339593e-01 3.7931982669e+06
9.8406635447e-01 3.8033484542e+06
9.8399895679e-01 3.8134950797e+06
9.8393119959e-01 3.8236436634e+06
9.8386307985e-01 3.8338035091e+06
9.8379459428e-01 3.8439804328e+06
9.8372573986e-01 3.8541639042e+06
9.8365651299e-01 3.8643490016e+06
9.8358691053e-01 3.8745333014e+06
9.8351692945e-01 3.8847170310e+06
9.8344656703e-01 3.8948999657e+06
9.8337582039e-01 3.9050834187e+06
9.8330468623e-01 3.9152632386e+06
9.8323316155e-01 3.9254341005e+06
9.8316124302e-01 3.9356029744e+06
9.8308892794e-01 3.9457783920e+06
9.8301621342e-01 3.9559664909e+06
9.8294309717e-01 3.9661734989e+06
9.8286957646e-01 3.9763985157e+06
9.8279564857e-01 3.9866242164e+06
9.8272131061e-01 3.9968549143e+06
9.8264656001e-01 4.0071017712e+06
9.8257139433e-01 4.0173717273e+06
9.8249581127e-01 4.0276715199e+06
9.8241980867e-01 4.0380033887e+06
9.8234338366e-01 4.0483458874e+06
9.8226653338e-01 4.0586999568e+06
9.8218925538e-01 4.0690716370e+06
9.8211154736e-01 4.0794701102e+06
9.8203340717e-01 4.0899032710e+06
9.8195483252e-01 4.1003760185e+06
9.8187582066e-01 4.1108700519e+06
9.8179636918e-01 4.1213916290e+06
9.8171647547e-01 4.1319498252e+06
9.8163613768e-01 4.1425511612e+06
9.8155535350e-01 4.1532051321e+06
9.8147412093e-01 4.1639138215e+06
9.8139243781e-01 4.1746691623e+06
9.8131030170e-01 4.1854649213e+06
9.8122771030e-01 4.1962978899e+06
9.8114466133e-01 4.2071620443e+06
9.8106115232e-01 4.2180502536e+06
9.8097718014e-01 4.2289515808e+06
9.8089274219e-01 4.2398721601e+06
9.8080783617e-01 4.2508262335e+06
9.8072246023e-01 4.2618286023e+06
9.8063661363e-01 4.2728946181e+06
9.8055029481e-01 4.2840263406e+06
9.8046350232e-01 4.2952037377e+06
9.8037623488e-01 4.3064343854e+06
9.8028849075e-01 4.3177253528e+06
9.8020026866e-01 4.3290824573e+06
9.8011156716e-01 4.3405120939e+06
9.8002238453e-01 4.3520071172e+06
9.7993271904e-01 4.3635648872e+06
9.7984257013e-01 4.3751839809e+06
9.7975193751e-01 4.3868656460e+06
9.7966082131e-01 4.3986084508e+06
9.7956922126e-01 4.4104116694e+06
9.7947713734e-01 4.4222772094e+06
9.7938456885e-01 4.4342082070e+06
9.7929151507e-01 4.4462102580e+06
9.7919797528e-01 4.4582835814e+06
9.7910394876e-01 4.4704280250e+06
9.7900943464e-01 4.4826413467e+06
9.7891443251e-01 4.4949218294e+06
9.7881894134e-01 4.5072663164e+06
9.7872296058e-01 4.5196746691e+06
9.7862648935e-01 4.5321455354e+06
9.7852952695e-01 4.5446787745e+06
9.7843207236e-01 4.5572744004e+06
9.7833412472e-01 4.5699334516e+06
9.7823568317e-01 4.5826580010e+06
9.7813674671e-01 4.5954510861e+06
9.7803731419e-01 4.6083108753e+06
9.7793738445e-01 4.6212353588e+06
9.7783695650e-01 4.6342209869e+06
9.7773602905e-01 4.6472651802e+06
9.7763460093e-01 4.6603643827e+06
9.7753267116e-01 4.6735159160e+06
9.7743023871e-01 4.6867160832e+06
9.7732730231e-01 4.6999634894e+06
9.7722386109e-01 4.7132645672e+06
9.7711991419e-01 4.7266180061e+06
9.7701546103e-01 4.7400245191e+06
9.7691050046e-01 4.7534927535e+06
9.7680503163e-01 4.7670224116e+06
9.7669905339e-01 4.7806148482e+06
9.7659256501e-01 4.7942679151e+06
9.7648556549e-01 4.8079825150e+06
9.7637805441e-01 4.8217608995e+06
9.7627003176e-01 4.8356156105e+06
9.7616149725e-01 4.8495458067e+06
9.7605245074e-01 4.8635508556e+06
9.7594289137e-01 4.8776251721e+06
9.7583281871e-01 4.8917679663e+06
9.7572223147e-01 4.9059763475e+06
9.7561112835e-01 4.9202457858e+06
9.7549950806e-01 4.9345740190e+06
9.7538737003e-01 4.9489771277e+06
9.7527471440e-01 4.9634685760e+06
9.7516154118e-01 4.9780428631e+06
9.7504784992e-01 4.9926982041e+06
9.7493364035e-01 5.0074289257e+06
9.7481891131e-01 5.0222328119e+06
9.7470366180e-01 5.0371020782e+06
9.7458789067e-01 5.0520343521e+06
9.7447159577e-01 5.0670231584e+06
9.7435477537e-01 5.0820639519e+06
9.7423742661e-01 5.0971484995e+06
9.7411954747e-01 5.1122714875e+06
9.7400113608e-01 5.1274536603e+06
9.7388219159e-01 5.1427061682e+06
9.7376271314e-01 5.1580274584e+06
9.7364269956e-01 5.1734107676e+06
9.7352214915e-01 5.1888545376e+06
9.7340106033e-01 5.2043542179e+06
9.7327943107e-01 5.2199031128e+06
9.7315725895e-01 5.2354991166e+06
9.7303454123e-01 5.2511366574e+06
9.7291127518e-01 5.2668095912e+06
9.7278745765e-01 5.2825135394e+06
9.7266308563e-01 5.2982548738e+06
9.7253815724e-01 5.3140479359e+06
9.7241267047e-01 5.3298890933e+06
9.7228662289e-01 5.3457774289e+06
9.7216001234e-01 5.3617114246e+06
9.7203283609e-01 5.3776851872e+06
9.7190509127e-01 5.3936958655e+06
9.7177677501e-01 5.4097392380e+06
9.7164788401e-01 5.4258132306e+06
9.7151841482e-01 5.4419119690e+06
9.7138836399e-01 5.4580314996e+06
9.7125772852e-01 5.4741751647e+06
9.7112650567e-01 5.4903467761e+06
9.7099469271e-01 5.5065444313e+06
9.7086228677e-01 5.5227735294e+06
9.7072928485e-01 5.5390301592e+06
9.7059568420e-01 5.5553169712e+06
9.7046148138e-01 5.5716346175e+06
9.7032667324e-01 5.5879858395e+06
9.7019125648e-01 5.6043694371e+06
9.7005522764e-01 5.6207865351e+06
9.6991858342e-01 5.6372339325e+06
9.6978132125e-01 5.6537089052e+06
9.6964343824e-01 5.6702126560e+06
9.6950493182e-01 5.6867474443e+06
9.6936579969e-01 5.7033124398e+06
9.6922603968e-01 5.7199135100e+06
9.6908564923e-01 5.7365579254e+06
9.6894462589e-01 5.7532514141e+06
9.6880296663e-01 5.7699903509e+06
9.6866066889e-01 5.7867785263e+06
9.6851772978e-01 5.8036149098e+06
9.6837414630e-01 5.8205006893e+06
9.6822991528e-01 5.8374352743e+06
9.6808503371e-01 5.8544191663e+06
9.6793949828e-01 5.8714524853e+06
9.6779330569e-01 5.8885330654e+06
9.6764645337e-01 5.9056612676e+06
9.6749893872e-01 5.9228364291e+06
9.6735075930e-01 5.9400577246e+06
9.6720191224e-01 5.9573264628e+06
9.6705239468e-01 5.9746401044e+06
9.6690220373e-01 5.9919992676e+06
9.6675133653e-01 6.0094009485e+06
9.6659978964e-01 6.0268478329e+06
9.6644756003e-01 6.0443362070e+06
9.6629464383e-01 6.0618668799e+06
9.6614103774e-01 6.0794379948e+06
9.6598673759e-01 6.0970468165e+06
9.6583173951e-01 6.1146940950e+06
9.6567603947e-01 6.1323778964e+06
9.6551963361e-01 6.1500970530e+06
9.6536251847e-01 6.1678519964e+06
9.6520469075e-01 6.1856430556e+06
9.6504614687e-01 6.2034700850e+06
9.6488688322e-01 6.2213314186e+06
9.6472689609e-01 6.2392284117e+06
9.6456618145e-01 6.2571607632e+06
9.6440473528e-01 6.2751268445e+06
9.6424255342e-01 6.2931270397e+06
9.6407963170e-01 6.3111610992e+06
9.6391596552e-01 6.3292256954e+06
9.6375155044e-01 6.3473218458e+06
9.6358638158e-01 6.3654475031e+06
9.6342045420e-01 6.3835944497e+06
9.6325376341e-01 6.4017618574e+06
9.6308630476e-01 6.4199465830e+06
9.6291807367e-01 6.4381543134e+06
9.6274906582e-01 6.4563842081e+06
9.6257927676e-01 6.4746392786e+06
9.6240870204e-01 6.4929203687e+06
9.6223733736e-01 6.5112302432e+06
9.6206517869e-01 6.5295712471e+06
9.6189222143e-01 6.5479469540e+06
9.6171846158e-01 6.5663574619e+06
9.6154389496e-01 6.5848052897e+06
9.6136851670e-01 6.6032891135e+06
9.6119232190e-01 6.6217827435e+06
9.6101530556e-01 6.6402911657e+06
9.6083746278e-01 6.6588212824e+06
9.6065878911e-01 6.6773737851e+06
9.6047927996e-01 6.6959539717e+06
9.6029893117e-01 6.7145692586e+06
9.6011773900e-01 6.7332219143e+06
9.5993569957e-01 6.7519189185e+06
9.5975280945e-01 6.7706673597e+06
9.5956906518e-01 6.7894698532e+06
9.5938446389e-01 6.8083331247e+06
9.5919900186e-01 6.8272490993e+06
9.5901267519e-01 6.8462008243e+06
9.5882548031e-01 6.8651925904e+06
9.5863741320e-01 6.8842228871e+06
9.5844847025e-01 6.9032960512e+06
9.5825864790e-01 6.9224101454e+06
9.5806794296e-01 6.9415666908e+06
9.5787635172e-01 6.9607720420e+06
9.5768387073e-01 6.9800302353e+06
9.5749049640e-01 6.9993401226e+06
9.5729622499e-01 7.0187066322e+06
9.5710105291e-01 7.0381229036e+06
9.5690497615e-01 7.0575871151e+06
9.5670799140e-01 7.0770977341e+06
9.5651009450e-01 7.0966571980e+06
9.5631128201e-01 7.1162653791e+06
9.5611154989e-01 7.1359225320e+06
9.5591089472e-01 7.1556311164e+06
9.5570931246e-01 7.1753899766e+06
9.5550679938e-01 7.1951999018e+06
9.5530335161e-01 7.2150636979e+06
9.5509896556e-01 7.2349758522e+06
9.5489363720e-01 7.2549371356e+06
9.5468736296e-01 7.2749429157e+06
9.5448013894e-01 7.2949958911e+06
9.5427196128e-01 7.3150925202e+06
9.5406282538e-01 7.3352357309e+06
9.5385272722e-01 7.3554229987e+06
9.5364166192e-01 7.3756541407e+06
9.5342962474e-01 7.3959314158e+06
9.5321661080e-01 7.4162531539e+06
9.5300261492e-01 7.4366141353e+06
9.5278763181e-01 7.4570095269e+06
9.5257165642e-01 7.4774386484e+06
9.5235468346e-01 7.4979012216e+06
9.5213670789e-01 7.5183980989e+06
9.5191772498e-01 7.5389295757e+06
9.5169772956e-01 7.5595004834e+06
9.5147671688e-01 7.5801077996e+06
9.5125468207e-01 7.6007548942e+06
9.5103162054e-01 7.6214416325e+06
9.5080752754e-01 7.6421709461e+06
9.5058239863e-01 7.6629452914e+06
9.5035622935e-01 7.6837632264e+06
9.5012901525e-01 7.7046288383e+06
9.4990075232e-01 7.7255441813e+06
9.4967143638e-01 7.7465125792e+06
9.4944106328e-01 7.7675349402e+06
9.4920962943e-01 7.7886132912e+06
9.4897713051e-01 7.8097472584e+06
9.4874356222e-01 7.8309191386e+06
9.4850891969e-01 7.8521268227e+06
9.4827319874e-01 7.8733727597e+06
9.4803639492e-01 7.8946578097e+06
9.4779850393e-01 7.9159853622e+06
9.4755952146e-01 7.9373596376e+06
9.4731944363e-01 7.9587797661e+06
9.4707826628e-01 7.9802491050e+06
9.4683598554e-01 8.0017701001e+06
9.4659259752e-01 8.0233459831e+06
9.4634809835e-01 8.0449782241e+06
9.4610248430e-01 8.0666678570e+06
9.4585575163e-01 8.0884211041e+06
9.4560789676e-01 8.1102362340e+06
9.4535891609e-01 8.1321190068e+06
9.4510880589e-01 8.1540667488e+06
9.4485756243e-01 8.1760826019e+06
9.4460518198e-01 8.1981495475e+06
9.4435166080e-01 8.2202689188e+06
9.4409699559e-01 8.2424417367e+06
9.4384118218e-01 8.2646673987e+06
9.4358421699e-01 8.2869440219e+06
9.4332609629e-01 8.3092737500e+06
9.4306681634e-01 8.3316540995e+06
9.4280637326e-01 8.3540859437e+06
9.4254476332e-01 8.3765695090e+06
9.4228198294e-01 8.3991033951e+06
9.4201802823e-01 8.4216895513e+06
9.4175289546e-01 8.4443290378e+06
9.4148658062e-01 8.4670246227e+06
9.4121907967e-01 8.4897748359e+06
9.4095038861e-01 8.5125808542e+06
9.4068050298e-01 8.5354436621e+06
9.4040941891e-01 8.5583613257e+06
9.4013713208e-01 8.5813330533e+06
9.3986363804e-01 8.6043619637e+06
9.3958893250e-01 8.6274433073e+06
9.3931301128e-01 8.6505827733e+06
9.3903586950e-01 8.6737782983e+06
9.3875750300e-01 8.6970283525e+06
9.3847790705e-01 8.7203339780e+06
9.3819707689e-01 8.7436967553e+06
9.3791500795e-01 8.7671144390e+06
9.3763169533e-01 8.7905875454e+06
9.3734713416e-01 8.8141170332e+06
9.3706131970e-01 8.8377033046e+06
9.3677424663e-01 8.8613360212e+06
9.3648590978e-01 8.8850106727e+06
9.3619630457e-01 8.9087253873e+06
9.3590542597e-01 8.9324826322e+06
9.3561326937e-01 8.9562818383e+06
9.3531982962e-01 8.9801260499e+06
9.3502510227e-01 9.0040105316e+06
9.3472908242e-01 9.0279437201e+06
9.3443176549e-01 9.0519208019e+06
9.3413314688e-01 9.0759418656e+06
9.3383322200e-01 9.1000151189e+06
9.3353198625e-01 9.1241354246e+06
9.3322943518e-01 9.1483049404e+06
9.3292556463e-01 9.1725257745e+06
9.3262037000e-01 9.1967991003e+06
9.3231384714e-01 9.2211280183e+06
9.3200599186e-01 9.2455130732e+06
9.3169680017e-01 9.2699525747e+06
9.3138626774e-01 9.2944521606e+06
9.3107439099e-01 9.3190138518e+06
9.3076116576e-01 9.3436365212e+06
9.3044658845e-01 9.3683245719e+06
9.3013065548e-01 9.3930773431e+06
9.2981336312e-01 9.4179004067e+06
9.2949470791e-01 9.4427938088e+06
9.2917468612e-01 9.4677588341e+06
9.2885329402e-01 9.4927812909e+06
9.2853052774e-01 9.5178558358e+06
9.2820638326e-01 9.5429821808e+06
9.2788085669e-01 9.5681625003e+06
9.2755394431e-01 9.5933944965e+06
9.2722564238e-01 9.6186820786e+06
9.2689594688e-01 9.6440220100e+06
9.2656485451e-01 9.6694158459e+06
9.2623236125e-01 9.6948649114e+06
9.2589846365e-01 9.7203707221e+06
9.2556315784e-01 9.7459283684e+06
9.2522644037e-01 9.7715448581e+06
9.2488830765e-01 9.7972182237e+06
9.2454875609e-01 9.8229507298e+06
9.2420778225e-01 9.8487416496e+06
9.2386538254e-01 9.8745916608e+06
9.2352155351e-01 9.9005037857e+06
9.2317629185e-01 9.9264771220e+06
9.2282959399e-01 9.9525139818e+06
9.2248145675e-01 9.9786159516e+06
9.2213187670e-01 1.0004782437e+07
9.2178085039e-01 1.0031015882e+07
9.2142837494e-01 1.0057319761e+07
9.2107444692e-01 1.0083682549e+07
9.2071906330e-01 1.0110110239e+07
9.2036222136e-01 1.0136595577e+07
9.2000391851e-01 1.0163144045e+07
9.1964415160e-01 1.0189749829e+07
9.1928291818e-01 1.0216417896e+07
9.1892021509e-01 1.0243148255e+07
9.1855603919e-01 1.0269943908e+07
9.1819038744e-01 1.0296801662e+07
9.1782325627e-01 1.0323721604e+07
9.1745464280e-01 1.0350702404e+07
9.1708454315e-01 1.0377746025e+07
9.1671295417e-01 1.0404852364e+07
9.1633987211e-01 1.0432019013e+07
9.1596529340e-01 1.0459245919e+07
9.1558921416e-01 1.0486531074e+07
9.1521163080e-01 1.0513879773e+07
9.1483253929e-01 1.0541287452e+07
9.1445193547e-01 1.0568751954e+07
9.1406981532e-01 1.0596275971e+07
9.1368617483e-01 1.0623858018e+07
9.1330101011e-01 1.0651494219e+07
9.1291431787e-01 1.0679189503e+07
9.1252609451e-01 1.0706940352e+07
9.1213633630e-01 1.0734746966e+07
9.1174504008e-01 1.0762608490e+07
9.1135220227e-01 1.0790526595e+07
9.1095781956e-01 1.0818504868e+07
9.1056188850e-01 1.0846538610e+07
9.1016440565e-01 1.0874626251e+07
9.0976536785e-01 1.0902774547e+07
9.0936477179e-01 1.0930977546e+07
9.0896261419e-01 1.0959242795e+07
9.0855889172e-01 1.0987563207e+07
9.0815360124e-01 1.1015944136e+07
9.0774673944e-01 1.1044381090e+07
9.0733830346e-01 1.1072881227e+07
9.0692828983e-01 1.1101438054e+07
9.0651669556e-01 1.1130056818e+07
9.0610351748e-01 1.1158727744e+07
9.0568875200e-01 1.1187449142e+07
9.0527239610e-01 1.1216221544e+07
9.0485444663e-01 1.1245046429e+07
9.0443490072e-01 1.1273926081e+07
9.0401375535e-01 1.1302859360e+07
9.0359100765e-01 1.1331849529e+07
9.0316665503e-01 1.1360899921e+07
9.0274069463e-01 1.1390008865e+07
9.0231312414e-01 1.1419176738e+07
9.0188394098e-01 1.1448408464e+07
9.0145314272e-01 1.1477706056e+07
9.0102072705e-01 1.1507068880e+07
9.0058669196e-01 1.1536497753e+07
9.0015103516e-01 1.1565997310e+07
8.9971375463e-01 1.1595567146e+07
8.9927484837e-01 1.1625208213e+07
8.9883431436e-01 1.1654920423e+07
8.9839215046e-01 1.1684692909e+07
8.9794835465e-01 1.1714526376e+07
8.9750292507e-01 1.1744422960e+07
8.9705585984e-01 1.1774379871e+07
8.9660715725e-01 1.1804399261e+07
8.9615681529e-01 1.1834478753e+07
8.9570483209e-01 1.1864619427e+07
8.9525120606e-01 1.1894823657e+07
8.9479593521e-01 1.1925089301e+07
8.9433901780e-01 1.1955415971e+07
8.9388045212e-01 1.1985802751e+07
8.9342023658e-01 1.2016254443e+07
8.9295836904e-01 1.2046764917e+07
8.9249484819e-01 1.2077336553e+07
8.9202967232e-01 1.2107970906e+07
8.9156283985e-01 1.2138668822e+07
8.9109434876e-01 1.2169426793e+07
8.9062419777e-01 1.2200246344e+07
8.9015238500e-01 1.2231129770e+07
8.8967890903e-01 1.2262073188e+07
8.8920376812e-01 1.2293081531e+07
8.8872696085e-01 1.2324146361e+07
8.8824848564e-01 1.2355278901e+07
8.8776834104e-01 1.2386472354e+07
8.8728652548e-01 1.2417733468e+07
8.8680303724e-01 1.2449058040e+07
8.8631787473e-01 1.2480448113e+07
8.8583103624e-01 1.2511907932e+07
8.8534252032e-01 1.2543431440e+07
8.8485232512e-01 1.2575020578e+07
8.8436044919e-01 1.2606676156e+07
8.8386689110e-01 1.2638389471e+07
8.8337164942e-01 1.2670163450e+07
8.8287472342e-01 1.2701995056e+07
8.8237611153e-01 1.2733891027e+07
8.8187581260e-01 1.2765844775e+07
8.8137382547e-01 1.2797857603e+07
8.8087014915e-01 1.2829929151e+07
8.8036478263e-01 1.2862060888e+07
8.7985772462e-01 1.2894251869e+07
8.7934897425e-01 1.2926505643e+07
8.7883853038e-01 1.2958816110e+07
8.7832639215e-01 1.2991185690e+07
8.7781255855e-01 1.3023616800e+07
8.7729702871e-01 1.3056109298e+07
8.7677980193e-01 1.3088660641e+07
8.7626087705e-01 1.3121273303e+07
8.7574025335e-01 1.3153945845e+07
8.7521793027e-01 1.3186679664e+07
8.7469390708e-01 1.3219478036e+07
8.7416818292e-01 1.3252335347e+07
8.7364075721e-01 1.3285256243e+07
8.7311162953e-01 1.3318239736e+07
8.7258079916e-01 1.3351286661e+07
8.7204826581e-01 1.3384397942e+07
8.7151402905e-01 1.3417575008e+07
8.7097808846e-01 1.3450815250e+07
8.7044044344e-01 1.3484115825e+07
8.6990109401e-01 1.3517476823e+07
8.6936004017e-01 1.3550893267e+07
8.6881728162e-01 1.3584370314e+07
8.6827281852e-01 1.3617902668e+07
8.6772665114e-01 1.3651493418e+07
8.6717877935e-01 1.3685145657e+07
8.6662920329e-01 1.3718858145e+07
8.6607792325e-01 1.3752630616e+07
8.6552493907e-01 1.3786459805e+07
8.6497025120e-01 1.3820352590e+07
8.6441385992e-01 1.3854305842e+07
8.6385576524e-01 1.3888321396e+07
8.6329596742e-01 1.3922401435e+07
8.6273446692e-01 1.3956538151e+07
8.6217126401e-01 1.3990743025e+07
8.6160635884e-01 1.4025009263e+07
8.6103975170e-01 1.4059340863e+07
8.6047144287e-01 1.4093731251e+07
8.5990143293e-01 1.4128190632e+07
8.5932972216e-01 1.4162712487e+07
8.5875631085e-01 1.4197300478e+07
8.5818119929e-01 1.4231952842e+07
8.5760438792e-01 1.4266672313e+07
8.5702587686e-01 1.4301454378e+07
8.5644566699e-01 1.4336295129e+07
8.5586375845e-01 1.4371199675e+07
8.5528015239e-01 1.4406159991e+07
8.5469484966e-01 1.4441181271e+07
8.5410785070e-01 1.4476261833e+07
8.5351915681e-01 1.4511404800e+07
8.5292876884e-01 1.4546603888e+07
8.5233668765e-01 1.4581862333e+07
8.5174291468e-01 1.4617181799e+07
8.5114745065e-01 1.4652560553e+07
8.5055029714e-01 1.4687995716e+07
8.4995145529e-01 1.4723493505e+07
8.4935092612e-01 1.4759050234e+07
8.4874871133e-01 1.4794664123e+07
8.4814481195e-01 1.4830338994e+07
8.4753922969e-01 1.4866076487e+07
8.4693196599e-01 1.4901867420e+07
8.4632302242e-01 1.4937721910e+07
8.4571240043e-01 1.4973634349e+07
8.4510010173e-01 1.5009609712e+07
8.4448612777e-01 1.5045644228e+07
8.4387047997e-01 1.5081739266e+07
8.4325315963e-01 1.5117888418e+07
8.4263416847e-01 1.5154092264e+07
8.4201350793e-01 1.5190348361e+07
8.4139118002e-01 1.5226664363e+07
8.4076718603e-01 1.5263035110e+07
8.4014152769e-01 1.5299461324e+07
8.3951420671e-01 1.5335948146e+07
8.3888522468e-01 1.5372486875e+07
8.3825458374e-01 1.5409091684e+07
8.3762228549e-01 1.5445753064e+07
8.3698833178e-01 1.5482476084e+07
8.3635272462e-01 1.5519258743e+07
8.3571546575e-01 1.5556104314e+07
8.3507655744e-01 1.5593013557e+07
8.3443600144e-01 1.5629989551e+07
8.3379379975e-01 1.5667028280e+07
8.3314995452e-01 1.5704131842e+07
8.3250446805e-01 1.5741304371e+07
8.3185734220e-01 1.5778546058e+07
8.3120857928e-01 1.5815854114e+07
8.3055818115e-01 1.5853220303e+07
8.2990615024e-01 1.5890648784e+07
8.2925248844e-01 1.5928138499e+07
8.2859719803e-01 1.5965689677e+07
8.2794028160e-01 1.6003296575e+07
8.2728174130e-01 1.6040967917e+07
8.2662157986e-01 1.6078700699e+07
8.2595979958e-01 1.6116494295e+07
8.2529640319e-01 1.6154349573e+07
8.2463139355e-01 1.6192259582e+07
8.2396477311e-01 1.6230237811e+07
8.2329654474e-01 1.6268277472e+07
8.2262671131e-01 1.6306374695e+07
8.2195527598e-01 1.6344535106e+07
8.2128224148e-01 1.6382758748e+07
8.2060761097e-01 1.6421046012e+07
8.1993138745e-01 1.6459398518e+07
8.1925357425e-01 1.6497812334e+07
8.1857417421e-01 1.6536287515e+07
8.1789319051e-01 1.6574824573e+07
8.1721062617e-01 1.6613420223e+07
8.1652648433e-01 1.6652076564e+07
8.1584076815e-01 1.6690793437e+07
8.1515348095e-01 1.6729567677e+07
8.1446462573e-01 1.6768405394e+07
8.1377420579e-01 1.6807307162e+07
8.1308222402e-01 1.6846265976e+07
8.1238868399e-01 1.6885288587e+07
8.1169358873e-01 1.6924375115e+07
8.1099694167e-01 1.6963519915e+07
8.1029874598e-01 1.7002725377e+07
8.0959900496e-01 1.7041996352e+07
8.0889772206e-01 1.7081331001e+07
8.0819490043e-01 1.7120729839e+07
8.0749054352e-01 1.7160189152e+07
8.0678465478e-01 1.7199712832e+07
8.0607723764e-01 1.7239298434e+07
8.0536829557e-01 1.7278947592e+07
8.0465783200e-01 1.7318661590e+07
8.0394585067e-01 1.7358439627e+07
8.0323235502e-01 1.7398281768e+07
8.0251734878e-01 1.7438186849e+07
8.0180083555e-01 1.7478156353e+07
8.0108281906e-01 1.7518185936e+07
8.0036330304e-01 1.7558279822e+07
7.9964229165e-01 1.7598439017e+07
7.9891978863e-01 1.7638654472e+07
7.9819579829e-01 1.7678935467e+07
7.9747032436e-01 1.7719276387e+07
7.9674337099e-01 1.7759677375e+07
7.9601494208e-01 1.7800136191e+07
7.9528504163e-01 1.7840655283e+07
7.9455367353e-01 1.7881232127e+07
7.9382084180e-01 1.7921870667e+07
7.9308655045e-01 1.7962562454e+07
7.9235080336e-01 1.8003319997e+07
7.9161360470e-01 1.8044130335e+07
7.9087495820e-01 1.8085002692e+07
7.9013486774e-01 1.8125930280e+07
7.8939333733e-01 1.8166919238e+07
7.8865037085e-01 1.8207962698e+07
7.8790597204e-01 1.8249068236e+07
7.8716014491e-01 1.8290232689e+07
7.8641289277e-01 1.8331457920e+07
7.8566421950e-01 1.8372742744e+07
7.8491412883e-01 1.8414085164e+07
7.8416262448e-01 1.8455482091e+07
7.8340971020e-01 1.8496942458e+07
7.8265538972e-01 1.8538463735e+07
7.8189966734e-01 1.8580038317e+07
7.8114254694e-01 1.8621675931e+07
7.8038403268e-01 1.8663367990e+07
7.7962412874e-01 1.8705118755e+07
7.7886283941e-01 1.8746930411e+07
7.7810016886e-01 1.8788801695e+07
7.7733612082e-01 1.8830731790e+07
7.7657069974e-01 1.8872717197e+07
7.7580390965e-01 1.8914767939e+07
7.7503575471e-01 1.8956876635e+07
7.7426623936e-01 1.8999043809e+07
7.7349536763e-01 1.9041272799e+07
7.7272314383e-01 1.9083562507e+07
7.7194957197e-01 1.9125915716e+07
7.7117465651e-01 1.9168326984e+07
7.7039840161e-01 1.9210797811e+07
7.6962081129e-01 1.9253330961e+07
7.6884189029e-01 1.9295924446e+07
7.6806164235e-01 1.9338581102e+07
7.6728007204e-01 1.9381296879e+07
7.6649718327e-01 1.9424077636e+07
7.6571298060e-01 1.9466917506e+07
7.6492746822e-01 1.9509818918e+07
7.6414065043e-01 1.9552784398e+07
7.6335253139e-01 1.9595809891e+07
7.6256311542e-01 1.9638900158e+07
7.6177240666e-01 1.9682049744e+07
7.6098040943e-01 1.9725262258e+07
7.6018712819e-01 1.9768534686e+07
7.5939256681e-01 1.9811870463e+07
7.5859672973e-01 1.9855266572e+07
7.5779962113e-01 1.9898730637e+07
7.5700124516e-01 1.9942251233e+07
7.5620160614e-01 1.9985829478e+07
7.5540070822e-01 2.0029474907e+07
7.5459855587e-01 2.0073171736e+07
7.5379515352e-01 2.0116928137e+07
7.5299050564e-01 2.0160740493e+07
7.5218461652e-01 2.0204616742e+07
7.5137749048e-01 2.0248547787e+07
7.5056913196e-01 2.0292539950e+07
7.4975954557e-01 2.0336590807e+07
7.4894873560e-01 2.0380698710e+07
7.4813670680e-01 2.0424865839e+07
7.4732346333e-01 2.0469092394e+07
7.4650900964e-01 2.0513380218e+07
7.4569335061e-01 2.0557724771e+07
7.4487649027e-01 2.0602132739e+07
7.4405843334e-01 2.0646596905e+07
7.4323918414e-01 2.0691125195e+07
7.4241874713e-01 2.0735712552e+07
7.4159712717e-01 2.0780360638e+07
7.4077432844e-01 2.0825065973e+07
7.3995035581e-01 2.0869839606e+07
7.3912521346e-01 2.0914668212e+07
7.3829890596e-01 2.0959560351e+07
7.3747143793e-01 2.1004513833e+07
7.3664281381e-01 2.1049530153e+07
7.3581303833e-01 2.1094606924e+07
7.3498211595e-01 2.1139753879e+07
7.3415005127e-01 2.1184954829e+07
7.3331684858e-01 2.1230220292e+07
7.3248251264e-01 2.1275550449e+07
7.3164704788e-01 2.1320946451e+07
7.3081045891e-01 2.1366404960e+07
7.2997275046e-01 2.1411921293e+07
7.2913392713e-01 2.1457499381e+07
7.2829399337e-01 2.1503140342e+07
7.2745295391e-01 2.1548844051e+07
7.2661081349e-01 2.1594600151e+07
7.2576757657e-01 2.1640418553e+07
7.2492324788e-01 2.1686299093e+07
7.2407783202e-01 2.1732235817e+07
7.2323133372e-01 2.1778234635e+07
7.2238375716e-01 2.1824293876e+07
7.2153510749e-01 2.1870413769e+07
7.2068538902e-01 2.1916587498e+07
7.1983460650e-01 2.1962827995e+07
7.1898276466e-01 2.2009126978e+07
7.1812986781e-01 2.2055486470e+07
7.1727592069e-01 2.2101906084e+07
7.1642092774e-01 2.2148390179e+07
7.1556489342e-01 2.2194936903e+07
7.1470782218e-01 2.2241544765e+07
7.1384971848e-01 2.2288213700e+07
7.1299058675e-01 2.2334947372e+07
7.1213042672e-01 2.2381742380e+07
7.1126924197e-01 2.2428601045e+07
7.1040762864e-01 2.2473331607e+07
7.0954805383e-01 2.2515441723e+07
7.0869075617e-01 2.2556835042e+07
7.0783074919e-01 2.2597895392e+07
7.0696480842e-01 2.2638774030e+07
7.0609321613e-01 2.2679438014e+07
7.0521617347e-01 2.2719979537e+07
7.0433394794e-01 2.2760425521e+07
7.0344685468e-01 2.2800716104e+07
7.0255505579e-01 2.2840764457e+07
7.0165859550e-01 2.2880600600e+07
7.0075757330e-01 2.2920306136e+07
6.9985217312e-01 2.2959873120e+07
6.9894258162e-01 2.2999216154e+07
6.9802895284e-01 2.3038326616e+07
6.9711142951e-01 2.3077273639e+07
6.9619015434e-01 2.3116121400e+07
6.9526525354e-01 2.3154794802e+07
6.9433683321e-01 2.3193272278e+07
6.9340500132e-01 2.3231591445e+07
6.9246987532e-01 2.3269801085e+07
6.9153156850e-01 2.3307887764e+07
6.9059018551e-01 2.3345820978e+07
6.8964583017e-01 2.3383625993e+07
6.8869860557e-01 2.3421316532e+07
6.8774860834e-01 2.3458880306e+07
6.8679592935e-01 2.3496309701e+07
6.8584065706e-01 2.3533636413e+07
6.8488287430e-01 2.3570860801e+07
6.8392265804e-01 2.3607993315e+07
6.8296008711e-01 2.3645024153e+07
6.8199524519e-01 2.3681950162e+07
6.8102821544e-01 2.3718795026e+07
6.8005908155e-01 2.3755556693e+07
6.7908792622e-01 2.3792233117e+07
6.7811481766e-01 2.3828833264e+07
6.7713980899e-01 2.3865359707e+07
6.7616294644e-01 2.3901810216e+07
6.7518427208e-01 2.3938190546e+07
6.7420382352e-01 2.3974503080e+07
6.7322163523e-01 2.4010753246e+07
6.7223773721e-01 2.4046932981e+07
6.7125215703e-01 2.4083047975e+07
6.7026491939e-01 2.4119109103e+07
6.6927604783e-01 2.4155110987e+07
6.6828556489e-01 2.4191043726e+07
6.6729349254e-01 2.4226928218e+07
6.6629985405e-01 2.4262751741e+07
6.6530467381e-01 2.4298522576e+07
6.6430797782e-01 2.4334234934e+07
6.6330979493e-01 2.4369894739e+07
6.6231015531e-01 2.4405505581e+07
6.6130909182e-01 2.4441063362e+07
6.6030663935e-01 2.4476576420e+07
6.5930283453e-01 2.4512034733e+07
6.5829771525e-01 2.4547447971e+07
6.5729132013e-01 2.4582819135e+07
6.5628368838e-01 2.4618141432e+07
6.5527485918e-01 2.4653423989e+07
6.5426487174e-01 2.4688657906e+07
6.5325376468e-01 2.4723853828e+07
6.5224157619e-01 2.4759006184e+07
6.5122834303e-01 2.4794121799e+07
6.5021410166e-01 2.4829199899e+07
6.4919888726e-01 2.4864240778e+07
6.4818273459e-01 2.4899245384e+07
6.4716567693e-01 2.4934217425e+07
6.4614774719e-01 2.4969153240e+07
6.4512897708e-01 2.5004057437e+07
6.4410939935e-01 2.5038930086e+07
6.4308904759e-01 2.5073768300e+07
6.4206795037e-01 2.5108569953e+07
6.4104613052e-01 2.5143344208e+07
6.4002360872e-01 2.5178084302e+07
6.3900040578e-01 2.5212794020e+07
6.3797654296e-01 2.5247469552e+07
6.3695204108e-01 2.5282111065e+07
6.3592692080e-01 2.5316727378e+07
6.3490120310e-01 2.5351309370e+07
6.3387490864e-01 2.5385853570e+07
6.3284805811e-01 2.5420368996e+07
6.3182067174e-01 2.5454854493e+07
6.3079276964e-01 2.5489307252e+07
6.2976437162e-01 2.5523733527e+07
6.2873549721e-01 2.5558122720e+07
6.2770616565e-01 2.5592486801e+07
6.2667639589e-01 2.5626819793e+07
6.2564620673e-01 2.5661123434e+07
6.2461561685e-01 2.5695395939e+07
6.2358464419e-01 2.5729648363e+07
6.2255330670e-01 2.5763868017e+07
6.2152162232e-01 2.5798066700e+07
6.2048960858e-01 2.5832235139e+07
6.1945728270e-01 2.5866383359e+07
6.1842466176e-01 2.5900508706e+07
6.1739176329e-01 2.5934612662e+07
6.1635860480e-01 2.5968692599e+07
6.1532520337e-01 2.6002758332e+07
6.1429157423e-01 2.6036797923e+07
6.1325773087e-01 2.6070827750e+07
6.1222368622e-01 2.6104833988e+07
6.1118945319e-01 2.6138818410e+07
6.1015504427e-01 2.6172791887e+07
6.0912047096e-01 2.6206754621e+07
6.0808574546e-01 2.6240692047e+07
6.0705087940e-01 2.6274629540e+07
6.0601588354e-01 2.6308548529e+07
6.0498076937e-01 2.6342454584e+07
6.0394554752e-01 2.6376351229e+07
6.0291022861e-01 2.6410239026e+07
6.0187482341e-01 2.6444113005e+07
6.0083934197e-01 2.6477988053e+07
5.9980379434e-01 2.6511851502e+07
5.9876819071e-01 2.6545706185e+07
5.9773254085e-01 2.6579555739e+07
5.9669685453e-01 2.6613398607e+07
5.9566114149e-01 2.6647240865e+07
5.9462541094e-01 2.6681072606e+07
5.9358967236e-01 2.6714904558e+07
5.9255393506e-01 2.6748730344e+07
5.9151820839e-01 2.6782557490e+07
5.9048250139e-01 2.6816384341e+07
5.8944682296e-01 2.6850204528e+07
5.8841118243e-01 2.6884026491e+07
5.8737558871e-01 2.6917853812e+07
5.8634005070e-01 2.6951681304e+07
5.8530457701e-01 2.6985520255e+07
5.8426917612e-01 2.7019357681e+07
5.8323385664e-01 2.7053212376e+07
5.8219862674e-01 2.7087066131e+07
5.8116349563e-01 2.7120929796e+07
5.8012847120e-01 2.7154804850e+07
5.7909356206e-01 2.7188690716e+07
5.7805877683e-01 2.7222582153e+07
5.7702412369e-01 2.7256484567e+07
5.7598961097e-01 2.7290407663e+07
5.7495524714e-01 2.7324332869e+07
5.7392104053e-01 2.7358273881e+07
5.7288699975e-01 2.7392231057e+07
5.7185313299e-01 2.7426199735e+07
5.7081944901e-01 2.7460174841e+07
5.6978595612e-01 2.7494175738e+07
5.6875266310e-01 2.7528185244e+07
5.6771957840e-01 2.7562217114e+07
5.6668671051e-01 2.7596256867e+07
5.6565406862e-01 2.7630320140e+07
5.6462166104e-01 2.7664399536e+07
5.6358949668e-01 2.7698499357e+07
5.6255758459e-01 2.7732614939e+07
5.6152593381e-01 2.7766747726e+07
5.6049455368e-01 2.7800905688e+07
5.5946345294e-01 2.7835083376e+07
5.5843263908e-01 2.7869280192e+07
5.5740211970e-01 2.7903497900e+07
5.5637190255e-01 2.7937738778e+07
5.5534199567e-01 2.7972004500e+07
5.5431240652e-01 2.8006290400e+07
5.5328314330e-01 2.8040602227e+07
5.5225421390e-01 2.8074944375e+07
5.5122562679e-01 2.8109302359e+07
5.5019739030e-01 2.8143688487e+07
5.4916951275e-01 2.8178095256e+07
5.4814200247e-01 2.8212527131e+07
5.4711486794e-01 2.8246986173e+07
5.4608811763e-01 2.8281471908e+07
5.4506175999e-01 2.8315979581e+07
5.4403580366e-01 2.8350521804e+07
5.4301025696e-01 2.8385086938e+07
5.4198512836e-01 2.8419682729e+07
5.4096042632e-01 2.8454305426e+07
5.3993615948e-01 2.8488954183e+07
5.3891233614e-01 2.8523632386e+07
5.3788896465e-01 2.8558338190e+07
5.3686605332e-01 2.8593078832e+07
5.3584361034e-01 2.8627845860e+07
5.3482164433e-01 2.8662636850e+07
5.3380016318e-01 2.8697467084e+07
5.3277917523e-01 2.8732317425e+07
5.3175868836e-01 2.8767197038e+07
5.3073871062e-01 2.8802108869e+07
5.2971925004e-01 2.8837045771e+07
5.2870031454e-01 2.8872020984e+07
5.2768191156e-01 2.8907019518e+07
5.2666404886e-01 2.8942058348e+07
5.2564673335e-01 2.8977131710e+07
5.2462997276e-01 2.9012235302e+07
5.2361377370e-01 2.9047374423e+07
5.2259814350e-01 2.9082548776e+07
5.2158308891e-01 2.9117765462e+07
5.2056861638e-01 2.9153005342e+07
5.1955473238e-01 2.9188296577e+07
5.1854144336e-01 2.9223609232e+07
5.1752875565e-01 2.9258960939e+07
5.1651667513e-01 2.9294351752e+07
5.1550520783e-01 2.9329773533e+07
5.1449435965e-01 2.9365231534e+07
5.1348413602e-01 2.9400730665e+07
5.1247454213e-01 2.9436264381e+07
5.1146558314e-01 2.9471834894e+07
5.1045726451e-01 2.9507442966e+07
5.0944959069e-01 2.9543081148e+07
5.0844256655e-01 2.9578762746e+07
5.0743619656e-01 2.9614475646e+07
5.0643048502e-01 2.9650234141e+07
5.0542543581e-01 2.9686013356e+07
5.0442105322e-01 2.9721847271e+07
5.0341734072e-01 2.9757712831e+07
5.0241430188e-01 2.9793615276e+07
5.0141194016e-01 2.9829554678e+07
5.0041025857e-01 2.9865536268e+07
4.9940926012e-01 2.9901555219e+07
4.9840894768e-01 2.9937608385e+07
4.9740932385e-01 2.9973708018e+07
4.9641039063e-01 3.0009835687e+07
4.9541214960e-01 3.0046021239e+07
4.9441460176e-01 3.0082232342e+07
4.9341774826e-01 3.0118481494e+07
4.9242158969e-01 3.0154777456e+07
4.9142612689e-01 3.0191110609e+07
4.9043136016e-01 3.0227485828e+07
4.8943728978e-01 3.0263900240e+07
4.8844391604e-01 3.0300358561e+07
4.8745123923e-01 3.0336855615e+07
4.8645925935e-01 3.0373392126e+07
4.8546797610e-01 3.0409972371e+07
4.8447738950e-01 3.0446598780e+07
4.8348749926e-01 3.0483263969e+07
4.8249830493e-01 3.0519968216e+07
4.8150980610e-01 3.0556727371e+07
4.8052200247e-01 3.0593517138e+07
4.7953489318e-01 3.0630362971e+07
4.7854847767e-01 3.0667242775e+07
4.7756275563e-01 3.0704168470e+07
4.7657772608e-01 3.0741144643e+07
4.7559338857e-01 3.0778160196e+07
4.7460974238e-01 3.0815220936e+07
4.7362678695e-01 3.0852324148e+07
4.7264452099e-01 3.0889470754e+07
4.7166294290e-01 3.0926670668e+07
4.7068205040e-01 3.0963917648e+07
4.6970184133e-01 3.1001217479e+07
4.6872231354e-01 3.1038568267e+07
4.6774346416e-01 3.1075973381e+07
4.6676529103e-01 3.1113425760e+07
4.6578779171e-01 3.1150930374e+07
4.6481096347e-01 3.1188489433e+07
4.6383480359e-01 3.1226102515e+07
4.6285930948e-01 3.1263762911e+07
4.6188447827e-01 3.1301477094e+07
4.6091030723e-01 3.1339249529e+07
4.5993679321e-01 3.1377075046e+07
4.5896393361e-01 3.1414952768e+07
4.5799172500e-01 3.1452886046e+07
4.5702016435e-01 3.1490872966e+07
4.5604924866e-01 3.1528919310e+07
4.5507897447e-01 3.1567025042e+07
4.5410933892e-01 3.1605177146e+07
4.5314033870e-01 3.1643392980e+07
4.5217197037e-01 3.1681657580e+07
4.5120423048e-01 3.1719985300e+07
4.5023711587e-01 3.1758376866e+07
4.4927062310e-01 3.1796816487e+07
4.4830474886e-01 3.1835317473e+07
4.4733948985e-01 3.1873878861e+07
4.4637484249e-01 3.1912492125e+07
4.4541080361e-01 3.1951168409e+07
4.4444736991e-01 3.1989899715e+07
4.4348453780e-01 3.2028697819e+07
4.4252230370e-01 3.2067550563e+07
4.4156066430e-01 3.2106459947e+07
4.4059961629e-01 3.2145432907e+07
4.3963915609e-01 3.2184465229e+07
4.3867927997e-01 3.2223556637e+07
4.3771998476e-01 3.2262710550e+07
4.3676126703e-01 3.2301928815e+07
4.3580312318e-01 3.2341205812e+07
4.3484554976e-01 3.2380547094e+07
4.3388854319e-01 3.2419943175e+07
4.3293210016e-01 3.2459408595e+07
4.3197621723e-01 3.2498933590e+07
4.3102089066e-01 3.2538527338e+07
4.3006611687e-01 3.2578179895e+07
4.2911189284e-01 3.2617893267e+07
4.2815821498e-01 3.2657673714e+07
4.2720507985e-01 3.2697522350e+07
4.2625248385e-01 3.2737431481e+07
4.2530042383e-01 3.2777409710e+07
4.2434889620e-01 3.2817445008e+07
4.2339789808e-01 3.2857550850e+07
4.2244742589e-01 3.2897717948e+07
4.2149747617e-01 3.2937958021e+07
4.2054804607e-01 3.2978264240e+07
4.1959913199e-01 3.3018631003e+07
4.1865072861e-01 3.3059060789e+07
4.1770283609e-01 3.3099578221e+07
4.1675548370e-01 3.3140155441e+07
4.1580863929e-01 3.3180812361e+07
4.1486196761e-01 3.3221560401e+07
4.1391532063e-01 3.3262407282e+07
4.1297058725e-01 3.3303258733e+07
4.1203181623e-01 3.3343954394e+07
4.1110014372e-01 3.3384435069e+07
4.1016994517e-01 3.3424946812e+07
4.0923451321e-01 3.3465788502e+07
4.0829335737e-01 3.3506971322e+07
4.0735029466e-01 3.3548346152e+07
4.0640786112e-01 3.3589785803e+07
4.0546628157e-01 3.3631283361e+07
4.0452521489e-01 3.3672861119e+07
4.0358457507e-01 3.3714508990e+07
4.0264438780e-01 3.3756239303e+07
4.0170465855e-01 3.3798055687e+07
4.0076538156e-01 3.3839949556e+07
3.9982655341e-01 3.3881913003e+07
3.9888817134e-01 3.3923969836e+07
3.9795023251e-01 3.3966087569e+07
3.9701273417e-01 3.4008294414e+07
3.9607567375e-01 3.4050578690e+07
3.9513904851e-01 3.4092947256e+07
3.9420285601e-01 3.4135381397e+07
3.9326709382e-01 3.4177904325e+07
3.9233175978e-01 3.4220491260e+07
3.9139685115e-01 3.4263167249e+07
3.9046236551e-01 3.4305921892e+07
3.8952830085e-01 3.4348754531e+07
3.8859465485e-01 3.4391667366e+07
3.8766142494e-01 3.4434652133e+07
3.8672860912e-01 3.4477719273e+07
3.8579620478e-01 3.4520866253e+07
3.8486421022e-01 3.4564088226e+07
3.8393262299e-01 3.4607400395e+07
3.8300144094e-01 3.4650780099e+07
3.8207066191e-01 3.4694240002e+07
3.8114028375e-01 3.4737790843e+07
3.8021030445e-01 3.4781415186e+07
3.7928072171e-01 3.4825117933e+07
3.7835153338e-01 3.4868911506e+07
3.7742273745e-01 3.4912782474e+07
3.7649433162e-01 3.4956739373e+07
3.7556631360e-01 3.5000783580e+07
3.7463868108e-01 3.5044904400e+07
3.7371143220e-01 3.5089109783e+07
3.7278456467e-01 3.5133411502e+07
3.7185807633e-01 3.5177788525e+07
3.7093196516e-01 3.5222253800e+07
3.7000622888e-01 3.5266809704e+07
3.6908086590e-01 3.5311429333e+07
3.6815587378e-01 3.5356157968e+07
3.6723125066e-01 3.5400966958e+07
3.6630699453e-01 3.5445864663e+07
3.6538310308e-01 3.5490858801e+07
3.6445957416e-01 3.5535948642e+07
3.6353640534e-01 3.5581122084e+07
3.6261359461e-01 3.5626399373e+07
3.6169113937e-01 3.5671765327e+07
3.6076903734e-01 3.5717229773e+07
3.5984728664e-01 3.5762791622e+07
3.5892588469e-01 3.5808445811e+07
3.5800482905e-01 3.5854201676e+07
3.5708411714e-01 3.5900052063e+07
3.5616374680e-01 3.5945998022e+07
3.5524371544e-01 3.5992048112e+07
3.5432402078e-01 3.6038186763e+07
3.5340466008e-01 3.6084429398e+07
3.5248563090e-01 3.6130766361e+07
3.5156693095e-01 3.6177208830e+07
3.5064855763e-01 3.6223741692e+07
3.4973050823e-01 3.6270389525e+07
3.4881278088e-01 3.6317118857e+07
3.4789537327e-01 3.6363960223e+07
3.4697828383e-01 3.6410896982e+07
3.4606151012e-01 3.6457934430e+07
3.4514504883e-01 3.6505071987e+07
3.4422889567e-01 3.6552308621e+07
3.4331304674e-01 3.6599661250e+07
3.4239749890e-01 3.6647099868e+07
3.4148224898e-01 3.6694644962e+07
3.4056729340e-01 3.6742295261e+07
3.3965262828e-01 3.6790045375e+07
3.3873824930e-01 3.6837904961e+07
3.3782415189e-01 3.6885864058e+07
3.3691033100e-01 3.6933930757e+07
3.3599678162e-01 3.6982095552e+07
3.3508349829e-01 3.7030366902e+07
3.3417047527e-01 3.7078743137e+07
3.3325770667e-01 3.7127235749e+07
3.3234518560e-01 3.7175825964e+07
3.3143290530e-01 3.7224519914e+07
3.3052085832e-01 3.7273324101e+07
3.2960903691e-01 3.7322238590e+07
3.2869743229e-01 3.7371250868e+07
3.2778603572e-01 3.7420383724e+07
3.2687483686e-01 3.7469629770e+07
3.2596382551e-01 3.7518978686e+07
3.2505299019e-01 3.7568431594e+07
3.2414231911e-01 3.7618002635e+07
3.2323179894e-01 3.7667682851e+07
3.2232141589e-01 3.7717470964e+07
3.2141115474e-01 3.7767377477e+07
3.2050099868e-01 3.7817403145e+07
3.1959093021e-01 3.7867538093e+07
3.1868093036e-01 3.7917793914e+07
3.1777097891e-01 3.7968161455e+07
3.1686105372e-01 3.8018650392e+07
3.1595113113e-01 3.8069250297e+07
3.1504118613e-01 3.8119992415e+07
3.1413119117e-01 3.8170853554e+07
3.1322111710e-01 3.8221862067e+07
3.1231093189e-01 3.8272994196e+07
3.1140060182e-01 3.8324267348e+07
3.1049009055e-01 3.8375684245e+07
3.0957935961e-01 3.8427234934e+07
3.0866836764e-01 3.8478933981e+07
3.0775707029e-01 3.8530784426e+07
3.0684542102e-01 3.8582781293e+07
3.0593336973e-01 3.8634934072e+07
3.0502086416e-01 3.8687241336e+07
3.0410784847e-01 3.8739716553e+07
3.0319426448e-01 3.8792360008e+07
3.0228005134e-01 3.8845161092e+07
3.0136514558e-01 3.8898141291e+07
3.0044948159e-01 3.8951314216e+07
2.9953299173e-01 3.9004661095e+07
2.9861560724e-01 3.9058194899e+07
2.9769725876e-01 3.9111926372e+07
2.9677787681e-01 3.9165849876e+07
2.9585739290e-01 3.9219991389e+07
2.9493574084e-01 3.9274333828e+07
2.9401285803e-01 3.9328899407e+07
2.9308868675e-01 3.9383680459e+07
2.9216317646e-01 3.9438681012e+07
2.9123628552e-01 3.9493914461e+07
2.9030798307e-01 3.9549384225e+07
2.8937825187e-01 3.9605083217e+07
2.8844709006e-01 3.9661014050e+07
2.8751451444e-01 3.9717188496e+07
2.8658056219e-01 3.9773590093e+07
2.8564529305e-01 3.9830231167e+07
2.8470879171e-01 3.9887096427e+07
2.8377116875e-01 3.9944184632e+07
2.8283256127e-01 4.0001480269e+07
2.8189313310e-01 4.0058999550e+07
2.8095307376e-01 4.0116700118e+07
2.8001259676e-01 4.0174578057e+07
2.7907193597e-01 4.0232626101e+07
2.7813134209e-01 4.0290838692e+07
2.7719107801e-01 4.0349169317e+07
2.7625141236e-01 4.0407616834e+07
2.7531261406e-01 4.0466163293e+07
2.7437494501e-01 4.0524787573e+07
2.7343865503e-01 4.0583480484e+07
2.7250397484e-01 4.0642214406e+07
2.7157111163e-01 4.0700975436e+07
2.7064024444e-01 4.0759749823e+07
2.6971152045e-01 4.0818529535e+07
2.6878505393e-01 4.0877298324e+07
2.6786092486e-01 4.0936059089e+07
2.6693917803e-01 4.0994786447e+07
2.6601982351e-01 4.1053494058e+07
2.6510283888e-01 4.1112158969e+07
2.6418817462e-01 4.1170815502e+07
2.6327575592e-01 4.1229444470e+07
2.6236548772e-01 4.1288061183e+07
2.6145725863e-01 4.1346662161e+07
2.6055094357e-01 4.1405264028e+07
2.5964640931e-01 4.1463861475e+07
2.5874351673e-01 4.1522475295e+07
2.5784212467e-01 4.1581095340e+07
2.5694209331e-01 4.1639743427e+07
2.5604328566e-01 4.1698409845e+07
2.5514557050e-01 4.1757119531e+07
2.5424882406e-01 4.1815865720e+07
2.5335293104e-01 4.1874662016e+07
2.5245778578e-01 4.1933514591e+07
2.5156329294e-01 4.1992420903e+07
2.5066936723e-01 4.2051386164e+07
2.4977593414e-01 4.2110412111e+07
2.4888292963e-01 4.2169505967e+07
2.4799029928e-01 4.2228679868e+07
2.4709799816e-01 4.2287905464e+07
2.4620598864e-01 4.2347203637e+07
2.4531423914e-01 4.2406587824e+07
2.4442272512e-01 4.2466032067e+07
2.4353142846e-01 4.2525548904e+07
2.4264033670e-01 4.2585135268e+07
2.4174944235e-01 4.2644794769e+07
2.4085874256e-01 4.2704518280e+07
2.3996823802e-01 4.2764312973e+07
2.3907793206e-01 4.2824169089e+07
2.3818783185e-01 4.2884082057e+07
2.3729794614e-01 4.2944060492e+07
2.3640828541e-01 4.3004087094e+07
2.3551886217e-01 4.3064172463e+07
2.3462968990e-01 4.3124316472e+07
2.3374078339e-01 4.3184501135e+07
2.3285215829e-01 4.3244731573e+07
2.3196383127e-01 4.3305016095e+07
2.3107581925e-01 4.3365319630e+07
2.3018814048e-01 4.3425677306e+07
2.2930081333e-01 4.3486062618e+07
2.2841385704e-01 4.3546474250e+07
2.2752729114e-01 4.3606917043e+07
2.2664113602e-01 4.3667375422e+07
2.2575541235e-01 4.3727858748e+07
2.2487014138e-01 4.3788358093e+07
2.2398534537e-01 4.3848870828e+07
2.2310104671e-01 4.3909380271e+07
2.2221726809e-01 4.3969903998e+07
2.2133403364e-01 4.4030417934e+07
2.2045136746e-01 4.4090930725e+07
2.1956929441e-01 4.4151431890e+07
2.1868784032e-01 4.4211920813e+07
2.1780703175e-01 4.4272390716e+07
2.1692689528e-01 4.4332832205e+07
2.1604745875e-01 4.4393254712e+07
2.1516875030e-01 4.4453623374e+07
2.1429079951e-01 4.4513971511e+07
2.1341363611e-01 4.4574256803e+07
2.1253729067e-01 4.4634505860e+07
2.1166179435e-01 4.4694699336e+07
2.1078717902e-01 4.4754822161e+07
2.0991347743e-01 4.4814891118e+07
2.0904072273e-01 4.4874889005e+07
2.0816894838e-01 4.4934820108e+07
2.0729818813e-01 4.4994678054e+07
2.0642847786e-01 4.5054456540e+07
2.0555985347e-01 4.5114137771e+07
2.0469235143e-01 4.5173741435e+07
2.0382600936e-01 4.5233236121e+07
2.0296086487e-01 4.5292639261e+07
2.0209695702e-01 4.5351935285e+07
2.0123432529e-01 4.5411111241e+07
2.0037300989e-01 4.5470161236e+07
1.9951305173e-01 4.5529096256e+07
1.9865449202e-01 4.5587892248e+07
1.9779737297e-01 4.5646552744e+07
1.9694173808e-01 4.5705057998e+07
1.9608763173e-01 4.5763416463e+07
1.9523509842e-01 4.5821627801e+07
1.9438418194e-01 4.5879664261e+07
1.9353492580e-01 4.5937528879e+07
1.9268737306e-01 4.5995224885e+07
1.9184156638e-01 4.6052739294e+07
1.9099754782e-01 4.6110052153e+07
1.9015535931e-01 4.6167179752e+07
1.8931504334e-01 4.6224083583e+07
1.8847663997e-01 4.6280800535e+07
1.8764018912e-01 4.6337272224e+07
1.8680573056e-01 4.6393543495e+07
1.8597330449e-01 4.6449559995e+07
1.8514294910e-01 4.6505357174e+07
1.8431470273e-01 4.6560901188e+07
1.8348860400e-01 4.6616185237e+07
1.8266468881e-01 4.6671221832e+07
1.8184299232e-01 4.6725976101e+07
1.8102355016e-01 4.6780460487e+07
1.8020639648e-01 4.6834664073e+07
1.7939156604e-01 4.6888592281e+07
1.7857909675e-01 4.6942231547e+07
1.7776902635e-01 4.6995571672e+07
1.7696139075e-01 4.7048618959e+07
1.7615622627e-01 4.7101359716e+07
1.7535356780e-01 4.7153789175e+07
1.7455344909e-01 4.7205906325e+07
1.7375590300e-01 4.7257704465e+07
1.7296096185e-01 4.7309180644e+07
1.7216865636e-01 4.7360319814e+07
1.7137901583e-01 4.7411137711e+07
1.7059206853e-01 4.7461609506e+07
1.6980784175e-01 4.7511744446e+07
1.6902636219e-01 4.7561535188e+07
1.6824765512e-01 4.7610972119e+07
1.6747174237e-01 4.7660056367e+07
1.6669864547e-01 4.7708788080e+07
1.6592838725e-01 4.7757149333e+07
1.6516098838e-01 4.7805153290e+07
1.6439646553e-01 4.7852792089e+07
1.6363483449e-01 4.7900060056e+07
1.6287611161e-01 4.7946944955e+07
1.6212030940e-01 4.7993458706e+07
1.6136744222e-01 4.8039594698e+07
1.6061752326e-01 4.8085346327e+07
1.5987056086e-01 4.8130716021e+07
1.5912656263e-01 4.8175694205e+07
1.5838553662e-01 4.8220291597e+07
1.5764749056e-01 4.8264492031e+07
1.5691242748e-01 4.8308304367e+07
1.5618035010e-01 4.8351713652e+07
1.5545126302e-01 4.8394736026e+07
1.5472516524e-01 4.8437357661e+07
1.5400205460e-01 4.8479590737e+07
1.5328193240e-01 4.8521414504e+07
1.5256479561e-01 4.8562841035e+07
1.5185063749e-01 4.8603861372e+07
1.5113945344e-01 4.8644497566e+07
1.5043123845e-01 4.8684725433e+07
1.4972598288e-01 4.8724558729e+07
1.4902367770e-01 4.8763980982e+07
1.4832431343e-01 4.8803033580e+07
1.4762787643e-01 4.8841674178e+07
1.4693435363e-01 4.8879919462e+07
1.4624373212e-01 4.8917785863e+07
1.4555599795e-01 4.8955250582e+07
1.4487113779e-01 4.8992313513e+07
1.4418913483e-01 4.9029007476e+07
1.4350997463e-01 4.9065299744e+07
1.4283364186e-01 4.9101208426e+07
1.4216011767e-01 4.9136723317e+07
1.4148938132e-01 4.9171850105e+07
1.4082141469e-01 4.9206602302e+07
1.4015620043e-01 4.9240967892e+07
1.3949371593e-01 4.9274951198e+07
1.3883394255e-01 4.9308553804e+07
1.3817686191e-01 4.9341775008e+07
1.3752244787e-01 4.9374615182e+07
1.3687067749e-01 4.9407080389e+07
1.3622153221e-01 4.9439172047e+07
1.3557498808e-01 4.9470882470e+07
1.3493101978e-01 4.9502233536e+07
1.3428960676e-01 4.9533212180e+07
1.3365072345e-01 4.9563825213e+07
1.3301434316e-01 4.9594068597e+07
1.3238044510e-01 4.9623943028e+07
1.3174900326e-01 4.9653455363e+07
1.3111999132e-01 4.9682609833e+07
1.3049338687e-01 4.9711411042e+07
1.2986916427e-01 4.9739844607e+07
1.2924729593e-01 4.9767927944e+07
1.2862775759e-01 4.9795660279e+07
1.2801052551e-01 4.9823035120e+07
1.2739557055e-01 4.9850064132e+07
1.2678286739e-01 4.9876737809e+07
1.2617239270e-01 4.9903075600e+07
1.2556411598e-01 4.9929069767e+07
1.2495800982e-01 4.9954722488e+07
1.2435405396e-01 4.9980034051e+07
1.2375222434e-01 5.0005008108e+07
1.2315249104e-01 5.0029650103e+07
1.2255482578e-01 5.0053950973e+07
1.2195920139e-01 5.0077924084e+07
1.2136559303e-01 5.0101566608e+07
1.2077397578e-01 5.0124882377e+07
1.2018432239e-01 5.0147871903e+07
1.1959660705e-01 5.0170550422e+07
1.1901080231e-01 5.0192885288e+07
1.1842688356e-01 5.0214914364e+07
1.1784483074e-01 5.0236628227e+07
1.1726461708e-01 5.0258021245e+07
1.1668621261e-01 5.0279102673e+07
1.1610959357e-01 5.0299872119e+07
1.1553473819e-01 5.0320330171e+07
1.1496162001e-01 5.0340481555e+07
1.1439021213e-01 5.0360328119e+07
1.1382049153e-01 5.0379862534e+07
1.1325243421e-01 5.0399106661e+07
1.1268601709e-01 5.0418042558e+07
1.1212121782e-01 5.0436682844e+07
1.1155801200e-01 5.0455025987e+07
1.1099637550e-01 5.0473081315e+07
1.1043628421e-01 5.0490839763e+07
1.0987771432e-01 5.0508308786e+07
1.0932064373e-01 5.0525488074e+07
1.0876504950e-01 5.0542376650e+07
1.0821091264e-01 5.0558984752e+07
1.0765821172e-01 5.0575301738e+07
1.0710691845e-01 5.0591347942e+07
1.0655701417e-01 5.0607105628e+07
1.0600847988e-01 5.0622586595e+07
1.0546129024e-01 5.0637788134e+07
1.0491542439e-01 5.0652724264e+07
1.0437086458e-01 5.0667377923e+07
1.0382758869e-01 5.0681755026e+07
1.0328557448e-01 5.0695878032e+07
1.0274480675e-01 5.0709721534e+07
1.0220526346e-01 5.0723300045e+07
1.0166692107e-01 5.0736617819e+07
1.0112976214e-01 5.0749672361e+07
1.0059376756e-01 5.0762457968e+07
1.0005892237e-01 5.0774981941e+07
9.9525206986e-02 5.0787248926e+07
9.8992597885e-02 5.0799265479e+07
9.8461079833e-02 5.0811014228e+07
9.7930633577e-02 5.0822523050e+07
9.7401240897e-02 5.0833762743e+07
9.6872888123e-02 5.0844761801e+07
9.6345555055e-02 5.0855506269e+07
9.5819222253e-02 5.0866001713e+07
9.5293874639e-02 5.0876255636e+07
9.4769495976e-02 5.0886247563e+07
9.4246068532e-02 5.0896020011e+07
9.3723577317e-02 5.0905533518e+07
9.3202008362e-02 5.0914798207e+07
9.2681344091e-02 5.0923834755e+07
9.2161564649e-02 5.0932624339e+07
9.1642659856e-02 5.0941175616e+07
9.1124617837e-02 5.0949502551e+07
9.0607415836e-02 5.0957580274e+07
9.0091044290e-02 5.0965427929e+07
8.9575489157e-02 5.0973036127e+07
8.9060729892e-02 5.0980417319e+07
8.8546759976e-02 5.0987571245e+07
8.8033566458e-02 5.0994496971e+07
8.7521129366e-02 5.1001195979e+07
8.7009436239e-02 5.1007660054e+07
8.6498475833e-02 5.1013911165e+07
8.5988233733e-02 5.1019929584e+07
8.5478696717e-02 5.1025738322e+07
8.4969850943e-02 5.1031325127e+07
8.4461682139e-02 5.1036680194e+07
8.3954181317e-02 5.1041832066e+07
8.3447341142e-02 5.1046763390e+07
8.2941147727e-02 5.1051479953e+07
8.2435585740e-02 5.1055987495e+07
8.1930640235e-02 5.1060283745e+07
8.1426304261e-02 5.1064383013e+07
8.0922575535e-02 5.1068259578e+07
8.0419434403e-02 5.1071934113e+07
7.9916860735e-02 5.1075404021e+07
7.9414850193e-02 5.1078675916e+07
7.8913399305e-02 5.1081748631e+07
7.8412495506e-02 5.1084626697e+07
7.7912125402e-02 5.1087298924e+07
7.7412282616e-02 5.1089769774e+07
7.6912958836e-02 5.1092058246e+07
7.6414145461e-02 5.1094149585e+07
7.5915835213e-02 5.1096048768e+07
7.5418020424e-02 5.1097759102e+07
7.4920692608e-02 5.1099276073e+07
7.4423840495e-02 5.1100610310e+07
7.3927460970e-02 5.1101760243e+07
7.3431550398e-02 5.1102718813e+07
7.2936099693e-02 5.1103508919e+07
7.2441104934e-02 5.1104115790e+07
7.1946564772e-02 5.1104543735e+07
7.1452473363e-02 5.1104794204e+07
7.0958822983e-02 5.1104872828e+07
7.0465615096e-02 5.1104772466e+07
6.9972847520e-02 5.1104517122e+07
6.9480514439e-02 5.1104077516e+07
6.8988616472e-02 5.1103477334e+07
6.8497151737e-02 5.1102711610e+07
6.8006120335e-02 5.1101781408e+07
6.7515520212e-02 5.1100706425e+07
6.7025348009e-02 5.1099452328e+07
6.6535610518e-02 5.1098045437e+07
6.6046313050e-02 5.1096489706e+07
6.5557451026e-02 5.1094771601e+07
6.5069022765e-02 5.1092920801e+07
6.4581035978e-02 5.1090901999e+07
6.4093498533e-02 5.1088746581e+07
6.3606414407e-02 5.1086448590e+07
6.3119784404e-02 5.1084006957e+07
6.2633614568e-02 5.1081431816e+07
6.2147917635e-02 5.1078713643e+07
6.1662699650e-02 5.1075856694e+07
6.1177961789e-02 5.1072872748e+07
6.0693717493e-02 5.1069763027e+07
6.0209981721e-02 5.1066515816e+07
5.9726761050e-02 5.1063143973e+07
5.9244068846e-02 5.1059658458e+07
5.8761916898e-02 5.1056048873e+07
5.8280314868e-02 5.1052318845e+07
5.7799282757e-02 5.1048472307e+07
5.7318837363e-02 5.1044513035e+07
5.6838990847e-02 5.1040452110e+07
5.6359763583e-02 5.1036279907e+07
5.5881176807e-02 5.1031997707e+07
5.5403248651e-02 5.1027625420e+07
5.4925998040e-02 5.1023146617e+07
5.4449443812e-02 5.1018573649e+07
5.3973614107e-02 5.1013908956e+07
5.3498540570e-02 5.1009143110e+07
5.3024242354e-02 5.1004305751e+07
5.2550743337e-02 5.0999379677e+07
5.2078079599e-02 5.0994372145e+07
5.1606276741e-02 5.0989284139e+07
5.1135364583e-02 5.0984118710e+07
5.0665382309e-02 5.0978886334e+07
5.0196354699e-02 5.0973583996e+07
4.9728316959e-02 5.0968211307e+07
4.9261314446e-02 5.0962780049e+07
4.8795380727e-02 5.0957296128e+07
4.8330550377e-02 5.0951745409e+07
4.7866865435e-02 5.0946149591e+07
4.7404369720e-02 5.0940502624e+07
4.6943105332e-02 5.0934801291e+07
4.6483115169e-02 5.0929064010e+07
4.6024443929e-02 5.0923295217e+07
4.5567138072e-02 5.0917485781e+07
4.5111245181e-02 5.0911636511e+07
4.4656816212e-02 5.0905765906e+07
4.4203902982e-02 5.0899861196e+07
4.3752552239e-02 5.0893946095e+07
4.3302812830e-02 5.0888006478e+07
4.2854737921e-02 5.0882049098e+07
4.2408383723e-02 5.0876082839e+07
4.1963805441e-02 5.0870105087e+07
4.1521051921e-02 5.0864124804e+07
4.1080179460e-02 5.0858140681e+07
4.0641247686e-02 5.0852157446e+07
4.0204308431e-02 5.0846169687e+07
3.9769416066e-02 5.0840200186e+07
3.9336628757e-02 5.0834238216e+07
3.8906003618e-02 5.0828292028e+07
3.8477596846e-02 5.0822360326e+07
3.8051463488e-02 5.0816443982e+07
3.7627656238e-02 5.0810552118e+07
3.7206232325e-02 5.0804689832e+07
3.6787249598e-02 5.0798859501e+07
3.6370759788e-02 5.0793041152e+07
3.5956815458e-02 5.0787281596e+07
3.5545468541e-02 5.0781532644e+07
3.5136769662e-02 5.0775852964e+07
3.4730772089e-02 5.0770187997e+07
3.4327528673e-02 5.0764573262e+07
3.3927086693e-02 5.0759006144e+07
3.3529489469e-02 5.0753491915e+07
3.3134778751e-02 5.0748020504e+07
3.2742999581e-02 5.0742601112e+07
3.2354198937e-02 5.0737245346e+07
3.1968416892e-02 5.0731935970e+07
3.1585689527e-02 5.0726690686e+07
3.1206053727e-02 5.0721493191e+07
3.0829545157e-02 5.0716360144e+07
3.0456196811e-02 5.0711293948e+07
3.0086038381e-02 5.0706290056e+07
2.9719096746e-02 5.0701339393e+07
2.9355399686e-02 5.0696465020e+07
2.8994974225e-02 5.0691658442e+07
2.8637843606e-02 5.0686908005e+07
2.8284028362e-02 5.0682226654e+07
2.7933545147e-02 5.0677618688e+07
2.7586408550e-02 5.0673081970e+07
2.7242633760e-02 5.0668613075e+07
2.6902234490e-02 5.0664201343e+07
2.6565221120e-02 5.0659878508e+07
2.6231601102e-02 5.0655619911e+07
2.5901380624e-02 5.0651422591e+07
2.5574564525e-02 5.0647304512e+07
2.5251153953e-02 5.0643257271e+07
2.4931149253e-02 5.0639286743e+07
2.4614550166e-02 5.0635366531e+07
2.4301354409e-02 5.0631529604e+07
2.3991558480e-02 5.0627759561e+07
2.3685154611e-02 5.0624065385e+07
2.3382133038e-02 5.0620433447e+07
2.3082484902e-02 5.0616875561e+07
2.2786200757e-02 5.0613374344e+07
2.2493269316e-02 5.0609951984e+07
2.2203676208e-02 5.0606602937e+07
2.1917406114e-02 5.0603304028e+07
2.1634443899e-02 5.0600080442e+07
2.1354772305e-02 5.0596927353e+07
2.1078373042e-02 5.0593823374e+07
2.0805227214e-02 5.0590796459e+07
2.0535314820e-02 5.0587826257e+07
2.0268615559e-02 5.0584912738e+07
2.0005106703e-02 5.0582077594e+07
1.9744765350e-02 5.0579294441e+07
1.9487569677e-02 5.0576564537e+07
1.9233495462e-02 5.0573900238e+07
1.8982517392e-02 5.0571291086e+07
1.8734609839e-02 5.0568741384e+07
1.8489747332e-02 5.0566251108e+07
1.8247904859e-02 5.0563804338e+07
1.8009055816e-02 5.0561427884e+07
1.7773172636e-02 5.0559092512e+07
1.7540228052e-02 5.0556820576e+07
1.7310194514e-02 5.0554581513e+07
1.7083043964e-02 5.0552409274e+07
1.6858747919e-02 5.0550284565e+07
1.6637278666e-02 5.0548205217e+07
1.6418608165e-02 5.0546172824e+07
1.6202707342e-02 5.0544202275e+07
1.5989547639e-02 5.0542262879e+07
1.5779100154e-02 5.0540371164e+07
1.5571335768e-02 5.0538528409e+07
1.5366225738e-02 5.0536719632e+07
1.5163741090e-02 5.0534959033e+07
1.4963852994e-02 5.0533242739e+07
1.4766532445e-02 5.0531565262e+07
1.4571750644e-02 5.0529930182e+07
1.4379479203e-02 5.0528333070e+07
1.4189689139e-02 5.0526765663e+07
1.4002351545e-02 5.0525241694e+07
1.3817438223e-02 5.0523765521e+07
1.3634921220e-02 5.0522314662e+07
1.3454772648e-02 5.0520895194e+07
1.3276963853e-02 5.0519515692e+07
1.3101466602e-02 5.0518173905e+07
1.2928253774e-02 5.0516863451e+07
1.2757297997e-02 5.0515586176e+07
1.2588571765e-02 5.0514326832e+07
1.2422047863e-02 5.0513108021e+07
1.2257699437e-02 5.0511920731e+07
1.2095499872e-02 5.0510766155e+07
1.1935422579e-02 5.0509636243e+07
1.1777441364e-02 5.0508533523e+07
1.1621530406e-02 5.0507455051e+07
1.1467663816e-02 5.0506410294e+07
1.1315815791e-02 5.0505381790e+07
1.1165961144e-02 5.0504384959e+07
1.1018075096e-02 5.0503415461e+07
1.0872132687e-02 5.0502473621e+07
1.0728109166e-02 5.0501553269e+07
1.0585980354e-02 5.0500643647e+07
1.0445722126e-02 5.0499765608e+07
1.0307310602e-02 5.0498912847e+07
1.0170722384e-02 5.0498071898e+07
1.0035934140e-02 5.0497261523e+07
9.9029227196e-03 5.0496469223e+07
9.7716652407e-03 5.0495691557e+07
9.6421391865e-03 5.0494947934e+07
9.5143223138e-03 5.0494207474e+07
9.3881924758e-03 5.0493493613e+07
9.2637279736e-03 5.0492791944e+07
9.1409073493e-03 5.0492104258e+07
9.0197092400e-03 5.0491459980e+07
8.9001125268e-03 5.0490802763e+07
8.7820963636e-03 5.0490173737e+07
8.6656403222e-03 5.0489555549e+07
8.5507241077e-03 5.0488961321e+07
8.4373276107e-03 5.0488379752e+07
8.3254310159e-03 5.0487811409e+07
8.2150147106e-03 5.0487259114e+07
8.1060593505e-03 5.0486723873e+07
7.9985458153e-03 5.0486195214e+07
7.8924552762e-03 5.0485682092e+07
7.7877691700e-03 5.0485179458e+07
7.6844690599e-03 5.0484700552e+07
7.5825367286e-03 5.0484216103e+07
7.4819541543e-03 5.0483757411e+07
7.3827036150e-03 5.0483316925e+07
7.2847677624e-03 5.0482869553e+07
7.1881293138e-03 5.0482437197e+07
7.0927711505e-03 5.0482029060e+07
6.9986764050e-03 5.0481624592e+07
6.9058284178e-03 5.0481221142e+07
6.8142107824e-03 5.0480840466e+07
6.7238073131e-03 5.0480467281e+07
6.6346020096e-03 5.0480096688e+07
6.5465790712e-03 5.0479747307e+07
6.4597229168e-03 5.0479390705e+07
6.3740181289e-03 5.0479044945e+07
6.2894495142e-03 5.0478715979e+07
6.2060020946e-03 5.0478401167e+07
6.1236610614e-03 5.0478092661e+07
6.0424118100e-03 5.0477777540e+07
5.9622398646e-03 5.0477482418e+07
5.8831309811e-03 5.0477194043e+07
5.8050711561e-03 5.0476897425e+07
5.7280465431e-03 5.0476634592e+07
5.6520434217e-03 5.0476366416e+07
5.5770482554e-03 5.0476102748e+07
5.5030477389e-03 5.0475848634e+07
5.4300287116e-03 5.0475598543e+07
5.3579781556e-03 5.0475357555e+07
5.2868832749e-03 5.0475119318e+07
5.2167314320e-03 5.0474885112e+07
5.1475101298e-03 5.0474662119e+07
5.0792070421e-03 5.0474437307e+07
5.0118100064e-03 5.0474236194e+07
4.9453070312e-03 5.0474021727e+07
4.8796862983e-03 5.0473815510e+07
4.8149360978e-03 5.0473624467e+07
4.7510448772e-03 5.0473430314e+07
4.6880012767e-03 5.0473242555e+07
4.6257940641e-03 5.0473064351e+07
4.5644121538e-03 5.0472881656e+07
4.5038446095e-03 5.0472704679e+07
4.4440806284e-03 5.0472534880e+07
4.3851095598e-03 5.0472363260e+07
4.3269209039e-03 5.0472209349e+07
4.2695042957e-03 5.0472056653e+07
4.2128494953e-03 5.0471896145e+07
4.1569463891e-03 5.0471746293e+07
4.1017850085e-03 5.0471599767e+07
4.0473555340e-03 5.0471453575e+07
3.9936482657e-03 5.0471321628e+07
3.9406536081e-03 5.0471191663e+07
3.8883621182e-03 5.0471056169e+07
3.8367644705e-03 5.0470920596e+07
3.7858514575e-03 5.0470804274e+07
3.7356140135e-03 5.0470677359e+07
3.6860431808e-03 5.0470552773e+07
3.6371300991e-03 5.0470432370e+07
3.5888660490e-03 5.0470327852e+07
3.5412424258e-03 5.0470212820e+07
3.4942507369e-03 5.0470105804e+07
3.4478825944e-03 5.0469997707e+07
3.4021297355e-03 5.0469882759e+07
3.3569839934e-03 5.0469794280e+07
3.3124373063e-03 5.0469691190e+07
3.2684817313e-03 5.0469590417e+07
3.2251094334e-03 5.0469506726e+07
3.1823126666e-03 5.0469410399e+07
3.1400837969e-03 5.0469318728e+07
3.0984152950e-03 5.0469229375e+07
3.0572997207e-03 5.0469143315e+07
3.0167297314e-03 5.0469067085e+07
2.9766980951e-03 5.0468975571e+07
2.9371976746e-03 5.0468903512e+07
2.8982214115e-03 5.0468822964e+07
2.8597623509e-03 5.0468742137e+07
2.8218136341e-03 5.0468671503e+07
2.7843684943e-03 5.0468595004e+07
2.7474202464e-03 5.0468530111e+07
2.7109622974e-03 5.0468452792e+07
2.6749881432e-03 5.0468390262e+07
2.6394913658e-03 5.0468317484e+07
2.6044656292e-03 5.0468255113e+07
2.5699046834e-03 5.0468188936e+07
2.5358023602e-03 5.0468128741e+07
2.5021525792e-03 5.0468065125e+07
2.4689493374e-03 5.0468000210e+07
2.4361867121e-03 5.0467943607e+07
2.4038588569e-03 5.0467881405e+07
2.3719600057e-03 5.0467823265e+07
2.3404844698e-03 5.0467752091e+07
2.3094266370e-03 5.0467693581e+07
2.2787809620e-03 5.0467644530e+07
2.2485419776e-03 5.0467585976e+07
2.2187042880e-03 5.0467528667e+07
2.1892625666e-03 5.0467470304e+07
2.1602115583e-03 5.0467411196e+07
2.1315460742e-03 5.0467364355e+07
2.1032609900e-03 5.0467315974e+07
2.0753512461e-03 5.0467267038e+07
2.0478118445e-03 5.0467230563e+07
2.0206378476e-03 5.0467194642e+07
1.9938243836e-03 5.0467179877e+07
1.9673666573e-03 5.0467161415e+07
1.9412599619e-03 5.0467137448e+07
1.9154996759e-03 5.0467096241e+07
1.8900812319e-03 5.0467057485e+07
1.8650001101e-03 5.0467001346e+07
1.8402518338e-03 5.0466957498e+07
1.8158319736e-03 5.0466918707e+07
1.7917361646e-03 5.0466875327e+07
1.7679601011e-03 5.0466835849e+07
1.7444995460e-03 5.0466791395e+07
1.7213503139e-03 5.0466753885e+07
1.6985082686e-03 5.0466719530e+07
1.6759693365e-03 5.0466675234e+07
1.6537294961e-03 5.0466646234e+07
1.6317847775e-03 5.0466602677e+07
1.6101312653e-03 5.0466568582e+07
1.5887650958e-03 5.0466529768e+07
1.5676824498e-03 5.0466500931e+07
1.5468795657e-03 5.0466468271e+07
1.5263527318e-03 5.0466433921e+07
1.5060982884e-03 5.0466393917e+07
1.4861126188e-03 5.0466356683e+07
1.4663921550e-03 5.0466331062e+07
1.4469333737e-03 5.0466295288e+07
1.4277328033e-03 5.0466262920e+07
1.4087870167e-03 5.0466227698e+07
1.3900926178e-03 5.0466228314e+07
1.4357802869e-60 5.0465568670e+07
