# r/R  rho(g/cm^3) -- Model S (Christensen-Dalsgaard et al. 1996)
1.0000000000e+00 3.2924831960e-09
9.9999213910e-01 3.4690526560e-09
9.9998421661e-01 3.6565445670e-09
9.9997623726e-01 3.8555864950e-09
9.9996820508e-01 4.0668378520e-09
9.9996012407e-01 4.2909949650e-09
9.9995199770e-01 4.5288000260e-09
9.9994382940e-01 4.7810317980e-09
9.9993562220e-01 5.0485161650e-09
9.9992737881e-01 5.3321272790e-09
9.9991910182e-01 5.6327817670e-09
9.9991079353e-01 5.9514472110e-09
9.9990245625e-01 6.2891478620e-09
9.9989409168e-01 6.6469756750e-09
9.9988570184e-01 7.0260698470e-09
9.9987728831e-01 7.4276402020e-09
9.9986885253e-01 7.8529459210e-09
9.9986039607e-01 8.3033042690e-09
9.9985191994e-01 8.7801216340e-09
9.9984342500e-01 9.2848910960e-09
9.9983491183e-01 9.8191980690e-09
9.9982638114e-01 1.0384674040e-08
9.9981783337e-01 1.0983049160e-08
9.9980926908e-01 1.1616101310e-08
9.9980068900e-01 1.2285683760e-08
9.9979209356e-01 1.2993727820e-08
9.9978348333e-01 1.3742200970e-08
9.9977485874e-01 1.4533199800e-08
9.9976622037e-01 1.5368855710e-08
9.9975756879e-01 1.6251301210e-08
9.9974890471e-01 1.7182743910e-08
9.9974022915e-01 1.8165337900e-08
9.9973154340e-01 1.9201242990e-08
9.9972285004e-01 2.0292472200e-08
9.9971415007e-01 2.1441204920e-08
9.9970544278e-01 2.2649879290e-08
9.9969672745e-01 2.3920907540e-08
9.9968800451e-01 2.5256555340e-08
9.9967927411e-01 2.6659009190e-08
9.9967053681e-01 2.8130422900e-08
9.9966179233e-01 2.9673036820e-08
9.9965304053e-01 3.1289027000e-08
9.9964428070e-01 3.2980617190e-08
9.9963551195e-01 3.4750114070e-08
9.9962673245e-01 3.6599872620e-08
9.9961793973e-01 3.8532674580e-08
9.9960912964e-01 4.0551675800e-08
9.9960029758e-01 4.2660417670e-08
9.9959143967e-01 4.4862751810e-08
9.9958255219e-01 4.7162594470e-08
9.9957363399e-01 4.9563663010e-08
9.9956468621e-01 5.2069431910e-08
9.9955570267e-01 5.4685849480e-08
9.9954667420e-01 5.7420924760e-08
9.9953759346e-01 6.0282941450e-08
9.9952844654e-01 6.3284019100e-08
9.9951922825e-01 6.6434318960e-08
9.9950995785e-01 6.9735036090e-08
9.9950064380e-01 7.3191508710e-08
9.9949127189e-01 7.6819214110e-08
9.9948183809e-01 8.0630681700e-08
9.9947234644e-01 8.4633115780e-08
9.9946279261e-01 8.8816762270e-08
9.9945317547e-01 9.3199883950e-08
9.9944352344e-01 9.7804057580e-08
9.9943384987e-01 1.0266148370e-07
9.9942414155e-01 1.0777610100e-07
9.9941439188e-01 1.1312798490e-07
9.9940459972e-01 1.1870096030e-07
9.9939476764e-01 1.2450365160e-07
9.9938490354e-01 1.3055484590e-07
9.9937501949e-01 1.3683636320e-07
9.9936513127e-01 1.4331681630e-07
9.9935525382e-01 1.4999080330e-07
9.9934540178e-01 1.5685765690e-07
9.9933559296e-01 1.6385983240e-07
9.9932584415e-01 1.7090716290e-07
9.9931617446e-01 1.7801877630e-07
9.9930661403e-01 1.8527143590e-07
9.9929719833e-01 1.9257676830e-07
9.9928795765e-01 1.9979759210e-07
9.9928447085e-01 2.0253139410e-07
9.9928101450e-01 2.0524044470e-07
9.9927759045e-01 2.0791683770e-07
9.9927420072e-01 2.1055444200e-07
9.9927084788e-01 2.1314854090e-07
9.9926753425e-01 2.1569935920e-07
9.9926426268e-01 2.1821040390e-07
9.9926103648e-01 2.2068261250e-07
9.9925785852e-01 2.2311425910e-07
9.9925473168e-01 2.2549988390e-07
9.9925165839e-01 2.2783191890e-07
9.9924864139e-01 2.3010491890e-07
9.9924568311e-01 2.3231413310e-07
9.9924278599e-01 2.3445551930e-07
9.9923995233e-01 2.3652562230e-07
9.9923718443e-01 2.3852151360e-07
9.9923448431e-01 2.4044090450e-07
9.9923185295e-01 2.4228225060e-07
9.9922929195e-01 2.4404414530e-07
9.9922680216e-01 2.4572555420e-07
9.9922438460e-01 2.4732555880e-07
9.9922203997e-01 2.4884383830e-07
9.9921976842e-01 2.5028059690e-07
9.9921757010e-01 2.5163630330e-07
9.9921544414e-01 2.5291212380e-07
9.9921338954e-01 2.5410974250e-07
9.9921140428e-01 2.5523140880e-07
9.9920948579e-01 2.5628005210e-07
9.9920763062e-01 2.5725909900e-07
9.9920583432e-01 2.5817224230e-07
9.9920409171e-01 2.5902351250e-07
9.9920239835e-01 2.5981664110e-07
9.9920074936e-01 2.6055520940e-07
9.9919913956e-01 2.6124303170e-07
9.9919756178e-01 2.6188412790e-07
9.9919600884e-01 2.6248265220e-07
9.9919447284e-01 2.6304260310e-07
9.9919294618e-01 2.6356767100e-07
9.9919142138e-01 2.6406105890e-07
9.9918989069e-01 2.6452573670e-07
9.9918834694e-01 2.6496451050e-07
9.9918678323e-01 2.6537985060e-07
9.9918519368e-01 2.6577438680e-07
9.9918357269e-01 2.6615055040e-07
9.9918191594e-01 2.6651152170e-07
9.9918022086e-01 2.6685990470e-07
9.9917848758e-01 2.6719805680e-07
9.9917671741e-01 2.6752856830e-07
9.9917491263e-01 2.6785444830e-07
9.9917307656e-01 2.6817877610e-07
9.9917121277e-01 2.6850518260e-07
9.9916932486e-01 2.6883690000e-07
9.9916741513e-01 2.6917683540e-07
9.9916548444e-01 2.6952772450e-07
9.9916353250e-01 2.6989245550e-07
9.9916155787e-01 2.7027407600e-07
9.9915955883e-01 2.7067575490e-07
9.9915753323e-01 2.7109978230e-07
9.9915547820e-01 2.7154798880e-07
9.9915339101e-01 2.7202247760e-07
9.9915126792e-01 2.7252526330e-07
9.9914910578e-01 2.7305943000e-07
9.9914690142e-01 2.7362731460e-07
9.9914465198e-01 2.7423071910e-07
9.9914235459e-01 2.7487119700e-07
9.9914000609e-01 2.7555075440e-07
9.9913760345e-01 2.7627153610e-07
9.9913514382e-01 2.7703662500e-07
9.9913262460e-01 2.7784755230e-07
9.9913004335e-01 2.7870590750e-07
9.9912739778e-01 2.7961322610e-07
9.9912468531e-01 2.8057126190e-07
9.9912190334e-01 2.8158300540e-07
9.9911904973e-01 2.8265069430e-07
9.9911612260e-01 2.8377551760e-07
9.9911312024e-01 2.8495895070e-07
9.9911004035e-01 2.8620256810e-07
9.9910688120e-01 2.8750839720e-07
9.9910364093e-01 2.8887962590e-07
9.9910031796e-01 2.9031733810e-07
9.9909691100e-01 2.9182275380e-07
9.9909341861e-01 2.9339716190e-07
9.9908983935e-01 2.9504218180e-07
9.9908617194e-01 2.9676090700e-07
9.9908241536e-01 2.9855483430e-07
9.9907856862e-01 3.0042474700e-07
9.9907463113e-01 3.0237186970e-07
9.9907060176e-01 3.0439734750e-07
9.9906648007e-01 3.0650411590e-07
9.9906226533e-01 3.0869388510e-07
9.9905795727e-01 3.1096755670e-07
9.9905355546e-01 3.1332583230e-07
9.9904905989e-01 3.1576963820e-07
9.9904447027e-01 3.1830096430e-07
9.9903978618e-01 3.2092212430e-07
9.9903500791e-01 3.2363363060e-07
9.9903013544e-01 3.2643622120e-07
9.9902516879e-01 3.2933067160e-07
9.9902010824e-01 3.3231806880e-07
9.9901495393e-01 3.3540155340e-07
9.9900970615e-01 3.3858186190e-07
9.9900436534e-01 3.4185984600e-07
9.9899893192e-01 3.4523623290e-07
9.9899340646e-01 3.4871177630e-07
9.9898778940e-01 3.5228906610e-07
9.9898208131e-01 3.5596971280e-07
9.9897628277e-01 3.5975458530e-07
9.9897039463e-01 3.6364436030e-07
9.9896441734e-01 3.6763958670e-07
9.9895835174e-01 3.7174186640e-07
9.9895219856e-01 3.7595418680e-07
9.9894595866e-01 3.8027748480e-07
9.9893963261e-01 3.8471269240e-07
9.9893322156e-01 3.8926080380e-07
9.9892672638e-01 3.9392264100e-07
9.9892014778e-01 3.9870047210e-07
9.9891348676e-01 4.0359699250e-07
9.9890674420e-01 4.0861354590e-07
9.9889992122e-01 4.1375151630e-07
9.9889301871e-01 4.1901244960e-07
9.9888603766e-01 4.2439734570e-07
9.9887897865e-01 4.2990658260e-07
9.9887184267e-01 4.3554124550e-07
9.9886463003e-01 4.4130284250e-07
9.9885734172e-01 4.4719273600e-07
9.9884997833e-01 4.5321202570e-07
9.9884254055e-01 4.5936211610e-07
9.9883502912e-01 4.6564594620e-07
9.9882744462e-01 4.7206594340e-07
9.9881978774e-01 4.7862377620e-07
9.9881205894e-01 4.8532099420e-07
9.9880425920e-01 4.9215963690e-07
9.9879638883e-01 4.9914171320e-07
9.9878844868e-01 5.0627038380e-07
9.9878043947e-01 5.1354853040e-07
9.9877236162e-01 5.2097870490e-07
9.9876421601e-01 5.2856373410e-07
9.9875600320e-01 5.3630606770e-07
9.9874772392e-01 5.4420907630e-07
9.9873937902e-01 5.5227642020e-07
9.9873096894e-01 5.6051270000e-07
9.9872249439e-01 5.6891897890e-07
9.9871395580e-01 5.7749065680e-07
9.9870535361e-01 5.8622975940e-07
9.9869668796e-01 5.9513889690e-07
9.9868795942e-01 6.0422000500e-07
9.9867916828e-01 6.1347720150e-07
9.9867031483e-01 6.2291314910e-07
9.9866139921e-01 6.3253131800e-07
9.9865242199e-01 6.4233453800e-07
9.9864338347e-01 6.5232639280e-07
9.9863428392e-01 6.6251008430e-07
9.9862512379e-01 6.7288946880e-07
9.9861590335e-01 6.8346916520e-07
9.9860662290e-01 6.9425404550e-07
9.9859728286e-01 7.0524856940e-07
9.9858788381e-01 7.1645782360e-07
9.9857842618e-01 7.2788753380e-07
9.9856891041e-01 7.3954354530e-07
9.9855933706e-01 7.5143292390e-07
9.9854970627e-01 7.6354873070e-07
9.9854001834e-01 7.7588703350e-07
9.9853027327e-01 7.8845264550e-07
9.9852047106e-01 8.0124861430e-07
9.9851061184e-01 8.1428000170e-07
9.9850069591e-01 8.2755078870e-07
9.9849072327e-01 8.4106510100e-07
9.9848069406e-01 8.5482815100e-07
9.9847060856e-01 8.6884481260e-07
9.9846046664e-01 8.8312064450e-07
9.9845026872e-01 8.9766109760e-07
9.9844001495e-01 9.1247239440e-07
9.9842970548e-01 9.2756040340e-07
9.9841934072e-01 9.4293208480e-07
9.9840892069e-01 9.5859564930e-07
9.9839844567e-01 9.7456110640e-07
9.9838791609e-01 9.9083811310e-07
9.9837733238e-01 1.0074347610e-06
9.9836669454e-01 1.0243328650e-06
9.9835600243e-01 1.0415326620e-06
9.9834525633e-01 1.0590394590e-06
9.9833445596e-01 1.0768585790e-06
9.9832360146e-01 1.0949960050e-06
9.9831269269e-01 1.1134577320e-06
9.9830172979e-01 1.1322505670e-06
9.9829071276e-01 1.1513799730e-06
9.9827964146e-01 1.1708514000e-06
9.9826851588e-01 1.1906735470e-06
9.9825733618e-01 1.2108552930e-06
9.9824610235e-01 1.2314069920e-06
9.9823481453e-01 1.2523402540e-06
9.9822347287e-01 1.2736665810e-06
9.9821207766e-01 1.2953993270e-06
9.9820062917e-01 1.3175533680e-06
9.9818912786e-01 1.3401417200e-06
9.9817757356e-01 1.3631392320e-06
9.9816596657e-01 1.3865392530e-06
9.9815430659e-01 1.4103485580e-06
9.9814259336e-01 1.4345743630e-06
9.9813082699e-01 1.4592199180e-06
9.9811900722e-01 1.4842912230e-06
9.9810713375e-01 1.5098006670e-06
9.9809520643e-01 1.5357571190e-06
9.9808322542e-01 1.5621733010e-06
9.9807119042e-01 1.5890600040e-06
9.9805910144e-01 1.6164316150e-06
9.9804695876e-01 1.6443019990e-06
9.9803476209e-01 1.6726867470e-06
9.9802251201e-01 1.7016028450e-06
9.9801020838e-01 1.7310694410e-06
9.9799785191e-01 1.7611061400e-06
9.9798544247e-01 1.7917280310e-06
9.9797298032e-01 1.8228846650e-06
9.9796046520e-01 1.8545694070e-06
9.9794789681e-01 1.8867935740e-06
9.9793527487e-01 1.9195682250e-06
9.9792259908e-01 1.9529046760e-06
9.9790986931e-01 1.9868161410e-06
9.9789708541e-01 2.0213163570e-06
9.9788424723e-01 2.0564187160e-06
9.9787135465e-01 2.0921397110e-06
9.9785840750e-01 2.1284957830e-06
9.9784540593e-01 2.1655051850e-06
9.9783234981e-01 2.2031870160e-06
9.9781923941e-01 2.2415625800e-06
9.9780607488e-01 2.2806429840e-06
9.9779285609e-01 2.3204533940e-06
9.9777958330e-01 2.3610239420e-06
9.9776625682e-01 2.4023546630e-06
9.9775287650e-01 2.4443846970e-06
9.9773944204e-01 2.4871243670e-06
9.9772595303e-01 2.5305874540e-06
9.9771240932e-01 2.5747891260e-06
9.9769881061e-01 2.6197454190e-06
9.9768515677e-01 2.6654733400e-06
9.9767144751e-01 2.7119911930e-06
9.9765768268e-01 2.7593185650e-06
9.9764386229e-01 2.8074647930e-06
9.9762998605e-01 2.8564428010e-06
9.9761605367e-01 2.9062814690e-06
9.9760206529e-01 2.9570083010e-06
9.9758802092e-01 3.0086547660e-06
9.9757392056e-01 3.0612550420e-06
9.9755976448e-01 3.1148474080e-06
9.9754555284e-01 3.1694721300e-06
9.9753128578e-01 3.2250701950e-06
9.9751696315e-01 3.2816007710e-06
9.9750258467e-01 3.3390818910e-06
9.9748815020e-01 3.3975328370e-06
9.9747365901e-01 3.4569560750e-06
9.9745911126e-01 3.5173626800e-06
9.9744450621e-01 3.5787762940e-06
9.9742984374e-01 3.6412235830e-06
9.9741512354e-01 3.7047306940e-06
9.9740034549e-01 3.7693292080e-06
9.9738550928e-01 3.8350531560e-06
9.9737061507e-01 3.9019368860e-06
9.9735566271e-01 3.9700194430e-06
9.9734065220e-01 4.0393463950e-06
9.9732558383e-01 4.1099645880e-06
9.9731045774e-01 4.1819200400e-06
9.9729527437e-01 4.2552139700e-06
9.9728003327e-01 4.3297191520e-06
9.9726473432e-01 4.4054364810e-06
9.9724937692e-01 4.4823892070e-06
9.9723396081e-01 4.5606042350e-06
9.9721848568e-01 4.6401108470e-06
9.9720295097e-01 4.7209361680e-06
9.9718735653e-01 4.8031159460e-06
9.9717170207e-01 4.8866827610e-06
9.9715598746e-01 4.9716786980e-06
9.9714021254e-01 5.0581373230e-06
9.9712437717e-01 5.1460730450e-06
9.9710848122e-01 5.2355262870e-06
9.9709252453e-01 5.3265461370e-06
9.9707650725e-01 5.4191925650e-06
9.9706042939e-01 5.5135317310e-06
9.9704429122e-01 5.6096310540e-06
9.9702809274e-01 5.7074571630e-06
9.9701183382e-01 5.8068758520e-06
9.9699551417e-01 5.9079142530e-06
9.9697913335e-01 6.0106032570e-06
9.9696269123e-01 6.1149739180e-06
9.9694618708e-01 6.2210176240e-06
9.9692962061e-01 6.3287724690e-06
9.9691299155e-01 6.4382822160e-06
9.9689629960e-01 6.5495925330e-06
9.9687954433e-01 6.6627526360e-06
9.9686272560e-01 6.7778199070e-06
9.9684584341e-01 6.8948526920e-06
9.9682889747e-01 7.0139125780e-06
9.9681188778e-01 7.1350762930e-06
9.9679481448e-01 7.2584148260e-06
9.9677767773e-01 7.3839627920e-06
9.9676047765e-01 7.5118042440e-06
9.9674321412e-01 7.6417961950e-06
9.9672588698e-01 7.7738360830e-06
9.9670849566e-01 7.9079649920e-06
9.9669103959e-01 8.0442279980e-06
9.9667351862e-01 8.1826675780e-06
9.9665593232e-01 8.3233399140e-06
9.9663828026e-01 8.4662923650e-06
9.9662056216e-01 8.6115823860e-06
9.9660277772e-01 8.7592100590e-06
9.9658492681e-01 8.9092272950e-06
9.9656700899e-01 9.0617089880e-06
9.9654902412e-01 9.2167274930e-06
9.9653097205e-01 9.3743681500e-06
9.9651285265e-01 9.5347202050e-06
9.9649466591e-01 9.6978871120e-06
9.9647641211e-01 9.8639753660e-06
9.9645809127e-01 1.0033089910e-05
9.9643970352e-01 1.0204990380e-05
9.9642124857e-01 1.0379530500e-05
9.9640272586e-01 1.0556760670e-05
9.9638413495e-01 1.0736730760e-05
9.9636547511e-01 1.0919506510e-05
9.9634674637e-01 1.1105150140e-05
9.9632794798e-01 1.1293729180e-05
9.9630907967e-01 1.1485314900e-05
9.9629014145e-01 1.1679991080e-05
9.9627113272e-01 1.1877809580e-05
9.9625205335e-01 1.2078793520e-05
9.9623290320e-01 1.2283039940e-05
9.9621368198e-01 1.2490649570e-05
9.9619438969e-01 1.2701736440e-05
9.9617502618e-01 1.2916414330e-05
9.9615559160e-01 1.3134824060e-05
9.9613608595e-01 1.3357105260e-05
9.9611650938e-01 1.3583031560e-05
9.9609686173e-01 1.3812374120e-05
9.9607714229e-01 1.4045149370e-05
9.9605735078e-01 1.4281426530e-05
9.9603748647e-01 1.4521282680e-05
9.9601754894e-01 1.4764820140e-05
9.9599753789e-01 1.5012121710e-05
9.9597745305e-01 1.5263297810e-05
9.9595729369e-01 1.5518457480e-05
9.9593706010e-01 1.5777680180e-05
9.9591675171e-01 1.6040937380e-05
9.9589636836e-01 1.6308331110e-05
9.9587590979e-01 1.6579979160e-05
9.9585537598e-01 1.6855991890e-05
9.9583476664e-01 1.7136512380e-05
9.9581408179e-01 1.7421680250e-05
9.9579332155e-01 1.7711667910e-05
9.9577248594e-01 1.8006412300e-05
9.9575157466e-01 1.8305532250e-05
9.9573058743e-01 1.8609071680e-05
9.9570952367e-01 1.8917119410e-05
9.9568838281e-01 1.9229755540e-05
9.9566716471e-01 1.9547080730e-05
9.9564586864e-01 1.9869186290e-05
9.9562449432e-01 2.0196179930e-05
9.9560304161e-01 2.0528182680e-05
9.9558150993e-01 2.0865318750e-05
9.9555989914e-01 2.1207716410e-05
9.9553820909e-01 2.1555521050e-05
9.9551643965e-01 2.1908727670e-05
9.9549459052e-01 2.2267351500e-05
9.9547266170e-01 2.2631548270e-05
9.9545065306e-01 2.3001471350e-05
9.9542856444e-01 2.3377303850e-05
9.9540639599e-01 2.3759235710e-05
9.9538414772e-01 2.4146889080e-05
9.9536181918e-01 2.4540034840e-05
9.9533940995e-01 2.4938777200e-05
9.9531691946e-01 2.5343201640e-05
9.9529434727e-01 2.5753424400e-05
9.9527169295e-01 2.6169557610e-05
9.9524895608e-01 2.6591733460e-05
9.9522613622e-01 2.7020092670e-05
9.9520323294e-01 2.7454770350e-05
9.9518024595e-01 2.7895946710e-05
9.9515717483e-01 2.8343784060e-05
9.9513401957e-01 2.8798447700e-05
9.9511077989e-01 2.9259906680e-05
9.9508745578e-01 2.9728229840e-05
9.9506404696e-01 3.0203569640e-05
9.9504055343e-01 3.0686139490e-05
9.9501697491e-01 3.1176119520e-05
9.9499331167e-01 3.1673728310e-05
9.9496956357e-01 3.2178547880e-05
9.9494573020e-01 3.2690289780e-05
9.9492181139e-01 3.3209052370e-05
9.9489780629e-01 3.3734960890e-05
9.9487371462e-01 3.4268147240e-05
9.9484953593e-01 3.4808753880e-05
9.9482526967e-01 3.5356925270e-05
9.9480091524e-01 3.5912826090e-05
9.9477647238e-01 3.6476628020e-05
9.9475194063e-01 3.7048523940e-05
9.9472731973e-01 3.7628552210e-05
9.9470260966e-01 3.8216752550e-05
9.9467781000e-01 3.8813252570e-05
9.9465292061e-01 3.9418219100e-05
9.9462794134e-01 4.0031867180e-05
9.9460287189e-01 4.0654375000e-05
9.9457771214e-01 4.1285978450e-05
9.9455246193e-01 4.1926908260e-05
9.9452712127e-01 4.2577158470e-05
9.9450169002e-01 4.3236075630e-05
9.9447616744e-01 4.3903688960e-05
9.9445055312e-01 4.4580143570e-05
9.9442484648e-01 4.5265598060e-05
9.9439904680e-01 4.5960213420e-05
9.9437315365e-01 4.6664173150e-05
9.9434716660e-01 4.7377546800e-05
9.9432108537e-01 4.8100354420e-05
9.9429490966e-01 4.8832758740e-05
9.9426863918e-01 4.9574904320e-05
9.9424227352e-01 5.0326955860e-05
9.9421581223e-01 5.1089106410e-05
9.9418925518e-01 5.1861530630e-05
9.9416260193e-01 5.2644460160e-05
9.9413585191e-01 5.3438122590e-05
9.9410900497e-01 5.4242760190e-05
9.9408206054e-01 5.5058624590e-05
9.9405501848e-01 5.5886044600e-05
9.9402787864e-01 5.6725042580e-05
9.9400064046e-01 5.7574894360e-05
9.9397330363e-01 5.8435489330e-05
9.9394586774e-01 5.9306942180e-05
9.9391833234e-01 6.0189396880e-05
9.9389069702e-01 6.1082942050e-05
9.9386296133e-01 6.1987746990e-05
9.9383512457e-01 6.2903964620e-05
9.9380718644e-01 6.3831762040e-05
9.9377914636e-01 6.4771324160e-05
9.9375100392e-01 6.5722825420e-05
9.9372275839e-01 6.6686495580e-05
9.9369440920e-01 6.7662573790e-05
9.9366595576e-01 6.8651294770e-05
9.9363739781e-01 6.9652890810e-05
9.9360873461e-01 7.0667622420e-05
9.9357996617e-01 7.1695691590e-05
9.9355109191e-01 7.2737320520e-05
9.9352211154e-01 7.3792792860e-05
9.9349302507e-01 7.4862352060e-05
9.9346383236e-01 7.5945698390e-05
9.9343453282e-01 7.7042096550e-05
9.9340512603e-01 7.8151688440e-05
9.9337561127e-01 7.9274634490e-05
9.9334598796e-01 8.0411064230e-05
9.9331625554e-01 8.1561240810e-05
9.9328641328e-01 8.2725355480e-05
9.9325646089e-01 8.3903653920e-05
9.9322639780e-01 8.5096285430e-05
9.9319622345e-01 8.6303402880e-05
9.9316593753e-01 8.7525215000e-05
9.9313553933e-01 8.8761879860e-05
9.9310502857e-01 9.0013585340e-05
9.9307440452e-01 9.1280515990e-05
9.9304366691e-01 9.2562942720e-05
9.9301281500e-01 9.3861080960e-05
9.9298184853e-01 9.5175189550e-05
9.9295076675e-01 9.6505625120e-05
9.9291956940e-01 9.7852857510e-05
9.9288825633e-01 9.9217146410e-05
9.9285682710e-01 1.0059864530e-04
9.9282528171e-01 1.0199627670e-04
9.9279361931e-01 1.0340990400e-04
9.9276183961e-01 1.0483967920e-04
9.9272994188e-01 1.0628570380e-04
9.9269792556e-01 1.0774808300e-04
9.9266578978e-01 1.0922706720e-04
9.9263353412e-01 1.1072276550e-04
9.9260115756e-01 1.1223560950e-04
9.9256865982e-01 1.1376591670e-04
9.9253604004e-01 1.1531376020e-04
9.9250329779e-01 1.1687941700e-04
9.9247043220e-01 1.1846305240e-04
9.9243744300e-01 1.2006485470e-04
9.9240432960e-01 1.2168503250e-04
9.9237109128e-01 1.2332387310e-04
9.9233772777e-01 1.2498146880e-04
9.9230423834e-01 1.2665825480e-04
9.9227062241e-01 1.2835473480e-04
9.9223687957e-01 1.3007120370e-04
9.9220300922e-01 1.3180795770e-04
9.9216901095e-01 1.3356527710e-04
9.9213488475e-01 1.3534232660e-04
9.9210062990e-01 1.3713853820e-04
9.9206624569e-01 1.3895411310e-04
9.9203173183e-01 1.4078911280e-04
9.9199708775e-01 1.4264376660e-04
9.9196231272e-01 1.4451853520e-04
9.9192740617e-01 1.4641360400e-04
9.9189236782e-01 1.4832917540e-04
9.9185719723e-01 1.5026535770e-04
9.9182189369e-01 1.5222232140e-04
9.9178645734e-01 1.5420017410e-04
9.9175088747e-01 1.5619908870e-04
9.9171518420e-01 1.5821922150e-04
9.9167934699e-01 1.6026083620e-04
9.9164337595e-01 1.6232444230e-04
9.9160727081e-01 1.6441024310e-04
9.9157103129e-01 1.6651839350e-04
9.9153465766e-01 1.6864902730e-04
9.9149814936e-01 1.7080236560e-04
9.9146150667e-01 1.7297855950e-04
9.9142472930e-01 1.7517774780e-04
9.9138781740e-01 1.7740017990e-04
9.9135077111e-01 1.7964569750e-04
9.9131359057e-01 1.8191326520e-04
9.9127627565e-01 1.8420287090e-04
9.9123882605e-01 1.8651447640e-04
9.9120124148e-01 1.8884833950e-04
9.9116352195e-01 1.9120445970e-04
9.9112566689e-01 1.9358285190e-04
9.9108767586e-01 1.9598375040e-04
9.9104954885e-01 1.9840750620e-04
9.9101128545e-01 2.0085426890e-04
9.9097288551e-01 2.0332412050e-04
9.9093434859e-01 2.0581717450e-04
9.9089567427e-01 2.0833352400e-04
9.9085686183e-01 2.1087323820e-04
9.9081791083e-01 2.1343642930e-04
9.9077882042e-01 2.1602346760e-04
9.9073959031e-01 2.1863473680e-04
9.9070021978e-01 2.2127041670e-04
9.9066070854e-01 2.2393072440e-04
9.9062105602e-01 2.2661585230e-04
9.9058126165e-01 2.2932606510e-04
9.9054132470e-01 2.3206177110e-04
9.9050124489e-01 2.3482329510e-04
9.9046102180e-01 2.3761139730e-04
9.9042065498e-01 2.4042479710e-04
9.9038014401e-01 2.4326285950e-04
9.9033948816e-01 2.4612557030e-04
9.9029868688e-01 2.4901278630e-04
9.9025773943e-01 2.5192447860e-04
9.9021664539e-01 2.5486105500e-04
9.9017540418e-01 2.5782316810e-04
9.9013401566e-01 2.6081074990e-04
9.9009247925e-01 2.6382401040e-04
9.9005079453e-01 2.6686291670e-04
9.9000896120e-01 2.6992743480e-04
9.8996697885e-01 2.7301758490e-04
9.8992484702e-01 2.7613403800e-04
9.8988256545e-01 2.7927700270e-04
9.8984013397e-01 2.8244646780e-04
9.8979755218e-01 2.8564230210e-04
9.8975481977e-01 2.8886447180e-04
9.8971193617e-01 2.9211293360e-04
9.8966890095e-01 2.9538800490e-04
9.8962571383e-01 2.9869044000e-04
9.8958237423e-01 3.0202013880e-04
9.8953888157e-01 3.0537723410e-04
9.8949523528e-01 3.0876181620e-04
9.8945143480e-01 3.1217395320e-04
9.8940747953e-01 3.1561422510e-04
9.8936336949e-01 3.1908252670e-04
9.8931910395e-01 3.2257780590e-04
9.8927468235e-01 3.2609987690e-04
9.8923010381e-01 3.2964862110e-04
9.8918536734e-01 3.3322380530e-04
9.8914047192e-01 3.3682619470e-04
9.8909541685e-01 3.4045633230e-04
9.8905020111e-01 3.4411408880e-04
9.8900482371e-01 3.4779958780e-04
9.8895928406e-01 3.5151275550e-04
9.8891358088e-01 3.5525358710e-04
9.8886771315e-01 3.5902295660e-04
9.8882168017e-01 3.6282125270e-04
9.8877548064e-01 3.6664832620e-04
9.8872911369e-01 3.7050412780e-04
9.8868257819e-01 3.7438837110e-04
9.8863587312e-01 3.7830138740e-04
9.8858899733e-01 3.8224428080e-04
9.8854194954e-01 3.8621669580e-04
9.8849472859e-01 3.9021897480e-04
9.8844733320e-01 3.9425087980e-04
9.8839976192e-01 3.9831267780e-04
9.8835201347e-01 4.0240549730e-04
9.8830408611e-01 4.0652953450e-04
9.8825597886e-01 4.1068487760e-04
9.8820768998e-01 4.1487159630e-04
9.8815921861e-01 4.1908977570e-04
9.8811056318e-01 4.2334038370e-04
9.8806172267e-01 4.2762275430e-04
9.8801269551e-01 4.3193642600e-04
9.8796348026e-01 4.3628127080e-04
9.8791407550e-01 4.4065739510e-04
9.8786447962e-01 4.4506630760e-04
9.8781469078e-01 4.4950783590e-04
9.8776470783e-01 4.5398181640e-04
9.8771452903e-01 4.5848801720e-04
9.8766415267e-01 4.6302645470e-04
9.8761357716e-01 4.6759875000e-04
9.8756280094e-01 4.7220472000e-04
9.8751182183e-01 4.7684459760e-04
9.8746063842e-01 4.8151816960e-04
9.8740924854e-01 4.8622634620e-04
9.8735765019e-01 4.9096991680e-04
9.8730584164e-01 4.9574908200e-04
9.8725382116e-01 5.0056399070e-04
9.8720158676e-01 5.0541476040e-04
9.8714913656e-01 5.1030303810e-04
9.8709646869e-01 5.1522879130e-04
9.8704358115e-01 5.2019209630e-04
9.8699047192e-01 5.2519287350e-04
9.8693713857e-01 5.3023159340e-04
9.8688357923e-01 5.3530995950e-04
9.8682979160e-01 5.4042754470e-04
9.8677577338e-01 5.4558471760e-04
9.8672152228e-01 5.5078203990e-04
9.8666703585e-01 5.5602103380e-04
9.8661231180e-01 5.6130171840e-04
9.8655734812e-01 5.6662360140e-04
9.8650214294e-01 5.7198592510e-04
9.8644669383e-01 5.7739063630e-04
9.8639099847e-01 5.8283809540e-04
9.8633505459e-01 5.8832877460e-04
9.8627885987e-01 5.9386270340e-04
9.8622241188e-01 5.9944019710e-04
9.8616570832e-01 6.0506124320e-04
9.8610874676e-01 6.1072626570e-04
9.8605152474e-01 6.1643538510e-04
9.8599403968e-01 6.2219126850e-04
9.8593628887e-01 6.2799479000e-04
9.8587826956e-01 6.3384634170e-04
9.8581997918e-01 6.3974578860e-04
9.8576141514e-01 6.4569349370e-04
9.8570257485e-01 6.5168964030e-04
9.8564345545e-01 6.5773417400e-04
9.8558405463e-01 6.6382777930e-04
9.8552436910e-01 6.6997353100e-04
9.8546439613e-01 6.7617216930e-04
9.8540413299e-01 6.8242410360e-04
9.8534357665e-01 6.8872935250e-04
9.8528272455e-01 6.9508819180e-04
9.8522157381e-01 7.0150057920e-04
9.8516012126e-01 7.0796661090e-04
9.8509836390e-01 7.1448902230e-04
9.8503629857e-01 7.2106951960e-04
9.8497392210e-01 7.2770840820e-04
9.8491123177e-01 7.3440652730e-04
9.8484822442e-01 7.4116396640e-04
9.8478489760e-01 7.4798113860e-04
9.8472124860e-01 7.5485768380e-04
9.8465727425e-01 7.6179444340e-04
9.8459297140e-01 7.6879350750e-04
9.8452833702e-01 7.7585557450e-04
9.8446336782e-01 7.8298100920e-04
9.8439806092e-01 7.9017033810e-04
9.8433241331e-01 7.9742384440e-04
9.8426642198e-01 8.0474204120e-04
9.8420008405e-01 8.1212703900e-04
9.8413339593e-01 8.1958066440e-04
9.8406635447e-01 8.2710358150e-04
9.8399895679e-01 8.3469618930e-04
9.8393119959e-01 8.4235909210e-04
9.8386307985e-01 8.5009253330e-04
9.8379459428e-01 8.5789665170e-04
9.8372573986e-01 8.6577505440e-04
9.8365651299e-01 8.7372891120e-04
9.8358691053e-01 8.8175879910e-04
9.8351692945e-01 8.8986542250e-04
9.8344656703e-01 8.9804924180e-04
9.8337582039e-01 9.0631015280e-04
9.8330468623e-01 9.1465034210e-04
9.8323316155e-01 9.2307229170e-04
9.8316124302e-01 9.3157677680e-04
9.8308892794e-01 9.4016416880e-04
9.8301621342e-01 9.4883598480e-04
9.8294309717e-01 9.5759222210e-04
9.8286957646e-01 9.6643405270e-04
9.8279564857e-01 9.7536466860e-04
9.8272131061e-01 9.8438461770e-04
9.8264656001e-01 9.9349572760e-04
9.8257139433e-01 1.0026977530e-03
9.8249581127e-01 1.0119907010e-03
9.8241980867e-01 1.0213738510e-03
9.8234338366e-01 1.0308505510e-03
9.8226653338e-01 1.0404215900e-03
9.8218925538e-01 1.0500877300e-03
9.8211154736e-01 1.0598484720e-03
9.8203340717e-01 1.0697045420e-03
9.8195483252e-01 1.0796563390e-03
9.8187582066e-01 1.0897067690e-03
9.8179636918e-01 1.0998567390e-03
9.8171647547e-01 1.1101066060e-03
9.8163613768e-01 1.1204569050e-03
9.8155535350e-01 1.1309080920e-03
9.8147412093e-01 1.1414613860e-03
9.8139243781e-01 1.1521189120e-03
9.8131030170e-01 1.1628815480e-03
9.8122771030e-01 1.1737497570e-03
9.8114466133e-01 1.1847233470e-03
9.8106115232e-01 1.1958034050e-03
9.8097718014e-01 1.2069913890e-03
9.8089274219e-01 1.2182889000e-03
9.8080783617e-01 1.2296973100e-03
9.8072246023e-01 1.2412180000e-03
9.8063661363e-01 1.2528520960e-03
9.8055029481e-01 1.2646006860e-03
9.8046350232e-01 1.2764652880e-03
9.8037623488e-01 1.2884468130e-03
9.8028849075e-01 1.3005444570e-03
9.8020026866e-01 1.3127594100e-03
9.8011156716e-01 1.3250914380e-03
9.8002238453e-01 1.3375427970e-03
9.7993271904e-01 1.3501150850e-03
9.7984257013e-01 1.3628085770e-03
9.7975193751e-01 1.3756238250e-03
9.7966082131e-01 1.3885622870e-03
9.7956922126e-01 1.4016246600e-03
9.7947713734e-01 1.4148115860e-03
9.7938456885e-01 1.4281229520e-03
9.7929151507e-01 1.4415590260e-03
9.7919797528e-01 1.4551207010e-03
9.7910394876e-01 1.4688087780e-03
9.7900943464e-01 1.4826243820e-03
9.7891443251e-01 1.4965684590e-03
9.7881894134e-01 1.5106419070e-03
9.7872296058e-01 1.5248458240e-03
9.7862648935e-01 1.5391806920e-03
9.7852952695e-01 1.5536476060e-03
9.7843207236e-01 1.5682472080e-03
9.7833412472e-01 1.5829809120e-03
9.7823568317e-01 1.5978491150e-03
9.7813674671e-01 1.6128531030e-03
9.7803731419e-01 1.6279944980e-03
9.7793738445e-01 1.6432741770e-03
9.7783695650e-01 1.6586935650e-03
9.7773602905e-01 1.6742538300e-03
9.7763460093e-01 1.6899560240e-03
9.7753267116e-01 1.7058020670e-03
9.7743023871e-01 1.7217925640e-03
9.7732730231e-01 1.7379288720e-03
9.7722386109e-01 1.7542122540e-03
9.7711991419e-01 1.7706437800e-03
9.7701546103e-01 1.7872238740e-03
9.7691050046e-01 1.8039483730e-03
9.7680503163e-01 1.8208174380e-03
9.7669905339e-01 1.8378321800e-03
9.7659256501e-01 1.8549928490e-03
9.7648556549e-01 1.8723000980e-03
9.7637805441e-01 1.8897556370e-03
9.7627003176e-01 1.9073596460e-03
9.7616149725e-01 1.9251126330e-03
9.7605245074e-01 1.9430146620e-03
9.7594289137e-01 1.9610663420e-03
9.7583281871e-01 1.9792667850e-03
9.7572223147e-01 1.9976174380e-03
9.7561112835e-01 2.0161182350e-03
9.7549950806e-01 2.0347696090e-03
9.7538737003e-01 2.0535726370e-03
9.7527471440e-01 2.0725282910e-03
9.7516154118e-01 2.0916375650e-03
9.7504784992e-01 2.1108993940e-03
9.7493364035e-01 2.1303147290e-03
9.7481891131e-01 2.1498842710e-03
9.7470366180e-01 2.1696084090e-03
9.7458789067e-01 2.1894879340e-03
9.7447159577e-01 2.2095225250e-03
9.7435477537e-01 2.2297133710e-03
9.7423742661e-01 2.2500626670e-03
9.7411954747e-01 2.2705705110e-03
9.7400113608e-01 2.2912386920e-03
9.7388219159e-01 2.3120687940e-03
9.7376271314e-01 2.3330605290e-03
9.7364269956e-01 2.3542158470e-03
9.7352214915e-01 2.3755346010e-03
9.7340106033e-01 2.3970177520e-03
9.7327943107e-01 2.4186662840e-03
9.7315725895e-01 2.4404817070e-03
9.7303454123e-01 2.4624640980e-03
9.7291127518e-01 2.4846154940e-03
9.7278745765e-01 2.5069379350e-03
9.7266308563e-01 2.5294322440e-03
9.7253815724e-01 2.5521010330e-03
9.7241267047e-01 2.5749468970e-03
9.7228662289e-01 2.5979679230e-03
9.7216001234e-01 2.6211686430e-03
9.7203283609e-01 2.6445488560e-03
9.7190509127e-01 2.6681091280e-03
9.7177677501e-01 2.6918529340e-03
9.7164788401e-01 2.7157800580e-03
9.7151841482e-01 2.7398923260e-03
9.7138836399e-01 2.7641926030e-03
9.7125772852e-01 2.7886852510e-03
9.7112650567e-01 2.8133717330e-03
9.7099469271e-01 2.8382539250e-03
9.7086228677e-01 2.8633326660e-03
9.7072928485e-01 2.8886080820e-03
9.7059568420e-01 2.9140821610e-03
9.7046148138e-01 2.9397550930e-03
9.7032667324e-01 2.9656273640e-03
9.7019125648e-01 2.9917012010e-03
9.7005522764e-01 3.0179770100e-03
9.6991858342e-01 3.0444623630e-03
9.6978132125e-01 3.0711608270e-03
9.6964343824e-01 3.0980739590e-03
9.6950493182e-01 3.1252017500e-03
9.6936579969e-01 3.1525480240e-03
9.6922603968e-01 3.1801090300e-03
9.6908564923e-01 3.2078831630e-03
9.6894462589e-01 3.2358684260e-03
9.6880296663e-01 3.2640669120e-03
9.6866066889e-01 3.2924765080e-03
9.6851772978e-01 3.3211014780e-03
9.6837414630e-01 3.3499395700e-03
9.6822991528e-01 3.3789931080e-03
9.6808503371e-01 3.4082609630e-03
9.6793949828e-01 3.4377450170e-03
9.6779330569e-01 3.4674480350e-03
9.6764645337e-01 3.4973795600e-03
9.6749893872e-01 3.5275408710e-03
9.6735075930e-01 3.5579316300e-03
9.6720191224e-01 3.5885529620e-03
9.6705239468e-01 3.6194058110e-03
9.6690220373e-01 3.6504925880e-03
9.6675133653e-01 3.6818126350e-03
9.6659978964e-01 3.7133664410e-03
9.6644756003e-01 3.7451563610e-03
9.6629464383e-01 3.7771822330e-03
9.6614103774e-01 3.8094454500e-03
9.6598673759e-01 3.8419459690e-03
9.6583173951e-01 3.8746859800e-03
9.6567603947e-01 3.9076673290e-03
9.6551963361e-01 3.9408984790e-03
9.6536251847e-01 3.9743848520e-03
9.6520469075e-01 4.0081261710e-03
9.6504614687e-01 4.0421255800e-03
9.6488688322e-01 4.0763824850e-03
9.6472689609e-01 4.1108996920e-03
9.6456618145e-01 4.1456764550e-03
9.6440473528e-01 4.1807158980e-03
9.6424255342e-01 4.2160188360e-03
9.6407963170e-01 4.2515861880e-03
9.6391596552e-01 4.2874197960e-03
9.6375155044e-01 4.3235204120e-03
9.6358638158e-01 4.3598896190e-03
9.6342045420e-01 4.3965367530e-03
9.6325376341e-01 4.4334663130e-03
9.6308630476e-01 4.4706830920e-03
9.6291807367e-01 4.5081906620e-03
9.6274906582e-01 4.5459865720e-03
9.6257927676e-01 4.5840766080e-03
9.6240870204e-01 4.6224613150e-03
9.6223733736e-01 4.6611418970e-03
9.6206517869e-01 4.7001210620e-03
9.6189222143e-01 4.7393994830e-03
9.6171846158e-01 4.7789782630e-03
9.6154389496e-01 4.8188613790e-03
9.6136851670e-01 4.8590508620e-03
9.6119232190e-01 4.8995587980e-03
9.6101530556e-01 4.9403892620e-03
9.6083746278e-01 4.9815427440e-03
9.6065878911e-01 5.0230235000e-03
9.6047927996e-01 5.0648326900e-03
9.6029893117e-01 5.1069740990e-03
9.6011773900e-01 5.1494452150e-03
9.5993569957e-01 5.1922519490e-03
9.5975280945e-01 5.2353915730e-03
9.5956906518e-01 5.2788664150e-03
9.5938446389e-01 5.3226770450e-03
9.5919900186e-01 5.3668314050e-03
9.5901267519e-01 5.4113381460e-03
9.5882548031e-01 5.4562008200e-03
9.5863741320e-01 5.5014193320e-03
9.5844847025e-01 5.5469950110e-03
9.5825864790e-01 5.5929341570e-03
9.5806794296e-01 5.6392350470e-03
9.5787635172e-01 5.6858931010e-03
9.5768387073e-01 5.7329077930e-03
9.5749049640e-01 5.7802834220e-03
9.5729622499e-01 5.8280175450e-03
9.5710105291e-01 5.8761194290e-03
9.5690497615e-01 5.9245964660e-03
9.5670799140e-01 5.9734514570e-03
9.5651009450e-01 6.0226858800e-03
9.5631128201e-01 6.0722985510e-03
9.5611154989e-01 6.1222953790e-03
9.5591089472e-01 6.1726756550e-03
9.5570931246e-01 6.2234408330e-03
9.5550679938e-01 6.2745908110e-03
9.5530335161e-01 6.3261276660e-03
9.5509896556e-01 6.3780577770e-03
9.5489363720e-01 6.4303888310e-03
9.5468736296e-01 6.4831264820e-03
9.5448013894e-01 6.5362687100e-03
9.5427196128e-01 6.5898206910e-03
9.5406282538e-01 6.6437832310e-03
9.5385272722e-01 6.6981560170e-03
9.5364166192e-01 6.7529426950e-03
9.5342962474e-01 6.8081426490e-03
9.5321661080e-01 6.8637604140e-03
9.5300261492e-01 6.9198003620e-03
9.5278763181e-01 6.9762754640e-03
9.5257165642e-01 7.0331891750e-03
9.5235468346e-01 7.0905460950e-03
9.5213670789e-01 7.1483502760e-03
9.5191772498e-01 7.2066051620e-03
9.5169772956e-01 7.2653130300e-03
9.5147671688e-01 7.3244790930e-03
9.5125468207e-01 7.3841045360e-03
9.5103162054e-01 7.4441956670e-03
9.5080752754e-01 7.5047529460e-03
9.5058239863e-01 7.5657790720e-03
9.5035622935e-01 7.6272804520e-03
9.5012901525e-01 7.6892586380e-03
9.4990075232e-01 7.7517152220e-03
9.4967143638e-01 7.8146498440e-03
9.4944106328e-01 7.8780724050e-03
9.4920962943e-01 7.9419773310e-03
9.4897713051e-01 8.0063766340e-03
9.4874356222e-01 8.0712838130e-03
9.4850891969e-01 8.1367085910e-03
9.4827319874e-01 8.2026533790e-03
9.4803639492e-01 8.2691212260e-03
9.4779850393e-01 8.3361137700e-03
9.4755952146e-01 8.4036345950e-03
9.4731944363e-01 8.4716866530e-03
9.4707826628e-01 8.5402724580e-03
9.4683598554e-01 8.6093951900e-03
9.4659259752e-01 8.6790561130e-03
9.4634809835e-01 8.7492550520e-03
9.4610248430e-01 8.8199934630e-03
9.4585575163e-01 8.8912759110e-03
9.4560789676e-01 8.9631021950e-03
9.4535891609e-01 9.0354707080e-03
9.4510880589e-01 9.1083873970e-03
9.4485756243e-01 9.1818560630e-03
9.4460518198e-01 9.2559036510e-03
9.4435166080e-01 9.3305355360e-03
9.4409699559e-01 9.4057517850e-03
9.4384118218e-01 9.4815576070e-03
9.4358421699e-01 9.5579628380e-03
9.4332609629e-01 9.6349607900e-03
9.4306681634e-01 9.7125659250e-03
9.4280637326e-01 9.7907783150e-03
9.4254476332e-01 9.8696026810e-03
9.4228198294e-01 9.9490424900e-03
9.4201802823e-01 1.0029102870e-02
9.4175289546e-01 1.0109778850e-02
9.4148658062e-01 1.0191073610e-02
9.4121907967e-01 1.0272993230e-02
9.4095038861e-01 1.0355537000e-02
9.4068050298e-01 1.0438710890e-02
9.4040941891e-01 1.0522518380e-02
9.4013713208e-01 1.0606960580e-02
9.3986363804e-01 1.0692042960e-02
9.3958893250e-01 1.0777770700e-02
9.3931301128e-01 1.0864143200e-02
9.3903586950e-01 1.0951167010e-02
9.3875750300e-01 1.1038842600e-02
9.3847790705e-01 1.1127174780e-02
9.3819707689e-01 1.1216165080e-02
9.3791500795e-01 1.1305821630e-02
9.3763169533e-01 1.1396140330e-02
9.3734713416e-01 1.1487130810e-02
9.3706131970e-01 1.1578789780e-02
9.3677424663e-01 1.1671144680e-02
9.3648590978e-01 1.1764214050e-02
9.3619630457e-01 1.1858005950e-02
9.3590542597e-01 1.1952522610e-02
9.3561326937e-01 1.2047772180e-02
9.3531982962e-01 1.2143756460e-02
9.3502510227e-01 1.2240481030e-02
9.3472908242e-01 1.2337958380e-02
9.3443176549e-01 1.2436186030e-02
9.3413314688e-01 1.2535172980e-02
9.3383322200e-01 1.2634927020e-02
9.3353198625e-01 1.2735444280e-02
9.3322943518e-01 1.2836738770e-02
9.3292556463e-01 1.2938810590e-02
9.3262037000e-01 1.3041666890e-02
9.3231384714e-01 1.3145309690e-02
9.3200599186e-01 1.3249741860e-02
9.3169680017e-01 1.3354975600e-02
9.3138626774e-01 1.3461007110e-02
9.3107439099e-01 1.3567840700e-02
9.3076116576e-01 1.3675482580e-02
9.3044658845e-01 1.3783937250e-02
9.3013065548e-01 1.3893207600e-02
9.2981336312e-01 1.4003289460e-02
9.2949470791e-01 1.4114191870e-02
9.2917468612e-01 1.4225920910e-02
9.2885329402e-01 1.4338500310e-02
9.2853052774e-01 1.4451954400e-02
9.2820638326e-01 1.4566279810e-02
9.2788085669e-01 1.4681490490e-02
9.2755394431e-01 1.4797587290e-02
9.2722564238e-01 1.4914577180e-02
9.2689594688e-01 1.5032465250e-02
9.2656485451e-01 1.5151258660e-02
9.2623236125e-01 1.5270960540e-02
9.2589846365e-01 1.5391574250e-02
9.2556315784e-01 1.5513117340e-02
9.2522644037e-01 1.5635576500e-02
9.2488830765e-01 1.5758971880e-02
9.2454875609e-01 1.5883299250e-02
9.2420778225e-01 1.6008562420e-02
9.2386538254e-01 1.6134776940e-02
9.2352155351e-01 1.6261939600e-02
9.2317629185e-01 1.6390050260e-02
9.2282959399e-01 1.6519122770e-02
9.2248145675e-01 1.6649153850e-02
9.2213187670e-01 1.6780145870e-02
9.2178085039e-01 1.6912112340e-02
9.2142837494e-01 1.7045049460e-02
9.2107444692e-01 1.7178991410e-02
9.2071906330e-01 1.7313951940e-02
9.2036222136e-01 1.7449934480e-02
9.2000391851e-01 1.7586951880e-02
9.1964415160e-01 1.7725002640e-02
9.1928291818e-01 1.7864096050e-02
9.1892021509e-01 1.8004231840e-02
9.1855603919e-01 1.8145409740e-02
9.1819038744e-01 1.8287636050e-02
9.1782325627e-01 1.8430919860e-02
9.1745464280e-01 1.8575267120e-02
9.1708454315e-01 1.8720680530e-02
9.1671295417e-01 1.8867165070e-02
9.1633987211e-01 1.9014725910e-02
9.1596529340e-01 1.9163375210e-02
9.1558921416e-01 1.9313120190e-02
9.1521163080e-01 1.9463948050e-02
9.1483253929e-01 1.9615883550e-02
9.1445193547e-01 1.9768924280e-02
9.1406981532e-01 1.9923079420e-02
9.1368617483e-01 2.0078361510e-02
9.1330101011e-01 2.0234798010e-02
9.1291431787e-01 2.0392396860e-02
9.1252609451e-01 2.0551165260e-02
9.1213633630e-01 2.0711113760e-02
9.1174504008e-01 2.0872247860e-02
9.1135220227e-01 2.1034572880e-02
9.1095781956e-01 2.1198097080e-02
9.1056188850e-01 2.1362826430e-02
9.1016440565e-01 2.1528773920e-02
9.0976536785e-01 2.1695938730e-02
9.0936477179e-01 2.1864334370e-02
9.0896261419e-01 2.2033960730e-02
9.0855889172e-01 2.2204830350e-02
9.0815360124e-01 2.2376947940e-02
9.0774673944e-01 2.2550315930e-02
9.0733830346e-01 2.2724945440e-02
9.0692828983e-01 2.2900841310e-02
9.0651669556e-01 2.3078010090e-02
9.0610351748e-01 2.3256474340e-02
9.0568875200e-01 2.3436258600e-02
9.0527239610e-01 2.3617373500e-02
9.0485444663e-01 2.3799819820e-02
9.0443490072e-01 2.3983619360e-02
9.0401375535e-01 2.4168763820e-02
9.0359100765e-01 2.4355266290e-02
9.0316665503e-01 2.4543135120e-02
9.0274069463e-01 2.4732376720e-02
9.0231312414e-01 2.4923007010e-02
9.0188394098e-01 2.5115018420e-02
9.0145314272e-01 2.5308426250e-02
9.0102072705e-01 2.5503228100e-02
9.0058669196e-01 2.5699444770e-02
9.0015103516e-01 2.5897063680e-02
8.9971375463e-01 2.6096105990e-02
8.9927484837e-01 2.6296568220e-02
8.9883431436e-01 2.6498461670e-02
8.9839215046e-01 2.6701839740e-02
8.9794835465e-01 2.6906689800e-02
8.9750292507e-01 2.7113037420e-02
8.9705585984e-01 2.7320882060e-02
8.9660715725e-01 2.7530237100e-02
8.9615681529e-01 2.7741111290e-02
8.9570483209e-01 2.7953514020e-02
8.9525120606e-01 2.8167452100e-02
8.9479593521e-01 2.8382936250e-02
8.9433901780e-01 2.8599973410e-02
8.9388045212e-01 2.8818581840e-02
8.9342023658e-01 2.9038759450e-02
8.9295836904e-01 2.9260519200e-02
8.9249484819e-01 2.9483880920e-02
8.9202967232e-01 2.9708841280e-02
8.9156283985e-01 2.9935407410e-02
8.9109434876e-01 3.0163594520e-02
8.9062419777e-01 3.0393415280e-02
8.9015238500e-01 3.0624873080e-02
8.8967890903e-01 3.0857980690e-02
8.8920376812e-01 3.1092739170e-02
8.8872696085e-01 3.1329166440e-02
8.8824848564e-01 3.1567267600e-02
8.8776834104e-01 3.1807042160e-02
8.8728652548e-01 3.2048499780e-02
8.8680303724e-01 3.2291641770e-02
8.8631787473e-01 3.2536474310e-02
8.8583103624e-01 3.2783015190e-02
8.8534252032e-01 3.3031253970e-02
8.8485232512e-01 3.3281222930e-02
8.8436044919e-01 3.3532930650e-02
8.8386689110e-01 3.3786418170e-02
8.8337164942e-01 3.4041700280e-02
8.8287472342e-01 3.4298789140e-02
8.8237611153e-01 3.4557687680e-02
8.8187581260e-01 3.4818401600e-02
8.8137382547e-01 3.5080949800e-02
8.8087014915e-01 3.5345357170e-02
8.8036478263e-01 3.5611603630e-02
8.7985772462e-01 3.5879719140e-02
8.7934897425e-01 3.6149716370e-02
8.7883853038e-01 3.6421592490e-02
8.7832639215e-01 3.6695381340e-02
8.7781255855e-01 3.6971067940e-02
8.7729702871e-01 3.7248679080e-02
8.7677980193e-01 3.7528210920e-02
8.7626087705e-01 3.7809692390e-02
8.7574025335e-01 3.8093115480e-02
8.7521793027e-01 3.8378500980e-02
8.7469390708e-01 3.8665863820e-02
8.7416818292e-01 3.8955190560e-02
8.7364075721e-01 3.9246514600e-02
8.7311162953e-01 3.9539832260e-02
8.7258079916e-01 3.9835161100e-02
8.7204826581e-01 4.0132510950e-02
8.7151402905e-01 4.0431874650e-02
8.7097808846e-01 4.0733275690e-02
8.7044044344e-01 4.1036753960e-02
8.6990109401e-01 4.1342325690e-02
8.6936004017e-01 4.1650015850e-02
8.6881728162e-01 4.1959822850e-02
8.6827281852e-01 4.2271787380e-02
8.6772665114e-01 4.2585895130e-02
8.6717877935e-01 4.2902162080e-02
8.6662920329e-01 4.3220602360e-02
8.6607792325e-01 4.3541224160e-02
8.6552493907e-01 4.3864042400e-02
8.6497025120e-01 4.4189072810e-02
8.6441385992e-01 4.4516313650e-02
8.6385576524e-01 4.4845785030e-02
8.6329596742e-01 4.5177495820e-02
8.6273446692e-01 4.5511458300e-02
8.6217126401e-01 4.5847675270e-02
8.6160635884e-01 4.6186160930e-02
8.6103975170e-01 4.6526922930e-02
8.6047144287e-01 4.6869982570e-02
8.5990143293e-01 4.7215335850e-02
8.5932972216e-01 4.7563018570e-02
8.5875631085e-01 4.7913002400e-02
8.5818119929e-01 4.8265313660e-02
8.5760438792e-01 4.8619973670e-02
8.5702587686e-01 4.8976999340e-02
8.5644566699e-01 4.9336433040e-02
8.5586375845e-01 4.9698282320e-02
8.5528015239e-01 5.0062579510e-02
8.5469484966e-01 5.0429314990e-02
8.5410785070e-01 5.0798527230e-02
8.5351915681e-01 5.1170219140e-02
8.5292876884e-01 5.1544397390e-02
8.5233668765e-01 5.1921085810e-02
8.5174291468e-01 5.2300285040e-02
8.5114745065e-01 5.2682041680e-02
8.5055029714e-01 5.3066335370e-02
8.4995145529e-01 5.3453191500e-02
8.4935092612e-01 5.3842620240e-02
8.4874871133e-01 5.4234632460e-02
8.4814481195e-01 5.4629260790e-02
8.4753922969e-01 5.5026493930e-02
8.4693196599e-01 5.5426370970e-02
8.4632302242e-01 5.5828870330e-02
8.4571240043e-01 5.6234036200e-02
8.4510010173e-01 5.6641843570e-02
8.4448612777e-01 5.7052323730e-02
8.4387047997e-01 5.7465488180e-02
8.4325315963e-01 5.7881363090e-02
8.4263416847e-01 5.8299999430e-02
8.4201350793e-01 5.8721378880e-02
8.4139118002e-01 5.9145532980e-02
8.4076718603e-01 5.9572455120e-02
8.4014152769e-01 6.0002191900e-02
8.3951420671e-01 6.0434708330e-02
8.3888522468e-01 6.0870068060e-02
8.3825458374e-01 6.1308272400e-02
8.3762228549e-01 6.1749296080e-02
8.3698833178e-01 6.2193211110e-02
8.3635272462e-01 6.2639987450e-02
8.3571546575e-01 6.3089665230e-02
8.3507655744e-01 6.3542241220e-02
8.3443600144e-01 6.3997727200e-02
8.3379379975e-01 6.4456132530e-02
8.3314995452e-01 6.4917493890e-02
8.3250446805e-01 6.5381803780e-02
8.3185734220e-01 6.5849069830e-02
8.3120857928e-01 6.6319323320e-02
8.3055818115e-01 6.6792614940e-02
8.2990615024e-01 6.7268947070e-02
8.2925248844e-01 6.7748340270e-02
8.2859719803e-01 6.8230801620e-02
8.2794028160e-01 6.8716384030e-02
8.2728174130e-01 6.9205066620e-02
8.2662157986e-01 6.9696860860e-02
8.2595979958e-01 7.0191817320e-02
8.2529640319e-01 7.0689924530e-02
8.2463139355e-01 7.1191209160e-02
8.2396477311e-01 7.1695657030e-02
8.2329654474e-01 7.2203319870e-02
8.2262671131e-01 7.2714205330e-02
8.2195527598e-01 7.3228314380e-02
8.2128224148e-01 7.3745667840e-02
8.2060761097e-01 7.4266287290e-02
8.1993138745e-01 7.4790175570e-02
8.1925357425e-01 7.5317341920e-02
8.1857417421e-01 7.5847844010e-02
8.1789319051e-01 7.6381668330e-02
8.1721062617e-01 7.6918886900e-02
8.1652648433e-01 7.7459480820e-02
8.1584076815e-01 7.8003486460e-02
8.1515348095e-01 7.8550927290e-02
8.1446462573e-01 7.9101795220e-02
8.1377420579e-01 7.9656105620e-02
8.1308222402e-01 8.0213888020e-02
8.1238868399e-01 8.0775187390e-02
8.1169358873e-01 8.1339975920e-02
8.1099694167e-01 8.1908296170e-02
8.1029874598e-01 8.2480148550e-02
8.0959900496e-01 8.3055584370e-02
8.0889772206e-01 8.3634577360e-02
8.0819490043e-01 8.4217162220e-02
8.0749054352e-01 8.4803354440e-02
8.0678465478e-01 8.5393173780e-02
8.0607723764e-01 8.5986638480e-02
8.0536829557e-01 8.6583752100e-02
8.0465783200e-01 8.7184548660e-02
8.0394585067e-01 8.7789040740e-02
8.0323235502e-01 8.8397237540e-02
8.0251734878e-01 8.9009159350e-02
8.0180083555e-01 8.9624807250e-02
8.0108281906e-01 9.0244214100e-02
8.0036330304e-01 9.0867447590e-02
7.9964229165e-01 9.1494512100e-02
7.9891978863e-01 9.2125409540e-02
7.9819579829e-01 9.2760203810e-02
7.9747032436e-01 9.3398885410e-02
7.9674337099e-01 9.4041478680e-02
7.9601494208e-01 9.4688004310e-02
7.9528504163e-01 9.5338469960e-02
7.9455367353e-01 9.5992907780e-02
7.9382084180e-01 9.6651310350e-02
7.9308655045e-01 9.7313735600e-02
7.9235080336e-01 9.7980183570e-02
7.9161360470e-01 9.8650674070e-02
7.9087495820e-01 9.9325198390e-02
7.9013486774e-01 1.0000380190e-01
7.8939333733e-01 1.0068650380e-01
7.8865037085e-01 1.0137328100e-01
7.8790597204e-01 1.0206419190e-01
7.8716014491e-01 1.0275920210e-01
7.8641289277e-01 1.0345835460e-01
7.8566421950e-01 1.0416167820e-01
7.8491412883e-01 1.0486917570e-01
7.8416262448e-01 1.0558088070e-01
7.8340971020e-01 1.0629681860e-01
7.8265538972e-01 1.0701700910e-01
7.8189966734e-01 1.0774153940e-01
7.8114254694e-01 1.0847036940e-01
7.8038403268e-01 1.0920356180e-01
7.7962412874e-01 1.0994111250e-01
7.7886283941e-01 1.1068309420e-01
7.7810016886e-01 1.1142942870e-01
7.7733612082e-01 1.1218023740e-01
7.7657069974e-01 1.1293546730e-01
7.7580390965e-01 1.1369518350e-01
7.7503575471e-01 1.1445938520e-01
7.7426623936e-01 1.1522811720e-01
7.7349536763e-01 1.1600137650e-01
7.7272314383e-01 1.1677921160e-01
7.7194957197e-01 1.1756159970e-01
7.7117465651e-01 1.1834859290e-01
7.7039840161e-01 1.1914023150e-01
7.6962081129e-01 1.1993648960e-01
7.6884189029e-01 1.2073744120e-01
7.6806164235e-01 1.2154303960e-01
7.6728007204e-01 1.2235335710e-01
7.6649718327e-01 1.2316839230e-01
7.6571298060e-01 1.2398817880e-01
7.6492746822e-01 1.2481277260e-01
7.6414065043e-01 1.2564210880e-01
7.6335253139e-01 1.2647627990e-01
7.6256311542e-01 1.2731529100e-01
7.6177240666e-01 1.2815914310e-01
7.6098040943e-01 1.2900786900e-01
7.6018712819e-01 1.2986149480e-01
7.5939256681e-01 1.3072002210e-01
7.5859672973e-01 1.3158350410e-01
7.5779962113e-01 1.3245192430e-01
7.5700124516e-01 1.3332533590e-01
7.5620160614e-01 1.3420377270e-01
7.5540070822e-01 1.3508727810e-01
7.5459855587e-01 1.3597590720e-01
7.5379515352e-01 1.3686968410e-01
7.5299050564e-01 1.3776860330e-01
7.5218461652e-01 1.3867269530e-01
7.5137749048e-01 1.3958200380e-01
7.5056913196e-01 1.4049654760e-01
7.4975954557e-01 1.4141638410e-01
7.4894873560e-01 1.4234149180e-01
7.4813670680e-01 1.4327189310e-01
7.4732346333e-01 1.4420767650e-01
7.4650900964e-01 1.4514878490e-01
7.4569335061e-01 1.4609533930e-01
7.4487649027e-01 1.4704724450e-01
7.4405843334e-01 1.4800464860e-01
7.4323918414e-01 1.4896749770e-01
7.4241874713e-01 1.4993585230e-01
7.4159712717e-01 1.5090970410e-01
7.4077432844e-01 1.5188912100e-01
7.3995035581e-01 1.5287414850e-01
7.3912521346e-01 1.5386472140e-01
7.3829890596e-01 1.5486092740e-01
7.3747143793e-01 1.5586281380e-01
7.3664281381e-01 1.5687035540e-01
7.3581303833e-01 1.5788364540e-01
7.3498211595e-01 1.5890261100e-01
7.3415005127e-01 1.5992732480e-01
7.3331684858e-01 1.6095787550e-01
7.3248251264e-01 1.6199417030e-01
7.3164704788e-01 1.6303628500e-01
7.3081045891e-01 1.6408432530e-01
7.2997275046e-01 1.6513828670e-01
7.2913392713e-01 1.6619822270e-01
7.2829399337e-01 1.6726413820e-01
7.2745295391e-01 1.6833610090e-01
7.2661081349e-01 1.6941414600e-01
7.2576757657e-01 1.7049826780e-01
7.2492324788e-01 1.7158850070e-01
7.2407783202e-01 1.7268492690e-01
7.2323133372e-01 1.7378749550e-01
7.2238375716e-01 1.7489627800e-01
7.2153510749e-01 1.7601129440e-01
7.2068538902e-01 1.7713260830e-01
7.1983460650e-01 1.7826016160e-01
7.1898276466e-01 1.7939407620e-01
7.1812986781e-01 1.8053427590e-01
7.1727592069e-01 1.8168085340e-01
7.1642092774e-01 1.8283384780e-01
7.1556489342e-01 1.8399317850e-01
7.1470782218e-01 1.8515899020e-01
7.1384971848e-01 1.8633127380e-01
7.1299058675e-01 1.8750999700e-01
7.1213042672e-01 1.8869530680e-01
7.1126924197e-01 1.8988720080e-01
7.1040762864e-01 1.9112171290e-01
7.0954805383e-01 1.9240250440e-01
7.0869075617e-01 1.9369723370e-01
7.0783074919e-01 1.9501133540e-01
7.0696480842e-01 1.9635003470e-01
7.0609321613e-01 1.9771374940e-01
7.0521617347e-01 1.9910087390e-01
7.0433394794e-01 2.0051045640e-01
7.0344685468e-01 2.0194339080e-01
7.0255505579e-01 2.0340121030e-01
7.0165859550e-01 2.0488353600e-01
7.0075757330e-01 2.0638911090e-01
6.9985217312e-01 2.0791809770e-01
6.9894258162e-01 2.0947187980e-01
6.9802895284e-01 2.1105071720e-01
6.9711142951e-01 2.1265325990e-01
6.9619015434e-01 2.1427857360e-01
6.9526525354e-01 2.1592780160e-01
6.9433683321e-01 2.1760178950e-01
6.9340500132e-01 2.1929979440e-01
6.9246987532e-01 2.2102095950e-01
6.9153156850e-01 2.2276569740e-01
6.9059018551e-01 2.2453457120e-01
6.8964583017e-01 2.2632728890e-01
6.8869860557e-01 2.2814371590e-01
6.8774860834e-01 2.2998417340e-01
6.8679592935e-01 2.3184884810e-01
6.8584065706e-01 2.3373736550e-01
6.8488287430e-01 2.3564975190e-01
6.8392265804e-01 2.3758615690e-01
6.8296008711e-01 2.3954675010e-01
6.8199524519e-01 2.4153169760e-01
6.8102821544e-01 2.4354077620e-01
6.8005908155e-01 2.4557410930e-01
6.7908792622e-01 2.4763179140e-01
6.7811481766e-01 2.4971391770e-01
6.7713980899e-01 2.5182061400e-01
6.7616294644e-01 2.5395212290e-01
6.7518427208e-01 2.5610862580e-01
6.7420382352e-01 2.5829031080e-01
6.7322163523e-01 2.6049741490e-01
6.7223773721e-01 2.6273013170e-01
6.7125215703e-01 2.6498885740e-01
6.7026491939e-01 2.6727373530e-01
6.6927604783e-01 2.6958507890e-01
6.6828556489e-01 2.7192323450e-01
6.6729349254e-01 2.7428843640e-01
6.6629985405e-01 2.7668107570e-01
6.6530467381e-01 2.7910137330e-01
6.6430797782e-01 2.8154959410e-01
6.6330979493e-01 2.8402611100e-01
6.6231015531e-01 2.8653112920e-01
6.6130909182e-01 2.8906501750e-01
6.6030663935e-01 2.9162788530e-01
6.5930283453e-01 2.9422016790e-01
6.5829771525e-01 2.9684203830e-01
6.5729132013e-01 2.9949367680e-01
6.5628368838e-01 3.0217553990e-01
6.5527485918e-01 3.0488771630e-01
6.5426487174e-01 3.0763053140e-01
6.5325376468e-01 3.1040428700e-01
6.5224157619e-01 3.1320922260e-01
6.5122834303e-01 3.1604556960e-01
6.5021410166e-01 3.1891355440e-01
6.4919888726e-01 3.2181350830e-01
6.4818273459e-01 3.2474573290e-01
6.4716567693e-01 3.2771056940e-01
6.4614774719e-01 3.3070817410e-01
6.4512897708e-01 3.3373900580e-01
6.4410939935e-01 3.3680325250e-01
6.4308904759e-01 3.3990134310e-01
6.4206795037e-01 3.4303343280e-01
6.4104613052e-01 3.4620008060e-01
6.4002360872e-01 3.4940145790e-01
6.3900040578e-01 3.5263816240e-01
6.3797654296e-01 3.5591042220e-01
6.3695204108e-01 3.5921866140e-01
6.3592692080e-01 3.6256321400e-01
6.3490120310e-01 3.6594447210e-01
6.3387490864e-01 3.6936288730e-01
6.3284805811e-01 3.7281892780e-01
6.3182067174e-01 3.7631282350e-01
6.3079276964e-01 3.7984507070e-01
6.2976437162e-01 3.8341596490e-01
6.2873549721e-01 3.8702603490e-01
6.2770616565e-01 3.9067558240e-01
6.2667639589e-01 3.9436511770e-01
6.2564620673e-01 3.9809502610e-01
6.2461561685e-01 4.0186576370e-01
6.2358464419e-01 4.0567752990e-01
6.2255330670e-01 4.0953100200e-01
6.2152162232e-01 4.1342655780e-01
6.2048960858e-01 4.1736465240e-01
6.1945728270e-01 4.2134552800e-01
6.1842466176e-01 4.2536980930e-01
6.1739176329e-01 4.2943785820e-01
6.1635860480e-01 4.3355012600e-01
6.1532520337e-01 4.3770695760e-01
6.1429157423e-01 4.4190908690e-01
6.1325773087e-01 4.4615667750e-01
6.1222368622e-01 4.5045057260e-01
6.1118945319e-01 4.5479109600e-01
6.1015504427e-01 4.5917864730e-01
6.0912047096e-01 4.6361373430e-01
6.0808574546e-01 4.6809715210e-01
6.0705087940e-01 4.7262894210e-01
6.0601588354e-01 4.7720998930e-01
6.0498076937e-01 4.8184070970e-01
6.0394554752e-01 4.8652164430e-01
6.0291022861e-01 4.9125334310e-01
6.0187482341e-01 4.9603633350e-01
6.0083934197e-01 5.0087107570e-01
5.9980379434e-01 5.0575826740e-01
5.9876819071e-01 5.1069840990e-01
5.9773254085e-01 5.1569211280e-01
5.9669685453e-01 5.2074002620e-01
5.9566114149e-01 5.2584253760e-01
5.9462541094e-01 5.3100035630e-01
5.9358967236e-01 5.3621407070e-01
5.9255393506e-01 5.4148430080e-01
5.9151820839e-01 5.4681163740e-01
5.9048250139e-01 5.5219680230e-01
5.8944682296e-01 5.5764009620e-01
5.8841118243e-01 5.6314269140e-01
5.8737558871e-01 5.6870461860e-01
5.8634005070e-01 5.7432675820e-01
5.8530457701e-01 5.8000941710e-01
5.8426917612e-01 5.8575370360e-01
5.8323385664e-01 5.9155971030e-01
5.8219862674e-01 5.9742881810e-01
5.8116349563e-01 6.0336100570e-01
5.8012847120e-01 6.0935740360e-01
5.7909356206e-01 6.1541837480e-01
5.7805877683e-01 6.2154488710e-01
5.7702412369e-01 6.2773745680e-01
5.7598961097e-01 6.3399663730e-01
5.7495524714e-01 6.4032353310e-01
5.7392104053e-01 6.4671862830e-01
5.7288699975e-01 6.5318248900e-01
5.7185313299e-01 6.5971618880e-01
5.7081944901e-01 6.6632039380e-01
5.6978595612e-01 6.7299556260e-01
5.6875266310e-01 6.7974280960e-01
5.6771957840e-01 6.8656253540e-01
5.6668671051e-01 6.9345596040e-01
5.6565406862e-01 7.0042337930e-01
5.6462166104e-01 7.0746564960e-01
5.6358949668e-01 7.1458398060e-01
5.6255758459e-01 7.2177848980e-01
5.6152593381e-01 7.2905067690e-01
5.6049455368e-01 7.3640085980e-01
5.5946345294e-01 7.4383001310e-01
5.5843263908e-01 7.5133882810e-01
5.5740211970e-01 7.5892847150e-01
5.5637190255e-01 7.6659944580e-01
5.5534199567e-01 7.7435288010e-01
5.5431240652e-01 7.8218933460e-01
5.5328314330e-01 7.9010986390e-01
5.5225421390e-01 7.9811537460e-01
5.5122562679e-01 8.0620692850e-01
5.5019739030e-01 8.1438529020e-01
5.4916951275e-01 8.2265142030e-01
5.4814200247e-01 8.3100603700e-01
5.4711486794e-01 8.3945047040e-01
5.4608811763e-01 8.4798535750e-01
5.4506175999e-01 8.5661179840e-01
5.4403580366e-01 8.6533057510e-01
5.4301025696e-01 8.7414273240e-01
5.4198512836e-01 8.8304924950e-01
5.4096042632e-01 8.9205117630e-01
5.3993615948e-01 9.0114942980e-01
5.3891233614e-01 9.1034490250e-01
5.3788896465e-01 9.1963886600e-01
5.3686605332e-01 9.2903200530e-01
5.3584361034e-01 9.3852553100e-01
5.3482164433e-01 9.4812066580e-01
5.3380016318e-01 9.5781794940e-01
5.3277917523e-01 9.6761921050e-01
5.3175868836e-01 9.7752480340e-01
5.3073871062e-01 9.8753602180e-01
5.2971925004e-01 9.9765436900e-01
5.2870031454e-01 1.0078799690e+00
5.2768191156e-01 1.0182146350e+00
5.2666404886e-01 1.0286588310e+00
5.2564673335e-01 1.0392137590e+00
5.2462997276e-01 1.0498808750e+00
5.2361377370e-01 1.0606608750e+00
5.2259814350e-01 1.0715550420e+00
5.2158308891e-01 1.0825645510e+00
5.2056861638e-01 1.0936905060e+00
5.1955473238e-01 1.1049338210e+00
5.1854144336e-01 1.1162963980e+00
5.1752875565e-01 1.1277787870e+00
5.1651667513e-01 1.1393825690e+00
5.1550520783e-01 1.1511085580e+00
5.1449435965e-01 1.1629584530e+00
5.1348413602e-01 1.1749331500e+00
5.1247454213e-01 1.1870335410e+00
5.1146558314e-01 1.1992618550e+00
5.1045726451e-01 1.2116185470e+00
5.0944959069e-01 1.2241053340e+00
5.0844256655e-01 1.2367234550e+00
5.0743619656e-01 1.2494742510e+00
5.0643048502e-01 1.2623585430e+00
5.0542543581e-01 1.2753783990e+00
5.0442105322e-01 1.2885352630e+00
5.0341734072e-01 1.3018295070e+00
5.0241430188e-01 1.3152633580e+00
5.0141194016e-01 1.3288381320e+00
5.0041025857e-01 1.3425547670e+00
4.9940926012e-01 1.3564155050e+00
4.9840894768e-01 1.3704209180e+00
4.9740932385e-01 1.3845728150e+00
4.9641039063e-01 1.3988731710e+00
4.9541214960e-01 1.4133228970e+00
4.9441460176e-01 1.4279244360e+00
4.9341774826e-01 1.4426784590e+00
4.9242158969e-01 1.4575869990e+00
4.9142612689e-01 1.4726517210e+00
4.9043136016e-01 1.4878738980e+00
4.8943728978e-01 1.5032553860e+00
4.8844391604e-01 1.5187980840e+00
4.8745123923e-01 1.5345032860e+00
4.8645925935e-01 1.5503733280e+00
4.8546797610e-01 1.5664089520e+00
4.8447738950e-01 1.5826127230e+00
4.8348749926e-01 1.5989859610e+00
4.8249830493e-01 1.6155308490e+00
4.8150980610e-01 1.6322486120e+00
4.8052200247e-01 1.6491418140e+00
4.7953489318e-01 1.6662113560e+00
4.7854847767e-01 1.6834601440e+00
4.7756275563e-01 1.7008895460e+00
4.7657772608e-01 1.7185007770e+00
4.7559338857e-01 1.7362973140e+00
4.7460974238e-01 1.7542800820e+00
4.7362678695e-01 1.7724505560e+00
4.7264452099e-01 1.7908115890e+00
4.7166294290e-01 1.8093639960e+00
4.7068205040e-01 1.8281104120e+00
4.6970184133e-01 1.8470522700e+00
4.6872231354e-01 1.8661918560e+00
4.6774346416e-01 1.8855305630e+00
4.6676529103e-01 1.9050716740e+00
4.6578779171e-01 1.9248169640e+00
4.6481096347e-01 1.9447670830e+00
4.6383480359e-01 1.9649262480e+00
4.6285930948e-01 1.9852958220e+00
4.6188447827e-01 2.0058779330e+00
4.6091030723e-01 2.0266743320e+00
4.5993679321e-01 2.0476882580e+00
4.5896393361e-01 2.0689210760e+00
4.5799172500e-01 2.0903753000e+00
4.5702016435e-01 2.1120539390e+00
4.5604924866e-01 2.1339584700e+00
4.5507897447e-01 2.1560914960e+00
4.5410933892e-01 2.1784560390e+00
4.5314033870e-01 2.2010537550e+00
4.5217197037e-01 2.2238871170e+00
4.5120423048e-01 2.2469592120e+00
4.5023711587e-01 2.2702716650e+00
4.4927062310e-01 2.2938279540e+00
4.4830474886e-01 2.3176305270e+00
4.4733948985e-01 2.3416820240e+00
4.4637484249e-01 2.3659839820e+00
4.4541080361e-01 2.3905412610e+00
4.4444736991e-01 2.4153550240e+00
4.4348453780e-01 2.4404277800e+00
4.4252230370e-01 2.4657630040e+00
4.4156066430e-01 2.4913638250e+00
4.4059961629e-01 2.5172320410e+00
4.3963915609e-01 2.5433710650e+00
4.3867927997e-01 2.5697838080e+00
4.3771998476e-01 2.5964729610e+00
4.3676126703e-01 2.6234415020e+00
4.3580312318e-01 2.6506924460e+00
4.3484554976e-01 2.6782288100e+00
4.3388854319e-01 2.7060535810e+00
4.3293210016e-01 2.7341709300e+00
4.3197621723e-01 2.7625820410e+00
4.3102089066e-01 2.7912906970e+00
4.3006611687e-01 2.8203004110e+00
4.2911189284e-01 2.8496150850e+00
4.2815821498e-01 2.8792369360e+00
4.2720507985e-01 2.9091690970e+00
4.2625248385e-01 2.9394151680e+00
4.2530042383e-01 2.9699792440e+00
4.2434889620e-01 3.0008640410e+00
4.2339789808e-01 3.0320737170e+00
4.2244742589e-01 3.0636103260e+00
4.2149747617e-01 3.0954782850e+00
4.2054804607e-01 3.1276812560e+00
4.1959913199e-01 3.1602220480e+00
4.1865072861e-01 3.1931061450e+00
4.1770283609e-01 3.2263323180e+00
4.1675548370e-01 3.2599068200e+00
4.1580863929e-01 3.2938314590e+00
4.1486196761e-01 3.3281231440e+00
4.1391532063e-01 3.3627904300e+00
4.1297058725e-01 3.3977699540e+00
4.1203181623e-01 3.4329071030e+00
4.1110014372e-01 3.4681586810e+00
4.1016994517e-01 3.5037350470e+00
4.0923451321e-01 3.5398991490e+00
4.0829335737e-01 3.5766816570e+00
4.0735029466e-01 3.6139426490e+00
4.0640786112e-01 3.6515878750e+00
4.0546628157e-01 3.6896116710e+00
4.0452521489e-01 3.7280309020e+00
4.0358457507e-01 3.7668545930e+00
4.0264438780e-01 3.8060834070e+00
4.0170465855e-01 3.8457227410e+00
4.0076538156e-01 3.8857755100e+00
3.9982655341e-01 3.9262490140e+00
3.9888817134e-01 3.9671441280e+00
3.9795023251e-01 4.0084676580e+00
3.9701273417e-01 4.0502234390e+00
3.9607567375e-01 4.0924141360e+00
3.9513904851e-01 4.1350465380e+00
3.9420285601e-01 4.1781244690e+00
3.9326709382e-01 4.2216525250e+00
3.9233175978e-01 4.2656353110e+00
3.9139685115e-01 4.3100773050e+00
3.9046236551e-01 4.3549827770e+00
3.8952830085e-01 4.4003580800e+00
3.8859465485e-01 4.4462054810e+00
3.8766142494e-01 4.4925325140e+00
3.8672860912e-01 4.5393412830e+00
3.8579620478e-01 4.5866388430e+00
3.8486421022e-01 4.6344305910e+00
3.8393262299e-01 4.6827180600e+00
3.8300144094e-01 4.7315112260e+00
3.8207066191e-01 4.7808111520e+00
3.8114028375e-01 4.8306246830e+00
3.8021030445e-01 4.8809578500e+00
3.7928072171e-01 4.9318131890e+00
3.7835153338e-01 4.9831988930e+00
3.7742273745e-01 5.0351186490e+00
3.7649433162e-01 5.0875784250e+00
3.7556631360e-01 5.1405827390e+00
3.7463868108e-01 5.1941397800e+00
3.7371143220e-01 5.2482519500e+00
3.7278456467e-01 5.3029274540e+00
3.7185807633e-01 5.3581699840e+00
3.7093196516e-01 5.4139866700e+00
3.7000622888e-01 5.4703839030e+00
3.6908086590e-01 5.5273674360e+00
3.6815587378e-01 5.5849408910e+00
3.6723125066e-01 5.6431120880e+00
3.6630699453e-01 5.7018842740e+00
3.6538310308e-01 5.7612648010e+00
3.6445957416e-01 5.8212564980e+00
3.6353640534e-01 5.8818668970e+00
3.6261359461e-01 5.9431021680e+00
3.6169113937e-01 6.0049678140e+00
3.6076903734e-01 6.0674693820e+00
3.5984728664e-01 6.1306147340e+00
3.5892588469e-01 6.1944090530e+00
3.5800482905e-01 6.2588568210e+00
3.5708411714e-01 6.3239654790e+00
3.5616374680e-01 6.3897433940e+00
3.5524371544e-01 6.4561937340e+00
3.5432402078e-01 6.5233255190e+00
3.5340466008e-01 6.5911426220e+00
3.5248563090e-01 6.6596548240e+00
3.5156693095e-01 6.7288644800e+00
3.5064855763e-01 6.7987825120e+00
3.4973050823e-01 6.8694117800e+00
3.4881278088e-01 6.9407625220e+00
3.4789537327e-01 7.0128386340e+00
3.4697828383e-01 7.0856475240e+00
3.4606151012e-01 7.1591954710e+00
3.4514504883e-01 7.2334903440e+00
3.4422889567e-01 7.3085400180e+00
3.4331304674e-01 7.3843495710e+00
3.4239749890e-01 7.4609272600e+00
3.4148224898e-01 7.5382814540e+00
3.4056729340e-01 7.6164156840e+00
3.3965262828e-01 7.6953424320e+00
3.3873824930e-01 7.7750670030e+00
3.3782415189e-01 7.8555968370e+00
3.3691033100e-01 7.9369398940e+00
3.3599678162e-01 8.0191019350e+00
3.3508349829e-01 8.1020947030e+00
3.3417047527e-01 8.1859248460e+00
3.3325770667e-01 8.2705966200e+00
3.3234518560e-01 8.3561228130e+00
3.3143290530e-01 8.4425091510e+00
3.3052085832e-01 8.5297680970e+00
3.2960903691e-01 8.6179018770e+00
3.2869743229e-01 8.7069247230e+00
3.2778603572e-01 8.7968412150e+00
3.2687483686e-01 8.8876604900e+00
3.2596382551e-01 8.9793954770e+00
3.2505299019e-01 9.0720528770e+00
3.2414231911e-01 9.1656435180e+00
3.2323179894e-01 9.2601766850e+00
3.2232141589e-01 9.3556631890e+00
3.2141115474e-01 9.4521100380e+00
3.2050099868e-01 9.5495287280e+00
3.1959093021e-01 9.6479339040e+00
3.1868093036e-01 9.7473291530e+00
3.1777097891e-01 9.8477370800e+00
3.1686105372e-01 9.9491534000e+00
3.1595113113e-01 1.0051605230e+01
3.1504118613e-01 1.0155089920e+01
3.1413119117e-01 1.0259627220e+01
3.1322111710e-01 1.0365221580e+01
3.1231093189e-01 1.0471891950e+01
3.1140060182e-01 1.0579646160e+01
3.1049009055e-01 1.0688503040e+01
3.0957935961e-01 1.0798478190e+01
3.0866836764e-01 1.0909581090e+01
3.0775707029e-01 1.1021831650e+01
3.0684542102e-01 1.1135244920e+01
3.0593336973e-01 1.1249836620e+01
3.0502086416e-01 1.1365626900e+01
3.0410784847e-01 1.1482629510e+01
3.0319426448e-01 1.1600866040e+01
3.0228005134e-01 1.1720359300e+01
3.0136514558e-01 1.1841123900e+01
3.0044948159e-01 1.1963179510e+01
2.9953299173e-01 1.2086554230e+01
2.9861560724e-01 1.2211268200e+01
2.9769725876e-01 1.2337339520e+01
2.9677787681e-01 1.2464797810e+01
2.9585739290e-01 1.2593658210e+01
2.9493574084e-01 1.2723953460e+01
2.9401285803e-01 1.2855700150e+01
2.9308868675e-01 1.2988919640e+01
2.9216317646e-01 1.3123641740e+01
2.9123628552e-01 1.3259885900e+01
2.9030798307e-01 1.3397668630e+01
2.8937825187e-01 1.3537010430e+01
2.8844709006e-01 1.3677930290e+01
2.8751451444e-01 1.3820437910e+01
2.8658056219e-01 1.3964546270e+01
2.8564529305e-01 1.4110259740e+01
2.8470879171e-01 1.4257582250e+01
2.8377116875e-01 1.4406515050e+01
2.8283256127e-01 1.4557046090e+01
2.8189313310e-01 1.4709164250e+01
2.8095307376e-01 1.4862859110e+01
2.8001259676e-01 1.5018099280e+01
2.7907193597e-01 1.5174866630e+01
2.7813134209e-01 1.5333121100e+01
2.7719107801e-01 1.5492841280e+01
2.7625141236e-01 1.5653981670e+01
2.7531261406e-01 1.5816504190e+01
2.7437494501e-01 1.5980371020e+01
2.7343865503e-01 1.6145542490e+01
2.7250397484e-01 1.6311987710e+01
2.7157111163e-01 1.6479667490e+01
2.7064024444e-01 1.6648550190e+01
2.6971152045e-01 1.6818615090e+01
2.6878505393e-01 1.6989841930e+01
2.6786092486e-01 1.7162210270e+01
2.6693917803e-01 1.7335717880e+01
2.6601982351e-01 1.7510359060e+01
2.6510283888e-01 1.7686144600e+01
2.6418817462e-01 1.7863070310e+01
2.6327575592e-01 1.8041149890e+01
2.6236548772e-01 1.8220405830e+01
2.6145725863e-01 1.8400850810e+01
2.6055094357e-01 1.8582515220e+01
2.5964640931e-01 1.8765426610e+01
2.5874351673e-01 1.8949611090e+01
2.5784212467e-01 1.9135104180e+01
2.5694209331e-01 1.9321933900e+01
2.5604328566e-01 1.9510135400e+01
2.5514557050e-01 1.9699733120e+01
2.5424882406e-01 1.9890768520e+01
2.5335293104e-01 2.0083262660e+01
2.5245778578e-01 2.0277243600e+01
2.5156329294e-01 2.0472751690e+01
2.5066936723e-01 2.0669785930e+01
2.4977593414e-01 2.0868393870e+01
2.4888292963e-01 2.1068587000e+01
2.4799029928e-01 2.1270384710e+01
2.4709799816e-01 2.1473811840e+01
2.4620598864e-01 2.1678874370e+01
2.4531423914e-01 2.1885591560e+01
2.4442272512e-01 2.2093983620e+01
2.4353142846e-01 2.2304058710e+01
2.4264033670e-01 2.2515830280e+01
2.4174944235e-01 2.2729307770e+01
2.4085874256e-01 2.2944506850e+01
2.3996823802e-01 2.3161417280e+01
2.3907793206e-01 2.3380066180e+01
2.3818783185e-01 2.3600456890e+01
2.3729794614e-01 2.3822592240e+01
2.3640828541e-01 2.4046481200e+01
2.3551886217e-01 2.4272127540e+01
2.3462968990e-01 2.4499531330e+01
2.3374078339e-01 2.4728702420e+01
2.3285215829e-01 2.4959650870e+01
2.3196383127e-01 2.5192367010e+01
2.3107581925e-01 2.5426866830e+01
2.3018814048e-01 2.5663143270e+01
2.2930081333e-01 2.5901204030e+01
2.2841385704e-01 2.6141054920e+01
2.2752729114e-01 2.6382693970e+01
2.2664113602e-01 2.6626123750e+01
2.2575541235e-01 2.6871341570e+01
2.2487014138e-01 2.7118363490e+01
2.2398534537e-01 2.7367170680e+01
2.2310104671e-01 2.7617782360e+01
2.2221726809e-01 2.7870178290e+01
2.2133403364e-01 2.8124381290e+01
2.2045136746e-01 2.8380373400e+01
2.1956929441e-01 2.8638160200e+01
2.1868784032e-01 2.8897742630e+01
2.1780703175e-01 2.9159114060e+01
2.1692689528e-01 2.9422282360e+01
2.1604745875e-01 2.9687234360e+01
2.1516875030e-01 2.9953972050e+01
2.1429079951e-01 3.0222486000e+01
2.1341363611e-01 3.0492786470e+01
2.1253729067e-01 3.0764858890e+01
2.1166179435e-01 3.1038695160e+01
2.1078717902e-01 3.1314307010e+01
2.0991347743e-01 3.1591659740e+01
2.0904072273e-01 3.1870765810e+01
2.0816894838e-01 3.2151593950e+01
2.0729818813e-01 3.2434148740e+01
2.0642847786e-01 3.2718411080e+01
2.0555985347e-01 3.3004381800e+01
2.0469235143e-01 3.3292043210e+01
2.0382600936e-01 3.3581390380e+01
2.0296086487e-01 3.3872390460e+01
2.0209695702e-01 3.4165067910e+01
2.0123432529e-01 3.4459375360e+01
2.0037300989e-01 3.4755322420e+01
1.9951305173e-01 3.5052887580e+01
1.9865449202e-01 3.5352049070e+01
1.9779737297e-01 3.5652796680e+01
1.9694173808e-01 3.5955122910e+01
1.9608763173e-01 3.6259000970e+01
1.9523509842e-01 3.6564407350e+01
1.9438418194e-01 3.6871344230e+01
1.9353492580e-01 3.7179777930e+01
1.9268737306e-01 3.7489685900e+01
1.9184156638e-01 3.7801066160e+01
1.9099754782e-01 3.8113898160e+01
1.9015535931e-01 3.8428159570e+01
1.8931504334e-01 3.8743829170e+01
1.8847663997e-01 3.9060886100e+01
1.8764018912e-01 3.9379337730e+01
1.8680573056e-01 3.9699133080e+01
1.8597330449e-01 4.0020278120e+01
1.8514294910e-01 4.0342738180e+01
1.8431470273e-01 4.0666500290e+01
1.8348860400e-01 4.0991560760e+01
1.8266468881e-01 4.1317873810e+01
1.8184299232e-01 4.1645457350e+01
1.8102355016e-01 4.1974264000e+01
1.8020639648e-01 4.2304288450e+01
1.7939156604e-01 4.2635493760e+01
1.7857909675e-01 4.2967865930e+01
1.7776902635e-01 4.3301403910e+01
1.7696139075e-01 4.3636046590e+01
1.7615622627e-01 4.3971794450e+01
1.7535356780e-01 4.4308626980e+01
1.7455344909e-01 4.4646506600e+01
1.7375590300e-01 4.4985424950e+01
1.7296096185e-01 4.5325360220e+01
1.7216865636e-01 4.5666275070e+01
1.7137901583e-01 4.6008161700e+01
1.7059206853e-01 4.6350992050e+01
1.6980784175e-01 4.6694743470e+01
1.6902636219e-01 4.7039399300e+01
1.6824765512e-01 4.7384930790e+01
1.6747174237e-01 4.7731331340e+01
1.6669864547e-01 4.8078567350e+01
1.6592838725e-01 4.8426616900e+01
1.6516098838e-01 4.8775466720e+01
1.6439646553e-01 4.9125106710e+01
1.6363483449e-01 4.9475484700e+01
1.6287611161e-01 4.9826628720e+01
1.6212030940e-01 5.0178478300e+01
1.6136744222e-01 5.0531036830e+01
1.6061752326e-01 5.0884274300e+01
1.5987056086e-01 5.1238184820e+01
1.5912656263e-01 5.1592759770e+01
1.5838553662e-01 5.1947952630e+01
1.5764749056e-01 5.2303780390e+01
1.5691242748e-01 5.2660210630e+01
1.5618035010e-01 5.3017232520e+01
1.5545126302e-01 5.3374822470e+01
1.5472516524e-01 5.3732988450e+01
1.5400205460e-01 5.4091691370e+01
1.5328193240e-01 5.4450936500e+01
1.5256479561e-01 5.4810705830e+01
1.5185063749e-01 5.5170992040e+01
1.5113945344e-01 5.5531761710e+01
1.5043123845e-01 5.5893027350e+01
1.4972598288e-01 5.6254750380e+01
1.4902367770e-01 5.6616966540e+01
1.4832431343e-01 5.6979608960e+01
1.4762787643e-01 5.7342694340e+01
1.4693435363e-01 5.7706221850e+01
1.4624373212e-01 5.8070149990e+01
1.4555599795e-01 5.8434507590e+01
1.4487113779e-01 5.8799273700e+01
1.4418913483e-01 5.9164439040e+01
1.4350997463e-01 5.9530001740e+01
1.4283364186e-01 5.9895951130e+01
1.4216011767e-01 6.0262293200e+01
1.4148938132e-01 6.0629015380e+01
1.4082141469e-01 6.0996107490e+01
1.4015620043e-01 6.1363569090e+01
1.3949371593e-01 6.1731406280e+01
1.3883394255e-01 6.2099612140e+01
1.3817686191e-01 6.2468178100e+01
1.3752244787e-01 6.2837105540e+01
1.3687067749e-01 6.3206407960e+01
1.3622153221e-01 6.3576051760e+01
1.3557498808e-01 6.3946073150e+01
1.3493101978e-01 6.4316435730e+01
1.3428960676e-01 6.4687153720e+01
1.3365072345e-01 6.5058229580e+01
1.3301434316e-01 6.5429670170e+01
1.3238044510e-01 6.5801469850e+01
1.3174900326e-01 6.6173638900e+01
1.3111999132e-01 6.6546153200e+01
1.3049338687e-01 6.6919029380e+01
1.2986916427e-01 6.7292273250e+01
1.2924729593e-01 6.7665881470e+01
1.2862775759e-01 6.8039852890e+01
1.2801052551e-01 6.8414203840e+01
1.2739557055e-01 6.8788898630e+01
1.2678286739e-01 6.9164018090e+01
1.2617239270e-01 6.9539494170e+01
1.2556411598e-01 6.9915342930e+01
1.2495800982e-01 7.0291578140e+01
1.2435405396e-01 7.0668199200e+01
1.2375222434e-01 7.1045200330e+01
1.2315249104e-01 7.1422585730e+01
1.2255482578e-01 7.1800375830e+01
1.2195920139e-01 7.2178552120e+01
1.2136559303e-01 7.2557142640e+01
1.2077397578e-01 7.2936130190e+01
1.2018432239e-01 7.3315527630e+01
1.1959660705e-01 7.3695320660e+01
1.1901080231e-01 7.4075556720e+01
1.1842688356e-01 7.4456206480e+01
1.1784483074e-01 7.4837270330e+01
1.1726461708e-01 7.5218773950e+01
1.1668621261e-01 7.5600709140e+01
1.1610959357e-01 7.5983090730e+01
1.1553473819e-01 7.6365905150e+01
1.1496162001e-01 7.6749156400e+01
1.1439021213e-01 7.7132879430e+01
1.1382049153e-01 7.7517047370e+01
1.1325243421e-01 7.7901664570e+01
1.1268601709e-01 7.8286778440e+01
1.1212121782e-01 7.8672332700e+01
1.1155801200e-01 7.9058371990e+01
1.1099637550e-01 7.9444879360e+01
1.1043628421e-01 7.9831865600e+01
1.0987771432e-01 8.0219346670e+01
1.0932064373e-01 8.0607310240e+01
1.0876504950e-01 8.0995761030e+01
1.0821091264e-01 8.1384707290e+01
1.0765821172e-01 8.1774152540e+01
1.0710691845e-01 8.2164100720e+01
1.0655701417e-01 8.2554564290e+01
1.0600847988e-01 8.2945550400e+01
1.0546129024e-01 8.3337024450e+01
1.0491542439e-01 8.3729024380e+01
1.0437086458e-01 8.4121552080e+01
1.0382758869e-01 8.4514590940e+01
1.0328557448e-01 8.4908148920e+01
1.0274480675e-01 8.5302234360e+01
1.0220526346e-01 8.5696867650e+01
1.0166692107e-01 8.6092019050e+01
1.0112976214e-01 8.6487709220e+01
1.0059376756e-01 8.6883934780e+01
1.0005892237e-01 8.7280707520e+01
9.9525206986e-02 8.7678003390e+01
9.8992597885e-02 8.8075848030e+01
9.8461079833e-02 8.8474237950e+01
9.7930633577e-02 8.8873168810e+01
9.7401240897e-02 8.9272655300e+01
9.6872888123e-02 8.9672658180e+01
9.6345555055e-02 9.0073227190e+01
9.5819222253e-02 9.0474329680e+01
9.5293874639e-02 9.0875970780e+01
9.4769495976e-02 9.1278193110e+01
9.4246068532e-02 9.1680903170e+01
9.3723577317e-02 9.2084206420e+01
9.3202008362e-02 9.2488033240e+01
9.2681344091e-02 9.2892383830e+01
9.2161564649e-02 9.3297300790e+01
9.1642659856e-02 9.3702723940e+01
9.1124617837e-02 9.4108719900e+01
9.0607415836e-02 9.4515210680e+01
9.0091044290e-02 9.4922247340e+01
8.9575489157e-02 9.5329822090e+01
8.9060729892e-02 9.5737919760e+01
8.8546759976e-02 9.6146515350e+01
8.8033566458e-02 9.6555605620e+01
8.7521129366e-02 9.6965230630e+01
8.7009436239e-02 9.7375363650e+01
8.6498475833e-02 9.7785953790e+01
8.5988233733e-02 9.8197058320e+01
8.5478696717e-02 9.8608638580e+01
8.4969850943e-02 9.9020691050e+01
8.4461682139e-02 9.9433252100e+01
8.3954181317e-02 9.9846252010e+01
8.3447341142e-02 1.0025971320e+02
8.2941147727e-02 1.0067361200e+02
8.2435585740e-02 1.0108794170e+02
8.1930640235e-02 1.0150270440e+02
8.1426304261e-02 1.0191788320e+02
8.0922575535e-02 1.0233345690e+02
8.0419434403e-02 1.0274941620e+02
7.9916860735e-02 1.0316578270e+02
7.9414850193e-02 1.0358251370e+02
7.8913399305e-02 1.0399961660e+02
7.8412495506e-02 1.0441707220e+02
7.7912125402e-02 1.0483485150e+02
7.7412282616e-02 1.0525298060e+02
7.6912958836e-02 1.0567140380e+02
7.6414145461e-02 1.0609013080e+02
7.5915835213e-02 1.0650916850e+02
7.5418020424e-02 1.0692843490e+02
7.4920692608e-02 1.0734795770e+02
7.4423840495e-02 1.0776773740e+02
7.3927460970e-02 1.0818770910e+02
7.3431550398e-02 1.0860790170e+02
7.2936099693e-02 1.0902826360e+02
7.2441104934e-02 1.0944876190e+02
7.1946564772e-02 1.0986941070e+02
7.1452473363e-02 1.1029016880e+02
7.0958822983e-02 1.1071102790e+02
7.0465615096e-02 1.1113196230e+02
6.9972847520e-02 1.1155291540e+02
6.9480514439e-02 1.1197390780e+02
6.8988616472e-02 1.1239487810e+02
6.8497151737e-02 1.1281580420e+02
6.8006120335e-02 1.1323670160e+02
6.7515520212e-02 1.1365745300e+02
6.7025348009e-02 1.1407813820e+02
6.6535610518e-02 1.1449864850e+02
6.6046313050e-02 1.1491899210e+02
6.5557451026e-02 1.1533911150e+02
6.5069022765e-02 1.1575896370e+02
6.4581035978e-02 1.1617857540e+02
6.4093498533e-02 1.1659785260e+02
6.3606414407e-02 1.1701676260e+02
6.3119784404e-02 1.1743529210e+02
6.2633614568e-02 1.1785338320e+02
6.2147917635e-02 1.1827102120e+02
6.1662699650e-02 1.1868811930e+02
6.1177961789e-02 1.1910471680e+02
6.0693717493e-02 1.1952069000e+02
6.0209981721e-02 1.1993604270e+02
5.9726761050e-02 1.2035071050e+02
5.9244068846e-02 1.2076464740e+02
5.8761916898e-02 1.2117779640e+02
5.8280314868e-02 1.2159013570e+02
5.7799282757e-02 1.2200162040e+02
5.7318837363e-02 1.2241218630e+02
5.6838990847e-02 1.2282175500e+02
5.6359763583e-02 1.2323031720e+02
5.5881176807e-02 1.2363779630e+02
5.5403248651e-02 1.2404409620e+02
5.4925998040e-02 1.2444927510e+02
5.4449443812e-02 1.2485317590e+02
5.3973614107e-02 1.2525578350e+02
5.3498540570e-02 1.2565702830e+02
5.3024242354e-02 1.2605684110e+02
5.2550743337e-02 1.2645516270e+02
5.2078079599e-02 1.2685195320e+02
5.1606276741e-02 1.2724713520e+02
5.1135364583e-02 1.2764063480e+02
5.0665382309e-02 1.2803236890e+02
5.0196354699e-02 1.2842233470e+02
4.9728316959e-02 1.2881041090e+02
4.9261314446e-02 1.2919654440e+02
4.8795380727e-02 1.2958068510e+02
4.8330550377e-02 1.2996272310e+02
4.7866865435e-02 1.3034265020e+02
4.7404369720e-02 1.3072034190e+02
4.6943105332e-02 1.3109576920e+02
4.6483115169e-02 1.3146883090e+02
4.6024443929e-02 1.3183946390e+02
4.5567138072e-02 1.3220761930e+02
4.5111245181e-02 1.3257319150e+02
4.4656816212e-02 1.3293612990e+02
4.4203902982e-02 1.3329639600e+02
4.3752552239e-02 1.3365383810e+02
4.3302812830e-02 1.3400844270e+02
4.2854737921e-02 1.3436013360e+02
4.2408383723e-02 1.3470885820e+02
4.1963805441e-02 1.3505456130e+02
4.1521051921e-02 1.3539711080e+02
4.1080179460e-02 1.3573647400e+02
4.0641247686e-02 1.3607263110e+02
4.0204308431e-02 1.3640549960e+02
3.9769416066e-02 1.3673499350e+02
3.9336628757e-02 1.3706104730e+02
3.8906003618e-02 1.3738363380e+02
3.8477596846e-02 1.3770269650e+02
3.8051463488e-02 1.3801819740e+02
3.7627656238e-02 1.3833002330e+02
3.7206232325e-02 1.3863820300e+02
3.6787249598e-02 1.3894261950e+02
3.6370759788e-02 1.3924330820e+02
3.5956815458e-02 1.3954013860e+02
3.5545468541e-02 1.3983316130e+02
3.5136769662e-02 1.4012225960e+02
3.4730772089e-02 1.4040746990e+02
3.4327528673e-02 1.4068871220e+02
3.3927086693e-02 1.4096600690e+02
3.3529489469e-02 1.4123928030e+02
3.3134778751e-02 1.4150857430e+02
3.2742999581e-02 1.4177379290e+02
3.2354198937e-02 1.4203496840e+02
3.1968416892e-02 1.4229210180e+02
3.1585689527e-02 1.4254516070e+02
3.1206053727e-02 1.4279413090e+02
3.0829545157e-02 1.4303905690e+02
3.0456196811e-02 1.4327988040e+02
3.0086038381e-02 1.4351664260e+02
2.9719096746e-02 1.4374933020e+02
2.9355399686e-02 1.4397799120e+02
2.8994974225e-02 1.4420259920e+02
2.8637843606e-02 1.4442318440e+02
2.8284028362e-02 1.4463977290e+02
2.7933545147e-02 1.4485233430e+02
2.7586408550e-02 1.4506094990e+02
2.7242633760e-02 1.4526564400e+02
2.6902234490e-02 1.4546647410e+02
2.6565221120e-02 1.4566335870e+02
2.6231601102e-02 1.4585641230e+02
2.5901380624e-02 1.4604565950e+02
2.5574564525e-02 1.4623112680e+02
2.5251153953e-02 1.4641289920e+02
2.4931149253e-02 1.4659092010e+02
2.4614550166e-02 1.4676531550e+02
2.4301354409e-02 1.4693606750e+02
2.3991558480e-02 1.4710324730e+02
2.3685154611e-02 1.4726693250e+02
2.3382133038e-02 1.4742713660e+02
2.3082484902e-02 1.4758391250e+02
2.2786200757e-02 1.4773731480e+02
2.2493269316e-02 1.4788733780e+02
2.2203676208e-02 1.4803408130e+02
2.1917406114e-02 1.4817760410e+02
2.1634443899e-02 1.4831793330e+02
2.1354772305e-02 1.4845513500e+02
2.1078373042e-02 1.4858927880e+02
2.0805227214e-02 1.4872035510e+02
2.0535314820e-02 1.4884847880e+02
2.0268615559e-02 1.4897368850e+02
2.0005106703e-02 1.4909599200e+02
1.9744765350e-02 1.4921546570e+02
1.9487569677e-02 1.4933220460e+02
1.9233495462e-02 1.4944621630e+02
1.8982517392e-02 1.4955752880e+02
1.8734609839e-02 1.4966624910e+02
1.8489747332e-02 1.4977239680e+02
1.8247904859e-02 1.4987607250e+02
1.8009055816e-02 1.4997719950e+02
1.7773172636e-02 1.5007596920e+02
1.7540228052e-02 1.5017236250e+02
1.7310194514e-02 1.5026646220e+02
1.7083043964e-02 1.5035825420e+02
1.6858747919e-02 1.5044783130e+02
1.6637278666e-02 1.5053527550e+02
1.6418608165e-02 1.5062056590e+02
1.6202707342e-02 1.5070372580e+02
1.5989547639e-02 1.5078490510e+02
1.5779100154e-02 1.5086409800e+02
1.5571335768e-02 1.5094130550e+02
1.5366225738e-02 1.5101664520e+02
1.5163741090e-02 1.5109011600e+02
1.4963852994e-02 1.5116177110e+02
1.4766532445e-02 1.5123164010e+02
1.4571750644e-02 1.5129975380e+02
1.4379479203e-02 1.5136618860e+02
1.4189689139e-02 1.5143098060e+02
1.4002351545e-02 1.5149414390e+02
1.3817438223e-02 1.5155571230e+02
1.3634921220e-02 1.5161573300e+02
1.3454772648e-02 1.5167428680e+02
1.3276963853e-02 1.5173130740e+02
1.3101466602e-02 1.5178691600e+02
1.2928253774e-02 1.5184112640e+02
1.2757297997e-02 1.5189394510e+02
1.2588571765e-02 1.5194545440e+02
1.2422047863e-02 1.5199565390e+02
1.2257699437e-02 1.5204456560e+02
1.2095499872e-02 1.5209225340e+02
1.1935422579e-02 1.5213870300e+02
1.1777441364e-02 1.5218397990e+02
1.1621530406e-02 1.5222809180e+02
1.1467663816e-02 1.5227109740e+02
1.1315815791e-02 1.5231299330e+02
1.1165961144e-02 1.5235384560e+02
1.1018075096e-02 1.5239362720e+02
1.0872132687e-02 1.5243239580e+02
1.0728109166e-02 1.5247010600e+02
1.0585980354e-02 1.5250694730e+02
1.0445722126e-02 1.5254280170e+02
1.0307310602e-02 1.5257773170e+02
1.0170722384e-02 1.5261176110e+02
1.0035934140e-02 1.5264492430e+02
9.9029227196e-03 1.5267722520e+02
9.7716652407e-03 1.5270872250e+02
9.6421391865e-03 1.5273932190e+02
9.5143223138e-03 1.5276922780e+02
9.3881924758e-03 1.5279834190e+02
9.2637279736e-03 1.5282666530e+02
9.1409073493e-03 1.5285429210e+02
9.0197092400e-03 1.5288116340e+02
8.9001125268e-03 1.5290737930e+02
8.7820963636e-03 1.5293292020e+02
8.6656403222e-03 1.5295777960e+02
8.5507241077e-03 1.5298199660e+02
8.4373276107e-03 1.5300557560e+02
8.3254310159e-03 1.5302855250e+02
8.2150147106e-03 1.5305094230e+02
8.1060593505e-03 1.5307275040e+02
7.9985458153e-03 1.5309396510e+02
7.8924552762e-03 1.5311465890e+02
7.7877691700e-03 1.5313482690e+02
7.6844690599e-03 1.5315441540e+02
7.5825367286e-03 1.5317355410e+02
7.4819541543e-03 1.5319216150e+02
7.3827036150e-03 1.5321029230e+02
7.2847677624e-03 1.5322794840e+02
7.1881293138e-03 1.5324516760e+02
7.0927711505e-03 1.5326190850e+02
6.9986764050e-03 1.5327819300e+02
6.9058284178e-03 1.5329412260e+02
6.8142107824e-03 1.5330957020e+02
6.7238073131e-03 1.5332465560e+02
6.6346020096e-03 1.5333933410e+02
6.5465790712e-03 1.5335361230e+02
6.4597229168e-03 1.5336757230e+02
6.3740181289e-03 1.5338113870e+02
6.2894495142e-03 1.5339433020e+02
6.2060020946e-03 1.5340722330e+02
6.1236610614e-03 1.5341971810e+02
6.0424118100e-03 1.5343193410e+02
5.9622398646e-03 1.5344381540e+02
5.8831309811e-03 1.5345538060e+02
5.8050711561e-03 1.5346667440e+02
5.7280465431e-03 1.5347762730e+02
5.6520434217e-03 1.5348834390e+02
5.5770482554e-03 1.5349872560e+02
5.5030477389e-03 1.5350888650e+02
5.4300287116e-03 1.5351876730e+02
5.3579781556e-03 1.5352837660e+02
5.2868832749e-03 1.5353773400e+02
5.2167314320e-03 1.5354689460e+02
5.1475101298e-03 1.5355574010e+02
5.0792070421e-03 1.5356440090e+02
5.0118100064e-03 1.5357283310e+02
4.9453070312e-03 1.5358105260e+02
4.8796862983e-03 1.5358904020e+02
4.8149360978e-03 1.5359681420e+02
4.7510448772e-03 1.5360441140e+02
4.6880012767e-03 1.5361179580e+02
4.6257940641e-03 1.5361898050e+02
4.5644121538e-03 1.5362596440e+02
4.5038446095e-03 1.5363280260e+02
4.4440806284e-03 1.5363943340e+02
4.3851095598e-03 1.5364591030e+02
4.3269209039e-03 1.5365219100e+02
4.2695042957e-03 1.5365838100e+02
4.2128494953e-03 1.5366433940e+02
4.1569463891e-03 1.5367015490e+02
4.1017850085e-03 1.5367582590e+02
4.0473555340e-03 1.5368137130e+02
3.9936482657e-03 1.5368675050e+02
3.9406536081e-03 1.5369196340e+02
3.8883621182e-03 1.5369706530e+02
3.8367644705e-03 1.5370204410e+02
3.7858514575e-03 1.5370686930e+02
3.7356140135e-03 1.5371160260e+02
3.6860431808e-03 1.5371618650e+02
3.6371300991e-03 1.5372066450e+02
3.5888660490e-03 1.5372500720e+02
3.5412424258e-03 1.5372927060e+02
3.4942507369e-03 1.5373340190e+02
3.4478825944e-03 1.5373742580e+02
3.4021297355e-03 1.5374137880e+02
3.3569839934e-03 1.5374516490e+02
3.3124373063e-03 1.5374887110e+02
3.2684817313e-03 1.5375253390e+02
3.2251094334e-03 1.5375606580e+02
3.1823126666e-03 1.5375948670e+02
3.1400837969e-03 1.5376285010e+02
3.0984152950e-03 1.5376612550e+02
3.0572997207e-03 1.5376931070e+02
3.0167297314e-03 1.5377238630e+02
2.9766980951e-03 1.5377541910e+02
2.9371976746e-03 1.5377835680e+02
2.8982214115e-03 1.5378120000e+02
2.8597623509e-03 1.5378401570e+02
2.8218136341e-03 1.5378672980e+02
2.7843684943e-03 1.5378939560e+02
2.7474202464e-03 1.5379196140e+02
2.7109622974e-03 1.5379449920e+02
2.6749881432e-03 1.5379695860e+02
2.6394913658e-03 1.5379935540e+02
2.6044656292e-03 1.5380167130e+02
2.5699046834e-03 1.5380393580e+02
2.5358023602e-03 1.5380614630e+02
2.5021525792e-03 1.5380831560e+02
2.4689493374e-03 1.5381044010e+02
2.4361867121e-03 1.5381249580e+02
2.4038588569e-03 1.5381451160e+02
2.3719600057e-03 1.5381646340e+02
2.3404844698e-03 1.5381842940e+02
2.3094266370e-03 1.5382030220e+02
2.2787809620e-03 1.5382211750e+02
2.2485419776e-03 1.5382392770e+02
2.2187042880e-03 1.5382566970e+02
2.1892625666e-03 1.5382738590e+02
2.1602115583e-03 1.5382904450e+02
2.1315460742e-03 1.5383066280e+02
2.1032609900e-03 1.5383223780e+02
2.0753512461e-03 1.5383372190e+02
2.0478118445e-03 1.5383514170e+02
2.0206378476e-03 1.5383649370e+02
1.9938243836e-03 1.5383771100e+02
1.9673666573e-03 1.5383892890e+02
1.9412599619e-03 1.5384012920e+02
1.9154996759e-03 1.5384143310e+02
1.8900812319e-03 1.5384269590e+02
1.8650001101e-03 1.5384404120e+02
1.8402518338e-03 1.5384529100e+02
1.8158319736e-03 1.5384648960e+02
1.7917361646e-03 1.5384765390e+02
1.7679601011e-03 1.5384876460e+02
1.7444995460e-03 1.5384989460e+02
1.7213503139e-03 1.5385097350e+02
1.6985082686e-03 1.5385198210e+02
1.6759693365e-03 1.5385303650e+02
1.6537294961e-03 1.5385402570e+02
1.6317847775e-03 1.5385503680e+02
1.6101312653e-03 1.5385600210e+02
1.5887650958e-03 1.5385694420e+02
1.5676824498e-03 1.5385783880e+02
1.5468795657e-03 1.5385872370e+02
1.5263527318e-03 1.5385959840e+02
1.5060982884e-03 1.5386046510e+02
1.4861126188e-03 1.5386131570e+02
1.4663921550e-03 1.5386209860e+02
1.4469333737e-03 1.5386288990e+02
1.4277328033e-03 1.5386369030e+02
1.4087870167e-03 1.5386446880e+02
1.3900926178e-03 1.5386500670e+02
1.4357802869e-60 1.5388935720e+02
