# GYRE 8.1 JCD GL6 w_osc=25 w_ctr=20 n_freq=2500 200-5500uHz ; MODE-A 1.5Msun Xc0.40
l n_pg freq_uHz
0 2 254.152674
0 3 312.996948
0 4 371.273292
0 5 431.143637
0 6 493.109722
0 7 556.082281
0 8 620.154434
0 9 686.024852
0 10 753.604148
0 11 822.510010
0 12 892.410537
0 13 963.045640
0 14 1034.148210
0 15 1105.471656
0 16 1176.828671
0 17 1248.058045
0 18 1319.072175
0 19 1389.817774
0 20 1460.290098
0 21 1530.590293
0 22 1600.878812
0 23 1671.325581
0 24 1742.033966
0 25 1813.046294
0 26 1884.351428
0 27 1955.888692
0 28 2027.561629
0 29 2099.242093
0 30 2170.753769
0 31 2241.637329
0 32 2311.730996
0 33 2383.426081
0 34 2454.959241
0 35 2526.328307
0 36 2597.553366
0 37 2668.664811
0 38 2739.704048
0 39 2810.723925
0 40 2881.767733
0 41 2952.866598
0 42 3024.040889
0 43 3095.295265
0 44 3166.617441
0 45 3237.987326
0 46 3309.372343
0 47 3380.735863
0 48 3452.040595
0 49 3523.245976
0 50 3594.318297
0 51 3665.243862
0 52 3736.023198
0 53 3806.682436
0 54 3877.279844
0 55 3947.883047
0 56 4018.557549
0 57 4089.363211
0 58 4160.337991
0 59 4231.496441
0 60 4302.836070
0 61 4374.338966
0 62 4445.982565
0 63 4517.745158
0 64 4589.601461
0 65 4661.530496
0 66 4733.519343
0 67 4805.552939
0 68 4877.615082
0 69 4949.695186
0 70 5021.783680
0 71 5093.867025
0 72 5165.931853
0 73 5237.969200
0 74 5309.971675
0 75 5381.929387
0 76 5453.835913
1 -1 200.775880
1 1 244.202986
1 2 263.943953
1 3 326.654398
1 4 391.158490
1 5 456.309537
1 6 520.901671
1 7 585.316458
1 8 650.597626
1 9 717.401171
1 10 785.556014
1 11 854.789835
1 12 924.889635
1 13 995.603741
1 14 1066.707498
1 15 1137.959662
1 16 1209.214060
1 17 1280.342099
1 18 1351.246817
1 19 1421.899321
1 20 1492.346618
1 21 1562.720595
1 22 1633.191566
1 23 1703.893009
1 24 1774.910193
1 25 1846.252392
1 26 1917.891453
1 27 1989.734994
1 28 2061.668251
1 29 2133.544382
1 30 2205.111731
1 31 2274.832782
1 32 2346.860484
1 33 2418.724180
1 34 2490.411157
1 35 2561.926045
1 36 2633.292388
1 37 2704.541185
1 38 2775.719219
1 39 2846.874139
1 40 2918.040129
1 41 2989.241728
1 42 3060.490754
1 43 3131.781538
1 44 3203.097099
1 45 3274.411888
1 46 3345.690782
1 47 3416.898860
1 48 3487.999533
1 49 3558.955639
1 50 3629.747048
1 51 3700.370391
1 52 3770.840006
1 53 3841.201993
1 54 3911.525413
1 55 3981.879835
1 56 4052.332735
1 57 4122.939004
1 58 4193.728081
1 59 4264.710233
1 60 4335.879248
1 61 4407.217458
1 62 4478.707287
1 63 4550.329345
1 64 4622.062321
1 65 4693.892302
1 66 4765.808644
1 67 4837.796548
1 68 4909.843588
1 69 4981.941766
1 70 5054.080160
1 71 5126.244191
1 72 5198.421359
1 73 5270.602444
1 74 5342.776764
1 75 5414.931919
1 76 5487.062342
2 -1 221.818736
2 0 261.726747
2 1 304.374095
2 2 356.732540
2 3 376.762305
2 4 421.203447
2 5 485.226741
2 6 549.561683
2 7 614.300524
2 8 680.415752
2 9 748.028910
2 10 816.847175
2 11 886.594265
2 12 957.059253
2 13 1027.999679
2 14 1099.191814
2 15 1170.447075
2 16 1241.612263
2 17 1312.601913
2 18 1383.353008
2 19 1453.852643
2 20 1524.194208
2 21 1594.534398
2 22 1665.045543
2 23 1735.832636
2 24 1806.944669
2 25 1878.371804
2 26 1950.058035
2 27 2021.904733
2 28 2093.782035
2 29 2165.516073
2 30 2236.690031
2 31 2306.877594
2 32 2378.797770
2 33 2450.553914
2 34 2522.140156
2 35 2593.573062
2 36 2664.880677
2 37 2736.101711
2 38 2807.287489
2 39 2878.480707
2 40 2949.711691
2 41 3021.000330
2 42 3092.351172
2 43 3163.751724
2 44 3235.181762
2 45 3306.608975
2 46 3377.996812
2 47 3449.308427
2 48 3520.503976
2 49 3591.549874
2 50 3662.432733
2 51 3733.153439
2 52 3803.737751
2 53 3874.243722
2 54 3944.739706
2 55 4015.291943
2 56 4085.961582
2 57 4156.788799
2 58 4227.790272
2 59 4298.965816
2 60 4370.299862
2 61 4441.771672
2 62 4513.361714
2 63 4585.047117
2 64 4656.808768
2 65 4728.635952
2 66 4800.516412
2 67 4872.436258
2 68 4944.387049
2 69 5016.361927
2 70 5088.350026
2 71 5160.339977
2 72 5232.324413
2 73 5304.297562
2 74 5376.250763
2 75 5448.177568
3 -2 219.569506
3 -1 250.039265
3 0 286.796351
3 1 319.201935
3 2 378.677800
3 3 442.420301
3 4 448.379432
3 5 508.250477
3 6 573.100362
3 7 638.579524
3 8 705.521887
3 9 773.825518
3 10 843.211210
3 11 913.447935
3 12 984.298347
3 13 1055.538941
3 14 1126.933302
3 15 1198.335535
3 16 1269.604815
3 17 1340.651037
3 18 1411.444043
3 19 1482.013242
3 20 1552.481946
3 21 1623.019037
3 22 1693.772945
3 23 1764.836773
3 24 1836.228018
3 25 1907.923441
3 26 1979.836425
3 27 2051.857316
3 28 2123.843532
3 29 2195.568192
3 30 2265.892619
3 31 2337.405772
3 32 2409.381750
3 33 2481.181927
3 34 2552.808282
3 35 2624.283793
3 36 2695.639127
3 37 2766.920317
3 38 2838.177306
3 39 2909.446816
3 40 2980.755475
3 41 3052.117590
3 42 3123.530059
3 43 3194.976834
3 44 3266.433824
3 45 3337.865932
3 46 3409.237645
3 47 3480.511901
3 48 3551.649939
3 49 3622.628245
3 50 3693.441007
3 51 3764.099010
3 52 3834.644129
3 53 3905.143698
3 54 3975.666583
3 55 4046.279489
3 56 4117.037780
3 57 4187.971246
3 58 4259.089674
3 59 4330.386263
3 60 4401.841933
3 61 4473.437274
3 62 4545.151687
3 63 4616.962276
3 64 4688.853442
3 65 4760.814000
3 66 4832.828876
3 67 4904.885028
3 68 4976.974343
3 69 5049.086435
3 70 5121.207215
3 71 5193.324544
3 72 5265.429962
3 73 5337.514115
3 74 5409.565718
3 75 5481.579932
