# ADIPLS gamma1,rho kernel K_(Gamma1,rho)(r) for MESA 2.0 Msun midMS
# Code: ADIPLS (bundled with MESA 26.04.1), igm1kr=1, variational, istsbc=1, icow=0, mdintg=5
# Model: data/mesa_comparison/profiles/2.0Msun/midMS.FGONG (reformatted to 1pe16.9), G=6.67430e-8 cgs
# Mode: l=1 n=20 nu=1844.5121 uHz
# ADIPLS convention: delta(omega)/omega = INTEGRAL[ K * delta(Gamma1) * dx ], x=r/R
# columns: x=r/R    K_gamma1_rho
0.00000000 0.00000000e+00
0.00092245 3.60947658e-09
0.00116222 9.09659100e-09
0.00146431 2.29198558e-08
0.00184493 5.77507999e-08
0.00232449 1.45506848e-07
0.00292872 3.66588894e-07
0.00369005 9.23317930e-07
0.00464936 2.32813864e-06
0.00557426 4.82314995e-06
0.00626517 7.69834791e-06
0.00731487 1.42629149e-05
0.00880439 2.98424143e-05
0.01081552 6.76912520e-05
0.01344790 1.60902061e-04
0.01683421 3.92178885e-04
0.02053782 8.59546862e-04
0.02595649 2.15346636e-03
0.02951589 3.55657423e-03
0.03238899 5.08562757e-03
0.03625141 7.81502050e-03
0.03944833 1.07538555e-02
0.04280846 1.45868239e-02
0.04572862 1.86089164e-02
0.04706445 2.06735593e-02
0.04833224 2.27652205e-02
0.05069553 2.70256691e-02
0.05327037 3.22279335e-02
0.05563262 3.75235830e-02
0.05782304 4.28859606e-02
0.05987115 4.82999515e-02
0.06094310 5.12857116e-02
0.06198192 5.42751448e-02
0.06397034 6.02654197e-02
0.06594756 6.65711376e-02
0.06786484 7.30030073e-02
0.06969093 7.94111406e-02
0.07105205 8.43587021e-02
0.07236916 8.92739159e-02
0.07497545 9.93620702e-02
0.07666485 1.06141373e-01
0.07829321 1.12828480e-01
0.07950194 1.17881867e-01
0.08068061 1.22873615e-01
0.08186254 1.27937162e-01
0.08301684 1.32929656e-01
0.08454639 1.39606333e-01
0.08603199 1.46141280e-01
0.08824043 1.55908994e-01
0.09036370 1.65316377e-01
0.09246359 1.74575351e-01
0.09451444 1.83518218e-01
0.09718160 1.94912518e-01
0.09977948 2.05647711e-01
0.10231336 2.15665522e-01
0.10355416 2.20368177e-01
0.10600103 2.29183757e-01
0.10839454 2.37160217e-01
0.11073819 2.44250178e-01
0.11303510 2.50429218e-01
0.11528810 2.55676987e-01
0.11749974 2.59977893e-01
0.11967235 2.63324283e-01
0.12074602 2.64626371e-01
0.12286381 2.67577844e-01
0.12391091 2.68449013e-01
0.12597822 2.66376091e-01
0.12808152 2.63617625e-01
0.13015306 2.63813372e-01
0.13168609 2.63270475e-01
0.13320382 2.61308548e-01
0.13520304 2.57993162e-01
0.13717577 2.53895325e-01
0.13912324 2.49051060e-01
0.14008767 2.46353050e-01
0.14199951 2.40443804e-01
0.14294695 2.37245822e-01
0.14482538 2.30379462e-01
0.14668282 2.22961600e-01
0.14760407 2.19050524e-01
0.14943178 2.10861839e-01
0.15124065 2.02246416e-01
0.15303147 1.93250004e-01
0.15480497 1.83931418e-01
0.15656184 1.74347643e-01
0.15830275 1.64556328e-01
0.16002831 1.54615160e-01
0.16173910 1.44581615e-01
0.16343569 1.34512871e-01
0.16511861 1.24464147e-01
0.16678835 1.14497325e-01
0.16761773 1.09561420e-01
0.16926856 9.98021516e-02
0.17090739 9.02574531e-02
0.17253462 8.09714181e-02
0.17415066 7.19981866e-02
0.17495542 6.76360136e-02
0.17655544 5.92067385e-02
0.17814521 5.12022364e-02
0.17972509 4.36594541e-02
0.18129540 3.66171998e-02
0.18285647 3.01109506e-02
0.18440860 2.41733665e-02
0.18595209 1.88341247e-02
0.18748723 1.41198165e-02
0.18901427 1.00538538e-02
0.19053348 6.65638868e-03
0.19204511 3.94424344e-03
0.19354940 1.93085469e-03
0.19504658 6.26228864e-04
0.19653687 3.69111787e-05
0.19802048 1.65967232e-04
0.19949763 1.01297754e-03
0.20096850 2.57404548e-03
0.20243331 4.84181825e-03
0.20389222 7.80552165e-03
0.20534543 1.14510072e-02
0.20679310 1.57608139e-02
0.20823542 2.07142425e-02
0.20967253 2.62874420e-02
0.21110461 3.24535117e-02
0.21253181 3.91826132e-02
0.21395428 4.64420963e-02
0.21537217 5.41966373e-02
0.21678561 6.24083891e-02
0.21819474 7.10371431e-02
0.21959971 8.00405016e-02
0.22100063 8.93740602e-02
0.22239765 9.89916034e-02
0.22379087 1.08845308e-01
0.22518042 1.18885953e-01
0.22656641 1.29063144e-01
0.22794896 1.39325537e-01
0.22932818 1.49621081e-01
0.23070418 1.59897249e-01
0.23207705 1.70101297e-01
0.23344690 1.80180503e-01
0.23481383 1.90082430e-01
0.23617793 1.99755178e-01
0.23753930 2.09147644e-01
0.23889802 2.18209779e-01
0.24025419 2.26892845e-01
0.24160789 2.35149673e-01
0.24295920 2.42934911e-01
0.24430821 2.50205276e-01
0.24565499 2.56919789e-01
0.24699962 2.63040016e-01
0.24834217 2.68530295e-01
0.24968272 2.73357950e-01
0.25102134 2.77493499e-01
0.25235810 2.80910849e-01
0.25369305 2.83587478e-01
0.25502628 2.85504598e-01
0.25635783 2.86647312e-01
0.25768778 2.87004745e-01
0.25901618 2.86570161e-01
0.26034309 2.85341059e-01
0.26166856 2.83319302e-01
0.26299266 2.80511884e-01
0.26431544 2.76917633e-01
0.26695738 2.67457877e-01
0.26959464 2.55186593e-01
0.27090515 2.48080648e-01
0.27222743 2.40271480e-01
0.27353588 2.31962051e-01
0.27485629 2.23021613e-01
0.27748170 2.03831284e-01
0.27878654 1.93695671e-01
0.28010370 1.83122766e-01
0.28140697 1.72392592e-01
0.28272274 1.61350530e-01
0.28402460 1.50282687e-01
0.28533913 1.39030056e-01
0.28663972 1.27888283e-01
0.28795314 1.16691149e-01
0.29056520 9.48807219e-02
0.29317541 7.41833860e-02
0.29447298 6.44606788e-02
0.29578386 5.51080163e-02
0.29708066 4.63880753e-02
0.29839092 3.81750637e-02
0.30099696 2.38654746e-02
0.30360205 1.26155321e-02
0.30489719 8.27072607e-03
0.30620622 4.77517943e-03
0.30750101 2.23754484e-03
0.30880981 6.29988579e-04
0.31141315 3.76971947e-04
0.31401624 4.11481198e-03
0.31531048 7.46175171e-03
0.31661912 1.18392228e-02
0.31791333 1.71334449e-02
0.31922207 2.34380438e-02
0.32182539 3.86898159e-02
0.32442907 5.72718488e-02
0.32572365 6.76182692e-02
0.32703311 7.87467078e-02
0.32832795 9.03399032e-02
0.32963779 1.02584921e-01
0.33224336 1.28173375e-01
0.33484982 1.54857909e-01
0.33614583 1.68296405e-01
0.33745715 1.81876012e-01
0.33875367 1.95193721e-01
0.34006561 2.08461209e-01
0.34136269 2.21275084e-01
0.34267530 2.33828790e-01
0.34528647 2.57201207e-01
0.34789910 2.77875821e-01
0.35051328 2.95152555e-01
0.35312911 3.08436330e-01
0.35574670 3.17236842e-01
0.35836613 3.21189054e-01
0.36098749 3.20071109e-01
0.36361085 3.13818153e-01
0.36623631 3.02531729e-01
0.36886393 2.86484097e-01
0.37149377 2.66116967e-01
0.37412591 2.42034291e-01
0.37676041 2.14988960e-01
0.37939731 1.85863439e-01
0.38203667 1.55644614e-01
0.38467854 1.25393376e-01
0.38732296 9.62096778e-02
0.38996997 6.91940660e-02
0.39261960 4.54069049e-02
0.39527189 2.58266879e-02
0.39792686 1.13090033e-02
0.40058454 2.54782471e-03
0.40324493 4.08344690e-05
0.40590805 4.06047687e-03
0.40857392 1.46323428e-02
0.41124252 3.15223069e-02
0.41391386 5.42335970e-02
0.41658792 8.20146340e-02
0.41926469 1.13878095e-01
0.42194414 1.48631178e-01
0.42462624 1.84916553e-01
0.42731096 2.21262958e-01
0.42999824 2.56143838e-01
0.43268803 2.88041981e-01
0.43538027 3.15517572e-01
0.43807488 3.37276730e-01
0.44077178 3.52237367e-01
0.44347089 3.59589000e-01
0.44617210 3.58843246e-01
0.44887532 3.49871839e-01
0.45158041 3.32929441e-01
0.45428725 3.08659027e-01
0.45699571 2.78078397e-01
0.45970565 2.42547205e-01
0.46241692 2.03714867e-01
0.46512935 1.63450799e-01
0.46784279 1.23759439e-01
0.47055705 8.66835940e-02
0.47327196 5.42005380e-02
0.47598734 2.81160116e-02
0.47870298 9.96178325e-03
0.48141870 9.02629351e-04
0.48413429 1.65851370e-03
0.48684953 1.24472485e-02
0.48956422 3.29521162e-02
0.49227814 6.23177802e-02
0.49499105 9.91763825e-02
0.49770274 1.41704059e-01
0.50041296 1.87706273e-01
0.50312148 2.34728585e-01
0.50582806 2.80187671e-01
0.50853244 3.21515890e-01
0.51123439 3.56311376e-01
0.51393365 3.82484878e-01
0.51662996 3.98394237e-01
0.51932308 4.02957620e-01
0.52201273 3.95737488e-01
0.52469867 3.76988650e-01
0.52738062 3.47665702e-01
0.53005834 3.09387476e-01
0.53273155 2.64358816e-01
0.53540001 2.15252772e-01
0.53806344 1.65058980e-01
0.54072160 1.16906507e-01
0.54337422 7.38715266e-02
0.54602106 3.87817011e-02
0.54866186 1.40298359e-02
0.55129639 1.40933445e-03
0.55392441 1.98307317e-03
0.55654568 1.59955694e-02
0.55915997 4.28357894e-02
0.56176708 8.10548395e-02
0.56436678 1.28439241e-01
0.56695887 1.82136746e-01
0.56954315 2.38827983e-01
0.57211942 2.94933863e-01
0.57468750 3.46845916e-01
0.57724719 3.91164675e-01
0.57979831 4.24930201e-01
0.58234070 4.45828896e-01
0.58487417 4.52361854e-01
0.58739855 4.43962252e-01
0.58991369 4.21052387e-01
0.59241940 3.85034848e-01
0.59491555 3.38216773e-01
0.59740197 2.83670787e-01
0.59987851 2.25040748e-01
0.60234504 1.66304432e-01
0.60480142 1.11508515e-01
0.60724751 6.44936913e-02
0.60968321 2.86288008e-02
0.61210840 6.57258423e-03
0.61452299 8.01103084e-05
0.61692687 9.86822462e-03
0.61931997 3.55504309e-02
0.62170222 7.56469602e-02
0.62407356 1.27670611e-01
0.62643391 1.88283635e-01
0.62878324 2.53515917e-01
0.63112150 3.19030162e-01
0.63344866 3.80416335e-01
0.63576467 4.33495267e-01
0.63806952 4.74610386e-01
0.64036318 5.00887105e-01
0.64264562 5.10441211e-01
0.64491685 5.02521144e-01
0.64717684 4.77573356e-01
0.64942559 4.37225255e-01
0.65166309 3.84185892e-01
0.65388934 3.22070328e-01
0.65610435 2.55159154e-01
0.65830811 1.88109174e-01
0.66050064 1.25634899e-01
0.66268194 7.21827805e-02
0.66485202 3.16208183e-02
0.66701090 6.96529964e-03
0.66915860 1.64070093e-04
0.67129513 1.19519132e-02
0.67342052 4.17887410e-02
0.67553478 8.78855689e-02
0.67763795 1.47317185e-01
0.67973005 2.16214350e-01
0.68181111 2.90022767e-01
0.68388118 3.63811385e-01
0.68594028 4.32608950e-01
0.68798846 4.91745773e-01
0.69002577 5.37177062e-01
0.69205224 5.65765428e-01
0.69406794 5.75502822e-01
0.69607291 5.65656286e-01
0.69806720 5.36827090e-01
0.70005087 4.90918726e-01
0.70202398 4.31015528e-01
0.70398658 3.61179785e-01
0.70593872 2.86180892e-01
0.70788046 2.11174754e-01
0.70981185 1.41355127e-01
0.71173295 8.16006317e-02
0.71364381 3.61414057e-02
0.71554448 8.26825764e-03
0.71743500 1.04205972e-04
0.71931543 1.24541901e-02
0.72118581 4.47433731e-02
0.72304620 9.50485244e-02
0.72489663 1.60220598e-01
0.72673715 2.36090494e-01
0.72856781 3.17744308e-01
0.73038867 3.99849717e-01
0.73219976 4.77011583e-01
0.73400113 5.44133003e-01
0.73579284 5.96757531e-01
0.73757494 6.31369731e-01
0.73934747 6.45633754e-01
0.74111048 6.38553996e-01
0.74286403 6.10547037e-01
0.74460817 5.63419979e-01
0.74634295 5.00256508e-01
0.74806844 4.25218118e-01
0.74978467 3.43273577e-01
0.75149172 2.59874514e-01
0.75318963 1.80598458e-01
0.75487846 1.10782762e-01
0.75655828 5.51735255e-02
0.75822914 1.76124448e-02
0.75989109 7.82218491e-04
0.76154421 6.02707519e-03
0.76318855 3.32601843e-02
0.76482418 8.09639778e-02
0.76645115 1.46283418e-01
0.76806954 2.25206164e-01
0.76967939 3.12818012e-01
0.77128078 4.03617132e-01
0.77287377 4.91866837e-01
0.77445842 5.71964267e-01
0.77603480 6.38801302e-01
0.77760298 6.88094456e-01
0.77916301 7.16662654e-01
0.78071497 7.22635224e-01
0.78225892 7.05576769e-01
0.78379493 6.66520844e-01
0.78532307 6.07910158e-01
0.78684342 5.33447075e-01
0.78835604 4.47863894e-01
0.78986101 3.56627258e-01
0.79135842 2.65595195e-01
0.79284833 1.80648355e-01
0.79433083 1.07318532e-01
0.79580601 5.04379748e-02
0.79727396 1.38313152e-02
0.79873476 6.95654888e-05
0.80018850 1.03016576e-02
0.80163529 4.41742992e-02
0.80307522 9.98454131e-02
0.80450839 1.74090603e-01
0.80593489 2.62496455e-01
0.80735484 3.59728919e-01
0.80876833 4.59860679e-01
0.81017546 5.56737485e-01
0.81157636 6.44360860e-01
0.81297110 7.17263622e-01
0.81435981 7.70855216e-01
0.81574258 8.01715315e-01
0.81711951 8.07817272e-01
0.81849072 7.88666728e-01
0.81985631 7.45346249e-01
0.82121638 6.80462643e-01
0.82257104 5.97999392e-01
0.82392041 5.03082258e-01
0.82526460 4.01671545e-01
0.82660372 3.00199088e-01
0.82793790 2.05171812e-01
0.82926726 1.22765817e-01
0.83059190 5.84357588e-02
0.83191197 1.65637339e-02
0.83322757 1.69840360e-04
0.83453884 1.07031441e-02
0.83584590 4.79273086e-02
0.83714887 1.09909532e-01
0.83844790 1.93115347e-01
0.83974310 2.92605422e-01
0.84103463 4.02324271e-01
0.84232261 5.15464972e-01
0.84360719 6.24888908e-01
0.84488853 7.23575601e-01
0.84616677 8.05075418e-01
0.84744208 8.63937165e-01
0.84871462 8.96082862e-01
0.84998455 8.99104651e-01
0.85125207 8.72462718e-01
0.85251735 8.17568730e-01
0.85378058 7.37745670e-01
0.85504197 6.38062124e-01
0.85630173 5.25046816e-01
0.85756006 4.06297052e-01
0.85881721 2.90002045e-01
0.86007339 1.84408276e-01
0.86132887 9.72590304e-02
0.86258389 3.52435969e-02
0.86383873 3.49309532e-03
0.86509367 5.15900006e-03
0.86634901 4.11071991e-02
0.86760506 1.09755171e-01
0.86886216 2.07072391e-01
0.87012064 3.26754735e-01
0.87138090 4.60572688e-01
0.87264331 5.98881889e-01
0.87390830 7.31272110e-01
0.87517631 8.47319425e-01
0.87644782 9.37395785e-01
0.87772332 9.93480840e-01
0.87900337 1.00991535e+00
0.88028853 9.84033688e-01
0.88157943 9.16613675e-01
0.88287672 8.12080151e-01
0.88418113 6.78460864e-01
0.88549342 5.26950172e-01
0.88614708 4.49327715e-01
0.88681452 3.71101424e-01
0.88814519 2.26060145e-01
0.88948652 1.07109003e-01
0.89015566 6.21766738e-02
0.89083966 2.80813940e-02
0.89220565 4.20883912e-09
0.89358590 2.94343952e-02
0.89427578 6.58597208e-02
0.89532898 1.47384331e-01
0.89603555 2.17716436e-01
0.89728224 3.66042942e-01
0.89845458 5.23935143e-01
0.89900299 6.00365078e-01
0.89964330 6.89205466e-01
0.90080045 8.41873465e-01
0.90173878 9.50900649e-01
0.90287808 1.05591903e+00
0.90373952 1.11010369e+00
0.90446516 1.13636742e+00
0.90495620 1.14338759e+00
0.90594937 1.13029653e+00
0.90735854 1.05035380e+00
0.90796905 9.95033609e-01
0.90859375 9.27148524e-01
0.90990369 7.55491615e-01
0.91059588 6.53980192e-01
0.91124312 5.56005431e-01
0.91184473 4.64844899e-01
0.91258519 3.56103538e-01
0.91334752 2.52458871e-01
0.91385701 1.90132269e-01
0.91437688 1.33812482e-01
0.91504222 7.44025812e-02
0.91572557 3.03520920e-02
0.91638070 6.02403870e-03
0.91710975 9.88147731e-04
0.91803933 2.93172374e-02
0.91879110 8.03548574e-02
0.91956684 1.57738465e-01
0.91997390 2.07489288e-01
0.92038796 2.63858888e-01
0.92101710 3.59154429e-01
0.92166332 4.66687742e-01
0.92226908 5.73522835e-01
0.92272436 6.55865999e-01
0.92370149 8.31993927e-01
0.92473074 1.00479063e+00
0.92525622 1.08321553e+00
0.92633256 1.21365025e+00
0.92708323 1.27496099e+00
0.92797288 1.31078547e+00
0.92880579 1.30541906e+00
0.92953423 1.26939328e+00
0.93014657 1.21726064e+00
0.93099680 1.11457314e+00
0.93136277 1.06075393e+00
0.93213403 9.31794470e-01
0.93256092 8.53228951e-01
0.93344168 6.81366768e-01
0.93437547 4.95994711e-01
0.93510840 3.57747445e-01
0.93553396 2.83550943e-01
0.93640699 1.52029542e-01
0.93731363 5.41110323e-02
0.93778298 2.20224805e-02
0.93825531 3.87742748e-03
0.93861718 1.91590631e-05
0.93948855 2.75102965e-02
0.94000016 6.78159650e-02
0.94065359 1.44185814e-01
0.94160777 3.00804688e-01
0.94217055 4.14080817e-01
0.94289222 5.75895765e-01
0.94349052 7.18917077e-01
0.94395239 8.31442099e-01
0.94474271 1.02075506e+00
0.94556469 1.20194097e+00
0.94624147 1.32981635e+00
0.94694511 1.43455715e+00
0.94730778 1.47522348e+00
0.94786630 1.51800029e+00
0.94824890 1.53255292e+00
0.94903254 1.52327372e+00
0.94964275 1.47941382e+00
0.95006213 1.43121823e+00
0.95048652 1.36827929e+00
0.95092195 1.29007569e+00
0.95159725 1.14523879e+00
0.95230140 9.70795998e-01
0.95291235 8.07659659e-01
0.95341829 6.69733314e-01
0.95380850 5.64598192e-01
0.95433462 4.28579035e-01
0.95487884 2.99745440e-01
0.95515820 2.40032643e-01
0.95544265 1.84651081e-01
0.95602768 9.08012715e-02
0.95663582 2.64328692e-02
0.95726927 1.94742051e-04
0.95793052 2.06429380e-02
0.95844646 7.12949736e-02
0.95897635 1.54225053e-01
0.95933897 2.28044216e-01
0.95952374 2.70640089e-01
0.95990051 3.67100088e-01
0.96028744 4.78196415e-01
0.96088830 6.70134825e-01
0.96119863 7.76049167e-01
0.96162343 9.25386946e-01
0.96194888 1.04109045e+00
0.96239381 1.19769732e+00
0.96297124 1.39132954e+00
0.96332998 1.50219173e+00
0.96357462 1.57214721e+00
0.96382387 1.63789929e+00
0.96433697 1.75276023e+00
0.96460132 1.79973768e+00
0.96514684 1.86714460e+00
0.96557189 1.88983747e+00
0.96600919 1.88437029e+00
0.96630862 1.86338723e+00
0.96677188 1.80358175e+00
0.96725350 1.70750658e+00
0.96758568 1.62254596e+00
0.96792743 1.52072626e+00
0.96819044 1.43352393e+00
0.96864245 1.26881446e+00
0.96911303 1.08272774e+00
0.96940508 9.62856950e-01
0.96980677 7.96574145e-01
0.97011794 6.69599852e-01
0.97043825 5.43431480e-01
0.97088073 3.81710442e-01
0.97134247 2.35347321e-01
0.97156405 1.75394503e-01
0.97179048 1.22108705e-01
0.97222223 4.55045885e-02
0.97255861 1.08908723e-02
0.97278934 8.10728480e-04
0.97302559 2.49641842e-03
0.97326768 1.71329509e-02
0.97377079 8.98820120e-02
0.97403268 1.50180739e-01
0.97443972 2.73160107e-01
0.97472136 3.77842780e-01
0.97486549 4.37149336e-01
0.97516079 5.69700301e-01
0.97546611 7.20564364e-01
0.97578228 8.88875385e-01
0.97602712 1.02561476e+00
0.97619426 1.12122807e+00
0.97636470 1.21995438e+00
0.97662690 1.37286504e+00
0.97689746 1.52980123e+00
0.97708282 1.63548887e+00
0.97746641 1.84536744e+00
0.97776639 1.99730613e+00
0.97807796 2.13972996e+00
0.97829266 2.22677956e+00
0.97840224 2.26726620e+00
0.97862611 2.34092548e+00
0.97885663 2.40316375e+00
0.97909427 2.45175875e+00
0.97933958 2.48423841e+00
0.97952897 2.49643643e+00
0.97972329 2.49693956e+00
0.97999062 2.47742423e+00
0.98019774 2.44613965e+00
0.98033921 2.41668250e+00
0.98052006 2.36958906e+00
0.98070563 2.31055554e+00
0.98085770 2.25436565e+00
0.98101315 2.18991605e+00
0.98117217 2.11702246e+00
0.98145961 1.96887415e+00
0.98171609 1.82102702e+00
0.98193759 1.68341602e+00
0.98216677 1.53341510e+00
0.98245283 1.33868356e+00
0.98260076 1.23609783e+00
0.98280349 1.09502478e+00
0.98301291 9.50445770e-01
0.98312031 8.77401146e-01
0.98322960 8.04209685e-01
0.98345413 6.58687312e-01
0.98368720 5.16811199e-01
0.98396003 3.66314656e-01
0.98424594 2.31081672e-01
0.98446988 1.44166665e-01
0.98470280 7.38606251e-02
0.98494556 2.45283776e-02
0.98511338 5.72381465e-03
0.98528635 7.66902609e-05
0.98546487 9.35179330e-03
0.98564935 3.54402831e-02
0.98584027 8.03552368e-02
0.98603817 1.46210225e-01
0.98613993 1.87680700e-01
0.98634946 2.89074824e-01
0.98645743 3.49571072e-01
0.98668029 4.91502541e-01
0.98679542 5.73465912e-01
0.98697308 7.10858001e-01
0.98715715 8.66174828e-01
0.98728369 9.80012691e-01
0.98754676 1.23270682e+00
0.98768372 1.37161438e+00
0.98782460 1.51888275e+00
0.98804383 1.75474885e+00
0.98815729 1.87911393e+00
0.98827349 2.00749257e+00
0.98843295 2.18428350e+00
0.98859796 2.36666169e+00
0.98876896 2.55352536e+00
0.98894648 2.74314988e+00
0.98903785 2.83843352e+00
0.98913108 2.93358434e+00
0.98922624 3.02824980e+00
0.98942273 3.21491489e+00
0.98962815 3.39463859e+00
0.98973449 3.48049895e+00
0.98984344 3.56304378e+00
0.99006968 3.71427454e+00
0.99024734 3.81211776e+00
0.99043254 3.89257675e+00
0.99056055 3.93410358e+00
0.99069247 3.96440001e+00
0.99082857 3.98107719e+00
0.99089828 3.98360807e+00
0.99096915 3.98196960e+00
0.99111454 3.96449969e+00
0.99126508 3.92546997e+00
0.99142120 3.86194379e+00
0.99158334 3.76897264e+00
0.99166682 3.70999128e+00
0.99175199 3.64158419e+00
0.99183894 3.56293022e+00
0.99201847 3.37244935e+00
0.99220609 3.13252054e+00
0.99236254 2.90118808e+00
0.99248389 2.70279718e+00
0.99263016 2.44427115e+00
0.99280402 2.11530155e+00
0.99293952 1.84829580e+00
0.99303248 1.66252806e+00
0.99317615 1.37659492e+00
0.99327496 1.18459591e+00
0.99337637 9.94677678e-01
0.99348056 8.10169620e-01
0.99364253 5.52573872e-01
0.99372630 4.35999128e-01
0.99381210 3.29782405e-01
0.99390005 2.35747873e-01
0.99399031 1.55488631e-01
0.99405186 1.10356940e-01
0.99411458 7.24028463e-02
0.99421097 2.97791813e-02
0.99431035 5.45035619e-03
0.99436125 5.56051116e-04
0.99446565 6.21136452e-03
0.99455548 2.76578573e-02
0.99462937 5.66069091e-02
0.99470519 9.68301554e-02
0.99480288 1.64310155e-01
0.99492479 2.73249683e-01
0.99503071 3.90297707e-01
0.99509633 4.73389100e-01
0.99516363 5.67102477e-01
0.99525617 7.10013849e-01
0.99532783 8.31963191e-01
0.99540159 9.67816039e-01
0.99547761 1.11889601e+00
0.99560981 1.40798013e+00
0.99566481 1.53810002e+00
0.99572113 1.67732819e+00
0.99576427 1.78800888e+00
0.99580824 1.90443081e+00
0.99589878 2.15542119e+00
0.99596123 2.33714685e+00
0.99602549 2.53146220e+00
0.99607495 2.68594765e+00
0.99612555 2.84834250e+00
0.99619493 3.07805087e+00
0.99630345 3.45303956e+00
0.99637908 3.72534549e+00
0.99645760 4.01729809e+00
0.99651857 4.25026594e+00
0.99658146 4.49622055e+00
0.99662453 4.66778754e+00
0.99666858 4.84617448e+00
0.99675979 5.22414316e+00
0.99680709 5.42484269e+00
0.99688534 5.76519023e+00
0.99696704 6.13070237e+00
0.99700930 6.32476601e+00
0.99709691 6.73954704e+00
0.99718908 7.19391261e+00
0.99723706 7.43918285e+00
0.99728642 7.70001040e+00
0.99738964 8.26951894e+00
0.99744376 8.58269619e+00
0.99749971 8.91963107e+00
0.99755765 9.28140251e+00
0.99761776 9.67201261e+00
0.99768023 1.00936717e+01
0.99772878 1.04321693e+01
0.99777889 1.07901757e+01
0.99781323 1.10393792e+01
0.99784837 1.12982801e+01
0.99792118 1.18400793e+01
0.99795896 1.21220320e+01
0.99803755 1.27033156e+01
0.99807850 1.29981444e+01
0.99812064 1.32930673e+01
0.99816406 1.35841067e+01
0.99820885 1.38679837e+01
0.99825512 1.41395376e+01
0.99830299 1.43925041e+01
0.99835258 1.46204750e+01
0.99840405 1.48175835e+01
0.99843054 1.49007752e+01
0.99845757 1.49706980e+01
0.99851335 1.50686299e+01
0.99857160 1.51077161e+01
0.99860175 1.50989133e+01
0.99863263 1.50655519e+01
0.99869673 1.49277843e+01
0.99873007 1.48222210e+01
0.99876432 1.46843402e+01
0.99879957 1.45137318e+01
0.99882669 1.43636901e+01
0.99885445 1.41921979e+01
0.99889248 1.39298214e+01
0.99893179 1.36290611e+01
0.99897248 1.32895313e+01
0.99901465 1.29119638e+01
0.99905846 1.24977842e+01
0.99908101 1.22775691e+01
0.99913709 1.17197167e+01
0.99917613 1.13348425e+01
0.99921662 1.09459999e+01
0.99923745 1.07547342e+01
0.99928035 1.03786487e+01
0.99930246 1.01988216e+01
0.99934812 9.86866339e+00
0.99939582 9.56770329e+00
0.99942050 9.44026809e+00
0.99944577 9.33049691e+00
0.99947165 9.23540283e+00
0.99949817 9.15761349e+00
0.99952537 9.09782167e+00
0.99955325 9.05543086e+00
0.99958186 9.03033370e+00
0.99961120 9.01417466e+00
0.99962615 9.00938764e+00
0.99965661 9.00183726e+00
0.99968782 8.98710315e+00
0.99971973 8.95025952e+00
0.99973591 8.92017546e+00
0.99975223 8.88019521e+00
0.99976867 8.82554755e+00
0.99978520 8.75607080e+00
0.99980178 8.66927563e+00
0.99981838 8.56219334e+00
0.99983494 8.43545930e+00
0.99985143 8.28850863e+00
0.99986779 8.12082303e+00
0.99988398 7.93366238e+00
0.99990000 7.72588416e+00
0.99991269 7.55063885e+00
0.99992528 7.36339543e+00
0.99995021 6.95192048e+00
1.00000089 6.22977059e+00
1.00000268 6.24113912e+00
1.00000446 6.25417253e+00
1.00000625 6.26692907e+00
1.00000805 6.27937954e+00
1.00000984 6.29151502e+00
1.00001164 6.30329216e+00
1.00001345 6.31469922e+00
1.00001526 6.32568393e+00
1.00001708 6.33623581e+00
1.00001890 6.34630733e+00
1.00002073 6.35588667e+00
1.00002257 6.36494469e+00
1.00002441 6.37345640e+00
1.00002627 6.38138795e+00
1.00002813 6.38872592e+00
1.00003000 6.39544723e+00
1.00003188 6.40153269e+00
1.00003377 6.40696326e+00
1.00003567 6.41173360e+00
1.00003758 6.41580799e+00
1.00003951 6.41920189e+00
1.00004144 6.42187974e+00
1.00004338 6.42384932e+00
1.00004534 6.42508805e+00
1.00004731 6.42559529e+00
1.00004929 6.42536035e+00
1.00005129 6.42437297e+00
1.00005329 6.42264277e+00
1.00005531 6.42014287e+00
1.00005735 6.41689530e+00
1.00005940 6.41287415e+00
1.00006146 6.40810055e+00
1.00006353 6.40255199e+00
1.00006563 6.39624487e+00
1.00006773 6.38918280e+00
1.00006985 6.38134433e+00
1.00007199 6.37276478e+00
1.00007414 6.36342645e+00
1.00007631 6.35334475e+00
1.00007849 6.34252105e+00
1.00008068 6.33096775e+00
1.00008290 6.31869426e+00
1.00008513 6.30569438e+00
1.00008737 6.29200304e+00
1.00008964 6.27759977e+00
1.00009191 6.26252102e+00
1.00009421 6.24675700e+00
1.00009652 6.23033445e+00
1.00009885 6.21324959e+00
1.00010119 6.19552920e+00
1.00010355 6.17716643e+00
1.00010593 6.15819744e+00
1.00010833 6.13861108e+00
1.00011074 6.11843473e+00
1.00011317 6.09767269e+00
1.00011562 6.07635151e+00
1.00011808 6.05446533e+00
1.00012056 6.03204093e+00
1.00012306 6.00908430e+00
1.00012557 5.98562239e+00
1.00012810 5.96164696e+00
1.00013065 5.93719683e+00
1.00013322 5.91226121e+00
1.00013580 5.88687609e+00
1.00013840 5.86104293e+00
1.00014102 5.83478210e+00
1.00014365 5.80809572e+00
1.00014630 5.78101862e+00
1.00014897 5.75354465e+00
1.00015166 5.72569969e+00
1.00015436 5.69749750e+00
1.00015708 5.66894360e+00
1.00015981 5.64006313e+00
1.00016256 5.61085888e+00
1.00016533 5.58135786e+00
1.00016811 5.55155448e+00
1.00017091 5.52148201e+00
1.00017373 5.49114325e+00
1.00017656 5.46055569e+00
1.00017941 5.42972414e+00
1.00018228 5.39867056e+00
1.00018516 5.36740802e+00
1.00018805 5.33594292e+00
1.00019096 5.30428969e+00
1.00019389 5.27246114e+00
1.00019683 5.24047002e+00
1.00019978 5.20833035e+00
1.00020276 5.17604634e+00
1.00020574 5.14363976e+00
1.00020874 5.11111450e+00
1.00021176 5.07848380e+00
1.00021479 5.04576054e+00
1.00021783 5.01294836e+00
1.00022088 4.98006790e+00
1.00022396 4.94712260e+00
1.00022704 4.91412369e+00
1.00023014 4.88109188e+00
1.00023325 4.84801453e+00
1.00023637 4.81491900e+00
1.00023951 4.78181564e+00
1.00024265 4.74869943e+00
1.00024582 4.71559838e+00
1.00024899 4.68249868e+00
1.00025217 4.64942642e+00
1.00025537 4.61639096e+00
1.00025858 4.58338826e+00
1.00026180 4.55042845e+00
1.00026503 4.51752745e+00
1.00026827 4.48469483e+00
1.00027152 4.45192586e+00
1.00027479 4.41922983e+00
1.00027806 4.38662251e+00
1.00028134 4.35410505e+00
1.00028464 4.32168618e+00
1.00028794 4.28937433e+00
1.00029125 4.25717068e+00
1.00029457 4.22508338e+00
1.00029790 4.19312031e+00
1.00030124 4.16128231e+00
1.00030458 4.12957665e+00
1.00030794 4.09801771e+00
1.00031130 4.06659884e+00
1.00031467 4.03532767e+00
1.00031804 4.00421042e+00
1.00032143 3.97326102e+00
1.00032482 3.94246549e+00
1.00032821 3.91184415e+00
1.00033162 3.88139624e+00
1.00033502 3.85112137e+00
1.00033844 3.82103242e+00
1.00034186 3.79112161e+00
1.00034528 3.76140828e+00
1.00034871 3.73187800e+00
1.00035215 3.70254964e+00
1.00035558 3.67341537e+00
1.00035903 3.64448050e+00
1.00036247 3.61575640e+00
1.00036592 3.58723516e+00
1.00036937 3.55892803e+00
1.00037283 3.53083337e+00
1.00037628 3.50294954e+00
1.00037974 3.47528725e+00
1.00038320 3.44783832e+00
1.00038667 3.42061933e+00
1.00039013 3.39361595e+00
1.00039360 3.36684441e+00
1.00039706 3.34029636e+00
1.00040053 3.31398164e+00
1.00040399 3.28789196e+00
1.00040746 3.26203680e+00
1.00041092 3.23641952e+00
1.00041438 3.21102602e+00
1.00041784 3.18587694e+00
1.00042130 3.16095808e+00
1.00042476 3.13628396e+00
1.00042822 3.11184042e+00
1.00043167 3.08763606e+00
1.00043512 3.06367365e+00
1.00043857 3.03995581e+00
1.00044201 3.01647399e+00
1.00044545 2.99323071e+00
1.00044888 2.97022854e+00
1.00045231 2.94747519e+00
1.00045573 2.92495661e+00
1.00045915 2.90268044e+00
1.00046256 2.88064875e+00
1.00046597 2.85885302e+00
1.00046937 2.83730565e+00
1.00047276 2.81599292e+00
1.00047615 2.79492698e+00
1.00047953 2.77409923e+00
1.00048290 2.75351129e+00
1.00048626 2.73316478e+00
1.00048961 2.71305616e+00
1.00049295 2.69318677e+00
1.00049629 2.67355313e+00
1.00049961 2.65416149e+00
1.00050293 2.63500309e+00
1.00050623 2.61607905e+00
1.00050952 2.59739068e+00
1.00051280 2.57893888e+00
1.00051607 2.56071503e+00
1.00051933 2.54272953e+00
1.00052258 2.52496903e+00
1.00052581 2.50744369e+00
1.00052903 2.49014483e+00
1.00053224 2.47307301e+00
1.00053543 2.45622886e+00
1.00053861 2.43960826e+00
1.00054177 2.42321153e+00
1.00054492 2.40703464e+00
1.00054806 2.39108264e+00
1.00055118 2.37535121e+00
1.00055428 2.35983586e+00
1.00055737 2.34453664e+00
1.00056044 2.32944936e+00
1.00056349 2.31457864e+00
1.00056653 2.29992019e+00
1.00056955 2.28547377e+00
1.00057255 2.27123485e+00
1.00057554 2.25720331e+00
1.00057850 2.24337901e+00
1.00058145 2.22975701e+00
1.00058438 2.21633292e+00
1.00058729 2.20311514e+00
1.00059018 2.19009448e+00
1.00059305 2.17726618e+00
1.00059590 2.16463838e+00
1.00059873 2.15220211e+00
1.00060154 2.13995650e+00
1.00060433 2.12790115e+00
1.00060709 2.11603528e+00
1.00060984 2.10435391e+00
1.00061256 2.09285621e+00
1.00061527 2.08154128e+00
1.00061795 2.07040427e+00
1.00062061 2.05944831e+00
1.00062325 2.04866849e+00
1.00062586 2.03806343e+00
1.00062845 2.02762814e+00
1.00063102 2.01736580e+00
1.00063357 2.00727513e+00
1.00063609 1.99734669e+00
1.00063859 1.98758352e+00
1.00064107 1.97798818e+00
1.00064352 1.96854776e+00
1.00064595 1.95927221e+00
1.00064835 1.95014889e+00
1.00065073 1.94118384e+00
1.00065309 1.93237204e+00
1.00065542 1.92371180e+00
1.00065773 1.91520172e+00
1.00066001 1.90684002e+00
1.00066227 1.89862132e+00
1.00066451 1.89054767e+00
1.00066672 1.88261386e+00
1.00066890 1.87482209e+00
1.00067106 1.86717071e+00
1.00067320 1.85965384e+00
1.00067531 1.85226981e+00
1.00067739 1.84502064e+00
1.00067946 1.83790070e+00
1.00068149 1.83090815e+00
1.00068350 1.82404487e+00
1.00068549 1.81730549e+00
1.00068745 1.81069149e+00
1.00068939 1.80419746e+00
1.00069131 1.79782501e+00
1.00069308 1.79195988e+00
