# ADIPLS gamma1,rho kernel K_(Gamma1,rho)(r) for MESA 2.0 Msun midMS
# Code: ADIPLS (bundled with MESA 26.04.1), igm1kr=1, variational, istsbc=1, icow=0, mdintg=5
# Model: data/mesa_comparison/profiles/2.0Msun/midMS.FGONG (reformatted to 1pe16.9), G=6.67430e-8 cgs
# Mode: l=0 n=20 nu=1781.6910 uHz
# ADIPLS convention: delta(omega)/omega = INTEGRAL[ K * delta(Gamma1) * dx ], x=r/R
# columns: x=r/R    K_gamma1_rho
0.00000000 0.00000000e+00
0.00092245 1.52698000e-03
0.00116222 1.71724112e-03
0.00146431 1.97423154e-03
0.00184493 2.32289497e-03
0.00232449 2.80225185e-03
0.00292872 3.46960859e-03
0.00369005 4.41005338e-03
0.00464936 5.76013113e-03
0.00557426 7.24955407e-03
0.00626517 8.46092026e-03
0.00731487 1.04381513e-02
0.00880439 1.35957937e-02
0.01081552 1.84874427e-02
0.01344790 2.59316346e-02
0.01683421 3.71695127e-02
0.02053782 5.13226193e-02
0.02595649 7.50806710e-02
0.02951589 9.25092730e-02
0.03238899 1.06820218e-01
0.03625141 1.26456005e-01
0.03944833 1.42874058e-01
0.04280846 1.59770275e-01
0.04572862 1.74118974e-01
0.04706445 1.80449907e-01
0.04833224 1.86249411e-01
0.05069553 1.96597162e-01
0.05327037 2.07209926e-01
0.05563262 2.16162953e-01
0.05782304 2.23691516e-01
0.05987115 2.30046645e-01
0.06094310 2.33072233e-01
0.06198192 2.35770422e-01
0.06397034 2.40352022e-01
0.06594756 2.44173719e-01
0.06786484 2.47101653e-01
0.06969093 2.49176380e-01
0.07105205 2.50253202e-01
0.07236916 2.50873129e-01
0.07497545 2.50986835e-01
0.07666485 2.50285127e-01
0.07829321 2.48984265e-01
0.07950194 2.47635971e-01
0.08068061 2.46001965e-01
0.08186254 2.44057999e-01
0.08301684 2.41860935e-01
0.08454639 2.38510464e-01
0.08603199 2.34783445e-01
0.08824043 2.28408681e-01
0.09036370 2.21405512e-01
0.09246359 2.13663216e-01
0.09451444 2.05363932e-01
0.09718160 1.93592539e-01
0.09977948 1.81204494e-01
0.10231336 1.68399073e-01
0.10355416 1.61892397e-01
0.10600103 1.48697839e-01
0.10839454 1.35496069e-01
0.11073819 1.22397466e-01
0.11303510 1.09535309e-01
0.11528810 9.70263669e-02
0.11749974 8.49743219e-02
0.11967235 7.34818114e-02
0.12074602 6.79568641e-02
0.12286381 5.76656171e-02
0.12391091 5.27385259e-02
0.12597822 4.30126429e-02
0.12808152 3.41065199e-02
0.13015306 2.66863752e-02
0.13168609 2.16845338e-02
0.13320382 1.71001427e-02
0.13520304 1.18251763e-02
0.13717577 7.51756030e-03
0.13912324 4.18430301e-03
0.14008767 2.88269347e-03
0.14199951 1.00808093e-03
0.14294695 4.33330011e-04
0.14482538 9.34163670e-07
0.14668282 5.10240731e-04
0.14760407 1.11147937e-03
0.14943178 2.99137647e-03
0.15124065 5.74879934e-03
0.15303147 9.35083745e-03
0.15480497 1.37600466e-02
0.15656184 1.89354127e-02
0.15830275 2.48326467e-02
0.16002831 3.14045113e-02
0.16173910 3.86011493e-02
0.16343569 4.63704657e-02
0.16511861 5.46582011e-02
0.16678835 6.34088845e-02
0.16761773 6.79360480e-02
0.16926856 7.72725086e-02
0.17090739 8.69275419e-02
0.17253462 9.68409128e-02
0.17415066 1.06955167e-01
0.17495542 1.12072988e-01
0.17655544 1.22372001e-01
0.17814521 1.32723642e-01
0.17972509 1.43067096e-01
0.18129540 1.53345206e-01
0.18285647 1.63501295e-01
0.18440860 1.73480141e-01
0.18595209 1.83228082e-01
0.18748723 1.92693239e-01
0.18901427 2.01825726e-01
0.19053348 2.10577842e-01
0.19204511 2.18904258e-01
0.19354940 2.26762194e-01
0.19504658 2.34111581e-01
0.19653687 2.40915216e-01
0.19802048 2.47138903e-01
0.19949763 2.52751581e-01
0.20096850 2.57725445e-01
0.20243331 2.62036045e-01
0.20389222 2.65662380e-01
0.20534543 2.68586971e-01
0.20679310 2.70795930e-01
0.20823542 2.72279001e-01
0.20967253 2.73029603e-01
0.21110461 2.73044843e-01
0.21253181 2.72325527e-01
0.21395428 2.70876149e-01
0.21537217 2.68704866e-01
0.21678561 2.65823465e-01
0.21819474 2.62247304e-01
0.21959971 2.57995249e-01
0.22100063 2.53089590e-01
0.22239765 2.47555947e-01
0.22379087 2.41423156e-01
0.22518042 2.34723144e-01
0.22656641 2.27490794e-01
0.22794896 2.19763791e-01
0.22932818 2.11582454e-01
0.23070418 2.02989563e-01
0.23207705 1.94030163e-01
0.23344690 1.84751369e-01
0.23481383 1.75202144e-01
0.23617793 1.65433086e-01
0.23753930 1.55496185e-01
0.23889802 1.45444586e-01
0.24025419 1.35332342e-01
0.24160789 1.25214147e-01
0.24295920 1.15145081e-01
0.24430821 1.05180339e-01
0.24565499 9.53749529e-02
0.24699962 8.57835224e-02
0.24834217 7.64599324e-02
0.24968272 6.74570756e-02
0.25102134 5.88265726e-02
0.25235810 5.06184969e-02
0.25369305 4.28810997e-02
0.25502628 3.56605418e-02
0.25635783 2.90006295e-02
0.25768778 2.29425598e-02
0.25901618 1.75246704e-02
0.26034309 1.27822046e-02
0.26166856 8.74708473e-03
0.26299266 5.44773612e-03
0.26431544 2.90844375e-03
0.26695738 1.90425032e-04
0.26959464 7.09391704e-04
0.27090515 2.19046533e-03
0.27222743 4.51090436e-03
0.27353588 7.62003436e-03
0.27485629 1.15686490e-02
0.27748170 2.17825669e-02
0.27878654 2.79883255e-02
0.28010370 3.49768610e-02
0.28140697 4.25763725e-02
0.28272274 5.09026373e-02
0.28402460 5.97465880e-02
0.28533913 6.92424274e-02
0.28663972 7.91483082e-02
0.28795314 8.96106809e-02
0.29056520 1.11562376e-01
0.29317541 1.34636905e-01
0.29447298 1.46359431e-01
0.29578386 1.58274895e-01
0.29708066 1.70070099e-01
0.29839092 1.81914933e-01
0.30099696 2.04979699e-01
0.30360205 2.26952412e-01
0.30489719 2.37278195e-01
0.30620622 2.47210662e-01
0.30750101 2.56481228e-01
0.30880981 2.65215398e-01
0.31141315 2.80469393e-01
0.31401624 2.92618035e-01
0.31531048 2.97357536e-01
0.31661912 3.01208316e-01
0.31791333 3.04066519e-01
0.31922207 3.05953430e-01
0.32182539 3.06660350e-01
0.32442907 3.03332342e-01
0.32572365 3.00145392e-01
0.32703311 2.95892705e-01
0.32832795 2.90704479e-01
0.32963779 2.84475058e-01
0.33224336 2.69327659e-01
0.33484982 2.50891719e-01
0.33614583 2.40613715e-01
0.33745715 2.29545189e-01
0.33875367 2.18024816e-01
0.34006561 2.05862781e-01
0.34136269 1.93422995e-01
0.34267530 1.80493859e-01
0.34528647 1.54152890e-01
0.34789910 1.27640364e-01
0.35051328 1.01734356e-01
0.35312911 7.72441189e-02
0.35574670 5.49618356e-02
0.35836613 3.56378700e-02
0.36098749 1.99555492e-02
0.36361085 8.50647278e-03
0.36623631 1.76740884e-03
0.36886393 7.96364080e-05
0.37149377 3.63160460e-03
0.37412591 1.24457214e-02
0.37676041 2.63700130e-02
0.37939731 4.50752834e-02
0.38203667 6.80582568e-02
0.38467854 9.46510094e-02
0.38732296 1.24036792e-01
0.38996997 1.55272123e-01
0.39261960 1.87314767e-01
0.39527189 2.19056982e-01
0.39792686 2.49363158e-01
0.40058454 2.77110700e-01
0.40324493 3.01232834e-01
0.40590805 3.20761790e-01
0.40857392 3.34870678e-01
0.41124252 3.42912280e-01
0.41391386 3.44452990e-01
0.41658792 3.39300143e-01
0.41926469 3.27521152e-01
0.42194414 3.09453038e-01
0.42462624 2.85701274e-01
0.42731096 2.57127226e-01
0.42999824 2.24823936e-01
0.43268803 1.90080484e-01
0.43538027 1.54335672e-01
0.43807488 1.19122394e-01
0.44077178 8.60045379e-02
0.44347089 5.65088352e-02
0.44617210 3.20544512e-02
0.44887532 1.38834886e-02
0.45158041 2.99577195e-03
0.45428725 9.13602041e-05
0.45699571 5.52411034e-03
0.45970565 1.92693256e-02
0.46241692 4.09080459e-02
0.46512935 6.96298755e-02
0.46784279 1.04255429e-01
0.47055705 1.43278521e-01
0.47327196 1.84927169e-01
0.47598734 2.27241449e-01
0.47870298 2.68165142e-01
0.48141870 3.05647177e-01
0.48413429 3.37747958e-01
0.48684953 3.62745170e-01
0.48956422 3.79233245e-01
0.49227814 3.86210674e-01
0.49499105 3.83149574e-01
0.49770274 3.70042595e-01
0.50041296 3.47423251e-01
0.50312148 3.16357119e-01
0.50582806 2.78402774e-01
0.50853244 2.35543087e-01
0.51123439 1.90089308e-01
0.51393365 1.44562142e-01
0.51662996 1.01555637e-01
0.51932308 6.35910933e-02
0.52201273 3.29691829e-02
0.52469867 1.16290417e-02
0.52738062 1.02315942e-03
0.53005834 2.01636737e-03
0.53273155 1.48161575e-02
0.53540001 3.89399771e-02
0.53806344 7.32231023e-02
0.54072160 1.15868316e-01
0.54337422 1.64536024e-01
0.54602106 2.16470795e-01
0.54866186 2.68657848e-01
0.55129639 3.18000789e-01
0.55392441 3.61510145e-01
0.55654568 3.96491129e-01
0.55915997 4.20718671e-01
0.56176708 4.32588156e-01
0.56436678 4.31231326e-01
0.56695887 4.16588764e-01
0.56954315 3.89432908e-01
0.57211942 3.51338583e-01
0.57468750 3.04601346e-01
0.57724719 2.52107342e-01
0.57979831 1.97161779e-01
0.58234070 1.43286032e-01
0.58487417 9.39958143e-02
0.58739855 5.25744363e-02
0.58991369 2.18559434e-02
0.59241940 4.03267158e-03
0.59491555 5.00552332e-04
0.59740197 1.17533286e-02
0.59987851 3.73338241e-02
0.60234504 7.58467961e-02
0.60480142 1.25033895e-01
0.60724751 1.81907032e-01
0.60968321 2.42932449e-01
0.61210840 3.04254240e-01
0.61452299 3.61943190e-01
0.61692687 4.12254663e-01
0.61931997 4.51878523e-01
0.62170222 4.78164215e-01
0.62407356 4.89305555e-01
0.62643391 4.84472199e-01
0.62878324 4.63878130e-01
0.63112150 4.28781582e-01
0.63344866 3.81415397e-01
0.63576467 3.24851480e-01
0.63806952 2.62807537e-01
0.64036318 1.99408176e-01
0.64264562 1.38915809e-01
0.64491685 8.54489876e-02
0.64717684 4.27069404e-02
0.64942559 1.37188228e-02
0.65166309 6.34784970e-04
0.65388934 4.57334610e-03
0.65610435 2.55359605e-02
0.65830811 6.23951931e-02
0.66050064 1.12958102e-01
0.66268194 1.74101323e-01
0.66485202 2.41969507e-01
0.66701090 3.12224469e-01
0.66915860 3.80328805e-01
0.67129513 4.41845331e-01
0.67342052 4.92732481e-01
0.67553478 5.29615848e-01
0.67763795 5.50017643e-01
0.67973005 5.52528386e-01
0.68181111 5.36908989e-01
0.68388118 5.04115958e-01
0.68594028 4.56247525e-01
0.68798846 3.96413782e-01
0.69002577 3.28538975e-01
0.69205224 2.57108667e-01
0.69406794 1.86878218e-01
0.69607291 1.22561634e-01
0.69806720 6.85212445e-02
0.70005087 2.84787124e-02
0.70202398 5.26649296e-03
0.70398658 6.36315247e-04
0.70593872 1.51375363e-02
0.70788046 4.80736504e-02
0.70981185 9.75401486e-02
0.71173295 1.60541552e-01
0.71364381 2.33180302e-01
0.71554448 3.10905382e-01
0.71743500 3.88804703e-01
0.71931543 4.61922239e-01
0.72118581 5.25579443e-01
0.72304620 5.75679940e-01
0.72489663 6.08977694e-01
0.72673715 6.23291187e-01
0.72856781 6.17649556e-01
0.73038867 5.92361108e-01
0.73219976 5.48999580e-01
0.73400113 4.90308908e-01
0.73579284 4.20032527e-01
0.73757494 3.42677984e-01
0.73934747 2.63231918e-01
0.74111048 1.86843559e-01
0.74286403 1.18497001e-01
0.74460817 6.26931554e-02
0.74634295 2.31616055e-02
0.74806844 2.62077677e-03
0.74978467 2.60165048e-03
0.75149172 2.33462736e-02
0.75318963 6.37874878e-02
0.75487846 1.21611236e-01
0.75655828 1.93397502e-01
0.75822914 2.74831115e-01
0.75989109 3.60969123e-01
0.76154421 4.46548053e-01
0.76318855 5.26311805e-01
0.76482418 5.95339749e-01
0.76645115 6.49354597e-01
0.76806954 6.84990829e-01
0.76967939 7.00007034e-01
0.77128078 6.93429002e-01
0.77287377 6.65614737e-01
0.77445842 6.18237368e-01
0.77603480 5.54186909e-01
0.77760298 4.77396857e-01
0.77916301 3.92606306e-01
0.78071497 3.05072168e-01
0.78225892 2.20249025e-01
0.78379493 1.43456075e-01
0.78532307 7.95515040e-02
0.78684342 3.26340842e-02
0.78835604 5.79024734e-03
0.78986101 9.01847329e-04
0.79135842 1.85264186e-02
0.79284833 5.78572262e-02
0.79433083 1.16765683e-01
0.79580601 1.91923650e-01
0.79727396 2.78998506e-01
0.79873476 3.72909390e-01
0.80018850 4.68129478e-01
0.80163529 5.59016351e-01
0.80307522 6.40150752e-01
0.80450839 7.06663563e-01
0.80593489 7.54531591e-01
0.80735484 7.80824346e-01
0.80876833 7.83887165e-01
0.81017546 7.63449301e-01
0.81157636 7.20650021e-01
0.81297110 6.57980888e-01
0.81435981 5.79147281e-01
0.81574258 4.88856742e-01
0.81711951 3.92545979e-01
0.81849072 2.96062097e-01
0.81985631 2.05316596e-01
0.82121638 1.25932582e-01
0.82257104 6.29057326e-02
0.82392041 2.02991799e-02
0.82526460 9.90540011e-04
0.82660372 6.48660493e-03
0.82793790 3.68173974e-02
0.82926726 9.05167320e-02
0.83059190 1.64691512e-01
0.83191197 2.55176903e-01
0.83322757 3.56769479e-01
0.83453884 4.63525859e-01
0.83584590 5.69110255e-01
0.83714887 6.67171079e-01
0.83844790 7.51725056e-01
0.83974310 8.17526204e-01
0.84103463 8.60397637e-01
0.84232261 8.77505618e-01
0.84360719 8.67558212e-01
0.84488853 8.30914909e-01
0.84616677 7.69598724e-01
0.84744208 6.87207518e-01
0.84871462 5.88726928e-01
0.84998455 4.80253287e-01
0.85125207 3.68640576e-01
0.85251735 2.61090383e-01
0.85378058 1.64707852e-01
0.85504197 8.60492232e-02
0.85630173 3.06884214e-02
0.85756006 2.83002504e-03
0.85881721 4.99443038e-03
0.86007339 3.77978196e-02
0.86132887 9.98450042e-02
0.86258389 1.87747333e-01
0.86383873 2.96270892e-01
0.86509367 4.18612460e-01
0.86634901 5.46792924e-01
0.86760506 6.72149610e-01
0.86886216 7.85901769e-01
0.87012064 8.79756729e-01
0.87138090 9.46519249e-01
0.87264331 9.80663775e-01
0.87390830 9.78827701e-01
0.87517631 9.40185526e-01
0.87644782 8.66667537e-01
0.87772332 7.62993049e-01
0.87900337 6.36498511e-01
0.88028853 4.96752647e-01
0.88157943 3.54963913e-01
0.88287672 2.23199276e-01
0.88418113 1.13462869e-01
0.88549342 3.66548089e-02
0.88614708 1.35968374e-02
0.88681452 1.52569202e-03
0.88814519 1.37217922e-02
0.88948652 7.48894400e-02
0.89015566 1.22649956e-01
0.89083966 1.82114746e-01
0.89220565 3.27627191e-01
0.89358590 4.99073978e-01
0.89427578 5.88743750e-01
0.89532898 7.24025372e-01
0.89603555 8.10046026e-01
0.89728224 9.44087327e-01
0.89845458 1.04026195e+00
0.89900299 1.07276654e+00
0.89964330 1.09937227e+00
0.90080045 1.11430055e+00
0.90173878 1.09397948e+00
0.90287808 1.03108277e+00
0.90373952 9.57965177e-01
0.90446516 8.81607955e-01
0.90495620 8.23470117e-01
0.90594937 6.93835519e-01
0.90735854 4.95766759e-01
0.90796905 4.10267217e-01
0.90859375 3.26104609e-01
0.90990369 1.70320339e-01
0.91059588 1.04429561e-01
0.91124312 5.59261737e-02
0.91184473 2.36804272e-02
0.91258519 2.52386593e-03
0.91334752 3.34490941e-03
0.91385701 1.69851540e-02
0.91437688 4.16681272e-02
0.91504222 8.86749682e-02
0.91572557 1.53925782e-01
0.91638070 2.31056427e-01
0.91710975 3.31197070e-01
0.91803933 4.75510778e-01
0.91879110 6.00666782e-01
0.91956684 7.32236530e-01
0.91997390 8.00400926e-01
0.92038796 8.68015306e-01
0.92101710 9.65529095e-01
0.92166332 1.05647503e+00
0.92226908 1.13064121e+00
0.92272436 1.17793383e+00
0.92370149 1.25102449e+00
0.92473074 1.28096848e+00
0.92525622 1.27630138e+00
0.92633256 1.22423476e+00
0.92708323 1.15568903e+00
0.92797288 1.04408002e+00
0.92880579 9.15161563e-01
0.92953423 7.88496174e-01
0.93014657 6.76062604e-01
0.93099680 5.17809743e-01
0.93136277 4.51068389e-01
0.93213403 3.17763359e-01
0.93256092 2.50345392e-01
0.93344168 1.31463109e-01
0.93437547 4.33160350e-02
0.93510840 6.81671223e-03
0.93553396 7.25369496e-05
0.93640699 2.09006429e-02
0.93731363 9.17590609e-02
0.93778298 1.47208998e-01
0.93825531 2.14884178e-01
0.93861718 2.74093827e-01
0.93948855 4.38799181e-01
0.94000016 5.46811644e-01
0.94065359 6.92269143e-01
0.94160777 9.08861609e-01
0.94217055 1.03239758e+00
0.94289222 1.17885380e+00
0.94349052 1.28501421e+00
0.94395239 1.35474249e+00
0.94474271 1.44437622e+00
0.94556469 1.49208335e+00
0.94624147 1.49331256e+00
0.94694511 1.45704872e+00
0.94730778 1.42365329e+00
0.94786630 1.35358505e+00
0.94824890 1.29341692e+00
0.94903254 1.14334183e+00
0.94964275 1.00640591e+00
0.95006213 9.05078259e-01
0.95048652 7.98771005e-01
0.95092195 6.88005670e-01
0.95159725 5.18485570e-01
0.95230140 3.53421585e-01
0.95291235 2.27682632e-01
0.95341829 1.40546816e-01
0.95380850 8.60364111e-02
0.95433462 3.24890790e-02
0.95487884 3.64840579e-03
0.95515820 3.75297721e-06
0.95544265 4.32877472e-03
0.95602768 3.90756841e-02
0.95663582 1.11772160e-01
0.95726927 2.25127998e-01
0.95793052 3.79981736e-01
0.95844646 5.22360091e-01
0.95897635 6.83461344e-01
0.95933897 7.99695035e-01
0.95952374 8.60081726e-01
0.95990051 9.84281912e-01
0.96028744 1.11137840e+00
0.96088830 1.30192385e+00
0.96119863 1.39438860e+00
0.96162343 1.51138018e+00
0.96194888 1.59170648e+00
0.96239381 1.68593202e+00
0.96297124 1.77683134e+00
0.96332998 1.81325596e+00
0.96357462 1.82857537e+00
0.96382387 1.83598147e+00
0.96433697 1.82446980e+00
0.96460132 1.80433436e+00
0.96514684 1.73270752e+00
0.96557189 1.64997232e+00
0.96600919 1.54226157e+00
0.96630862 1.45660847e+00
0.96677188 1.30795324e+00
0.96725350 1.13719585e+00
0.96758568 1.01297247e+00
0.96792743 8.82338142e-01
0.96819044 7.81460197e-01
0.96864245 6.11296548e-01
0.96911303 4.44395627e-01
0.96940508 3.49180540e-01
0.96980677 2.32320558e-01
0.97011794 1.55377614e-01
0.97043825 9.06111602e-02
0.97088073 2.83630189e-02
0.97134247 6.89347245e-04
0.97156405 1.84581631e-03
0.97179048 1.30312423e-02
0.97222223 6.27853035e-02
0.97255861 1.27321978e-01
0.97278934 1.84343599e-01
0.97302559 2.53088475e-01
0.97326768 3.33913812e-01
0.97377079 5.32475988e-01
0.97403268 6.50139096e-01
0.97443972 8.48534927e-01
0.97472136 9.94232161e-01
0.97486549 1.07065533e+00
0.97516079 1.22955382e+00
0.97546611 1.39478396e+00
0.97578228 1.56363095e+00
0.97602712 1.69055899e+00
0.97619426 1.77432797e+00
0.97636470 1.85670583e+00
0.97662690 1.97621888e+00
0.97689746 2.08855869e+00
0.97708282 2.15803745e+00
0.97746641 2.27950777e+00
0.97776639 2.35105522e+00
0.97807796 2.40129403e+00
0.97829266 2.42065649e+00
0.97840224 2.42554850e+00
0.97862611 2.42480647e+00
0.97885663 2.40885800e+00
0.97909427 2.37622254e+00
0.97933958 2.32537762e+00
0.97952897 2.27441395e+00
0.97972329 2.21184501e+00
0.97999062 2.10960074e+00
0.98019774 2.01835672e+00
0.98033921 1.95044664e+00
0.98052006 1.85755800e+00
0.98070563 1.75588258e+00
0.98085770 1.66834666e+00
0.98101315 1.57546778e+00
0.98117217 1.47750445e+00
0.98145961 1.29499097e+00
0.98171609 1.12908028e+00
0.98193759 9.85883186e-01
0.98216677 8.40110825e-01
0.98245283 6.65055658e-01
0.98260076 5.78886604e-01
0.98280349 4.67081619e-01
0.98301291 3.60713410e-01
0.98312031 3.10298108e-01
0.98322960 2.62167657e-01
0.98345413 1.74248940e-01
0.98368720 1.00186697e-01
0.98396003 3.81549696e-02
0.98424594 4.27491549e-03
0.98446988 1.44927883e-03
0.98470280 2.15526586e-02
0.98494556 6.80891287e-02
0.98511338 1.15640195e-01
0.98528635 1.77751239e-01
0.98546487 2.55592244e-01
0.98564935 3.50332668e-01
0.98584027 4.63124708e-01
0.98603817 5.95031167e-01
0.98613993 6.68472625e-01
0.98634946 8.30779519e-01
0.98645743 9.19835940e-01
0.98668029 1.11395305e+00
0.98679542 1.21903042e+00
0.98697308 1.38660874e+00
0.98715715 1.56574758e+00
0.98728369 1.69139113e+00
0.98754676 1.95612260e+00
0.98768372 2.09442174e+00
0.98782460 2.23611375e+00
0.98804383 2.45313997e+00
0.98815729 2.56291083e+00
0.98827349 2.67295556e+00
0.98843295 2.81905361e+00
0.98859796 2.96309457e+00
0.98876896 3.10343145e+00
0.98894648 3.23774188e+00
0.98903785 3.30190491e+00
0.98913108 3.36353070e+00
0.98922624 3.42220349e+00
0.98942273 3.52931089e+00
0.98962815 3.61904112e+00
0.98973449 3.65590652e+00
0.98984344 3.68677941e+00
0.99006968 3.72667898e+00
0.99024734 3.73420374e+00
0.99043254 3.71886618e+00
0.99056055 3.69375609e+00
0.99069247 3.65546424e+00
0.99082857 3.60198273e+00
0.99089828 3.56898834e+00
0.99096915 3.53160842e+00
0.99111454 3.44239419e+00
0.99126508 3.33200551e+00
0.99142120 3.19852691e+00
0.99158334 3.03863937e+00
0.99166682 2.94793834e+00
0.99175199 2.84942336e+00
0.99183894 2.74266550e+00
0.99201847 2.50363912e+00
0.99220609 2.22903061e+00
0.99236254 1.98352970e+00
0.99248389 1.78475617e+00
0.99263016 1.53912404e+00
0.99280402 1.24545946e+00
0.99293952 1.02136618e+00
0.99303248 8.72894919e-01
0.99317615 6.56624355e-01
0.99327496 5.20316451e-01
0.99337637 3.93441128e-01
0.99348056 2.79001631e-01
0.99364253 1.37726759e-01
0.99372630 8.35404474e-02
0.99381210 4.19383534e-02
0.99390005 1.40697912e-02
0.99399031 9.41188187e-04
0.99405186 8.33431672e-04
0.99411458 7.94428308e-03
0.99421097 3.27134791e-02
0.99431035 7.52452420e-02
0.99436125 1.03519983e-01
0.99446565 1.74918504e-01
0.99455548 2.50506710e-01
0.99462937 3.22376607e-01
0.99470519 4.05204807e-01
0.99480288 5.25509198e-01
0.99492479 6.97113993e-01
0.99503071 8.65651383e-01
0.99509633 9.79287587e-01
0.99516363 1.10324099e+00
0.99525617 1.28577348e+00
0.99532783 1.43679046e+00
0.99540159 1.60102565e+00
0.99547761 1.77968043e+00
0.99560981 2.11218568e+00
0.99566481 2.25859940e+00
0.99572113 2.41340485e+00
0.99576427 2.53520534e+00
0.99580824 2.66224893e+00
0.99589878 2.93270370e+00
0.99596123 3.12588323e+00
0.99602549 3.33030443e+00
0.99607495 3.49136029e+00
0.99612555 3.65936024e+00
0.99619493 3.89491643e+00
0.99630345 4.27466244e+00
0.99637908 4.54707589e+00
0.99645760 4.83632552e+00
0.99651857 5.06520859e+00
0.99658146 5.30513318e+00
0.99662453 5.47148706e+00
0.99666858 5.64369516e+00
0.99675979 6.00602058e+00
0.99680709 6.19713209e+00
0.99688534 6.51960053e+00
0.99696704 6.86362551e+00
0.99700930 7.04554027e+00
0.99709691 7.43301574e+00
0.99718908 7.85543010e+00
0.99723706 8.08282712e+00
0.99728642 8.32451350e+00
0.99738964 8.85097717e+00
0.99744376 9.13994055e+00
0.99749971 9.45070195e+00
0.99755765 9.78396246e+00
0.99761776 1.01434537e+01
0.99768023 1.05309408e+01
0.99772878 1.08415150e+01
0.99777889 1.11693384e+01
0.99781323 1.13970077e+01
0.99784837 1.16331762e+01
0.99792118 1.21254126e+01
0.99795896 1.23803195e+01
0.99803755 1.29024873e+01
0.99807850 1.31650136e+01
0.99812064 1.34256966e+01
0.99816406 1.36804874e+01
0.99820885 1.39260811e+01
0.99825512 1.41573217e+01
0.99830299 1.43680085e+01
0.99835258 1.45518643e+01
0.99840405 1.47032282e+01
0.99843054 1.47630344e+01
0.99845757 1.48093109e+01
0.99851335 1.48594071e+01
0.99857160 1.48503498e+01
0.99860175 1.48176190e+01
0.99863263 1.47606462e+01
0.99869673 1.45769686e+01
0.99873007 1.44493438e+01
0.99876432 1.42903525e+01
0.99879957 1.40997459e+01
0.99882669 1.39355466e+01
0.99885445 1.37507712e+01
0.99889248 1.34721931e+01
0.99893179 1.31571256e+01
0.99897248 1.28053918e+01
0.99901465 1.24178972e+01
0.99905846 1.19962121e+01
0.99908101 1.17731902e+01
0.99913709 1.12110795e+01
0.99917613 1.08249655e+01
0.99921662 1.04359242e+01
0.99923745 1.02447332e+01
0.99928035 9.86912055e+00
0.99930246 9.68942569e+00
0.99934812 9.35858770e+00
0.99939582 9.05604233e+00
0.99942050 8.92676337e+00
0.99944577 8.81426461e+00
0.99947165 8.71567097e+00
0.99949817 8.63341421e+00
0.99952537 8.56809076e+00
0.99955325 8.51907869e+00
0.99958186 8.48621568e+00
0.99961120 8.46159448e+00
0.99962615 8.45230654e+00
0.99965661 8.43547580e+00
0.99968782 8.41169332e+00
0.99971973 8.36701305e+00
0.99973591 8.33370378e+00
0.99975223 8.29111530e+00
0.99976867 8.23480765e+00
0.99978520 8.16465141e+00
0.99980178 8.07834957e+00
0.99981838 7.97316358e+00
0.99983494 7.84971666e+00
0.99985143 7.70751498e+00
0.99986779 7.54610840e+00
0.99988398 7.36670102e+00
0.99990000 7.16826432e+00
0.99991269 7.00123362e+00
0.99992528 6.82317395e+00
0.99995021 6.43313459e+00
1.00000089 5.74702357e+00
1.00000268 5.75683497e+00
1.00000446 5.76817691e+00
1.00000625 5.77925623e+00
1.00000805 5.79004645e+00
1.00000984 5.80053878e+00
1.00001164 5.81069333e+00
1.00001345 5.82049941e+00
1.00001526 5.82990895e+00
1.00001708 5.83891137e+00
1.00001890 5.84746336e+00
1.00002073 5.85555418e+00
1.00002257 5.86315681e+00
1.00002441 5.87024801e+00
1.00002627 5.87679680e+00
1.00002813 5.88279065e+00
1.00003000 5.88820850e+00
1.00003188 5.89303290e+00
1.00003377 5.89724617e+00
1.00003567 5.90084325e+00
1.00003758 5.90379188e+00
1.00003951 5.90610579e+00
1.00004144 5.90775288e+00
1.00004338 5.90874020e+00
1.00004534 5.90904725e+00
1.00004731 5.90867333e+00
1.00004929 5.90760891e+00
1.00005129 5.90584485e+00
1.00005329 5.90338990e+00
1.00005531 5.90022005e+00
1.00005735 5.89635510e+00
1.00005940 5.89177195e+00
1.00006146 5.88648993e+00
1.00006353 5.88048912e+00
1.00006563 5.87378413e+00
1.00006773 5.86637861e+00
1.00006985 5.85825401e+00
1.00007199 5.84944195e+00
1.00007414 5.83992693e+00
1.00007631 5.82972345e+00
1.00007849 5.81883316e+00
1.00008068 5.80726739e+00
1.00008290 5.79503517e+00
1.00008513 5.78213158e+00
1.00008737 5.76858825e+00
1.00008964 5.75438757e+00
1.00009191 5.73956258e+00
1.00009421 5.72410506e+00
1.00009652 5.70803954e+00
1.00009885 5.69136332e+00
1.00010119 5.67410092e+00
1.00010355 5.65624689e+00
1.00010593 5.63783392e+00
1.00010833 5.61885300e+00
1.00011074 5.59932916e+00
1.00011317 5.57926676e+00
1.00011562 5.55869008e+00
1.00011808 5.53759493e+00
1.00012056 5.51600581e+00
1.00012306 5.49392857e+00
1.00012557 5.47138786e+00
1.00012810 5.44837730e+00
1.00013065 5.42493197e+00
1.00013322 5.40104317e+00
1.00013580 5.37674337e+00
1.00013840 5.35203468e+00
1.00014102 5.32693604e+00
1.00014365 5.30145015e+00
1.00014630 5.27560839e+00
1.00014897 5.24940627e+00
1.00015166 5.22286736e+00
1.00015436 5.19600457e+00
1.00015708 5.16882364e+00
1.00015981 5.14134747e+00
1.00016256 5.11357928e+00
1.00016533 5.08554366e+00
1.00016811 5.05723655e+00
1.00017091 5.02868787e+00
1.00017373 4.99990082e+00
1.00017656 4.97089161e+00
1.00017941 4.94166532e+00
1.00018228 4.91224182e+00
1.00018516 4.88263331e+00
1.00018805 4.85284622e+00
1.00019096 4.82289396e+00
1.00019389 4.79278844e+00
1.00019683 4.76254149e+00
1.00019978 4.73216610e+00
1.00020276 4.70166669e+00
1.00020574 4.67106292e+00
1.00020874 4.64035889e+00
1.00021176 4.60956682e+00
1.00021479 4.57869863e+00
1.00021783 4.54775817e+00
1.00022088 4.51676401e+00
1.00022396 4.48571980e+00
1.00022704 4.45463588e+00
1.00023014 4.42353088e+00
1.00023325 4.39239451e+00
1.00023637 4.36125104e+00
1.00023951 4.33011000e+00
1.00024265 4.29896762e+00
1.00024582 4.26784876e+00
1.00024899 4.23674202e+00
1.00025217 4.20567045e+00
1.00025537 4.17464266e+00
1.00025858 4.14365571e+00
1.00026180 4.11271886e+00
1.00026503 4.08184627e+00
1.00026827 4.05104666e+00
1.00027152 4.02031645e+00
1.00027479 3.98966409e+00
1.00027806 3.95910359e+00
1.00028134 3.92863630e+00
1.00028464 3.89827016e+00
1.00028794 3.86801281e+00
1.00029125 3.83786564e+00
1.00029457 3.80783599e+00
1.00029790 3.77793101e+00
1.00030124 3.74815173e+00
1.00030458 3.71850471e+00
1.00030794 3.68900258e+00
1.00031130 3.65963994e+00
1.00031467 3.63042362e+00
1.00031804 3.60135918e+00
1.00032143 3.57245883e+00
1.00032482 3.54371081e+00
1.00032821 3.51513277e+00
1.00033162 3.48672426e+00
1.00033502 3.45848512e+00
1.00033844 3.43042660e+00
1.00034186 3.40254218e+00
1.00034528 3.37484859e+00
1.00034871 3.34733360e+00
1.00035215 3.32001351e+00
1.00035558 3.29288176e+00
1.00035903 3.26594297e+00
1.00036247 3.23920698e+00
1.00036592 3.21266710e+00
1.00036937 3.18633305e+00
1.00037283 3.16020347e+00
1.00037628 3.13427704e+00
1.00037974 3.10856294e+00
1.00038320 3.08305422e+00
1.00038667 3.05776508e+00
1.00039013 3.03268329e+00
1.00039360 3.00782271e+00
1.00039706 2.98317623e+00
1.00040053 2.95875222e+00
1.00040399 2.93454362e+00
1.00040746 2.91055846e+00
1.00041092 2.88679958e+00
1.00041438 2.86325493e+00
1.00041784 2.83994204e+00
1.00042130 2.81684877e+00
1.00042476 2.79398741e+00
1.00042822 2.77134584e+00
1.00043167 2.74893130e+00
1.00043512 2.72674608e+00
1.00043857 2.70479231e+00
1.00044201 2.68306262e+00
1.00044545 2.66155905e+00
1.00044888 2.64028369e+00
1.00045231 2.61924296e+00
1.00045573 2.59842483e+00
1.00045915 2.57783564e+00
1.00046256 2.55747703e+00
1.00046597 2.53734165e+00
1.00046937 2.51743987e+00
1.00047276 2.49775991e+00
1.00047615 2.47831192e+00
1.00047953 2.45908847e+00
1.00048290 2.44009077e+00
1.00048626 2.42132004e+00
1.00048961 2.40277310e+00
1.00049295 2.38445095e+00
1.00049629 2.36635044e+00
1.00049961 2.34847671e+00
1.00050293 2.33082216e+00
1.00050623 2.31338754e+00
1.00050952 2.29617381e+00
1.00051280 2.27918151e+00
1.00051607 2.26240319e+00
1.00051933 2.24584743e+00
1.00052258 2.22950277e+00
1.00052581 2.21337758e+00
1.00052903 2.19746434e+00
1.00053224 2.18176331e+00
1.00053543 2.16627483e+00
1.00053861 2.15099521e+00
1.00054177 2.13592452e+00
1.00054492 2.12105914e+00
1.00054806 2.10640314e+00
1.00055118 2.09195266e+00
1.00055428 2.07770368e+00
1.00055737 2.06365604e+00
1.00056044 2.04980600e+00
1.00056349 2.03615723e+00
1.00056653 2.02270591e+00
1.00056955 2.00945162e+00
1.00057255 1.99639032e+00
1.00057554 1.98352170e+00
1.00057850 1.97084541e+00
1.00058145 1.95835708e+00
1.00058438 1.94605279e+00
1.00058729 1.93393940e+00
1.00059018 1.92200895e+00
1.00059305 1.91025723e+00
1.00059590 1.89869086e+00
1.00059873 1.88730208e+00
1.00060154 1.87608993e+00
1.00060433 1.86505387e+00
1.00060709 1.85419304e+00
1.00060984 1.84350300e+00
1.00061256 1.83298286e+00
1.00061527 1.82263166e+00
1.00061795 1.81244508e+00
1.00062061 1.80242556e+00
1.00062325 1.79256876e+00
1.00062586 1.78287331e+00
1.00062845 1.77333480e+00
1.00063102 1.76395570e+00
1.00063357 1.75473473e+00
1.00063609 1.74566375e+00
1.00063859 1.73674511e+00
1.00064107 1.72798075e+00
1.00064352 1.71935965e+00
1.00064595 1.71088993e+00
1.00064835 1.70256081e+00
1.00065073 1.69437714e+00
1.00065309 1.68633454e+00
1.00065542 1.67843136e+00
1.00065773 1.67066626e+00
1.00066001 1.66303754e+00
1.00066227 1.65554051e+00
1.00066451 1.64817668e+00
1.00066672 1.64094150e+00
1.00066890 1.63383665e+00
1.00067106 1.62686055e+00
1.00067320 1.62000810e+00
1.00067531 1.61327769e+00
1.00067739 1.60667086e+00
1.00067946 1.60018271e+00
1.00068149 1.59381152e+00
1.00068350 1.58755869e+00
1.00068549 1.58141957e+00
1.00068745 1.57539520e+00
1.00068939 1.56948091e+00
1.00069131 1.56367788e+00
1.00069308 1.55833741e+00
